1.145170791343647215e-01 1.168189852449730504e+00
-1.503924182882867333e+00 4.737820370062403308e-01
-1.533937889590532455e+00 7.963240014498383923e-01
-5.542046683684490604e-01 4.709260181940955747e-01
8.362958152886328378e-01 4.200136983761105780e-01
-1.086532084965055711e+00 1.220296456992614686e+00
-1.091162195240435562e+00 7.971171409734184587e-02
6.873188579966100775e-01 -7.965709343629495676e-01
4.806561928513248261e-01 -6.837952869503144404e-01
-1.297838271163642254e+00 9.817426605966910191e-01
1.649615803006869164e-01 -5.167941211709996541e-01
2.488042279821887637e-01 -1.648764477546818652e+00
-1.481475277837332127e+00 -3.094639575397710174e-01
1.841513353349666149e+00 -3.693839389885341523e-02
-1.623804751641009458e+00 8.830023559099776653e-01
1.177525808740061741e+00 9.613383031862126060e-01
3.144070407449633953e-01 4.738385341980931864e-01
-1.098862807170054356e+00 7.560691198147886372e-01
1.313066835727608739e+00 9.272654685269304808e-01
-5.410544739248732693e-01 3.062777986722757806e-01
