301
304
300
300
305
301
299
304
302
298
303
303
298
301
304
299
300
301
299
304
302
298
303
304
299
301
304
300
300
305
301
299
304
302
298
303
303
298
301
304
299
300
304
299
298
303
301
298
304
303
298
302
304
299
302
305
300
300
305
303
300
306
303
300
304
305
300
302
305
301
302
306
302
300
305
303
300
304
304
300
303
305
300
301
305
301
299
304
302
297
302
301
296
301
302
296
299
302
298
298
302
299
297
302
302
298
302
304
300
301
305
300
302
306
302
300
305
303
299
303
303
297
302
303
297
299
304
299
299
304
299
297
301
300
297
300
301
296
299
300
296
295
300
297
295
302
300
296
301
302
297
300
302
297
299
303
299
298
303
300
297
303
302
297
300
303
298
300
304
299
299
304
300
298
304
302
298
303
304
299
302
305
300
301
306
301
300
305
303
300
304
304
299
303
305
300
301
305
301
299
305
302
299
304
303
299
303
304
299
301
305
300
300
305
301
299
304
303
