303
302
299
304
303
299
303
304
299
301
304
300
300
305
302
299
304
303
299
303
304
299
302
305
300
301
305
301
300
305
302
299
304
303
299
302
304
299
301
304
300
300
304
301
299
304
303
299
303
303
299
301
304
300
300
305
301
299
304
302
299
304
304
299
302
304
300
301
304
301
300
304
302
299
304
303
299
302
304
299
301
304
300
300
304
301
299
304
303
298
303
304
299
302
305
300
301
305
302
300
305
303
300
305
305
300
303
305
301
302
306
301
300
305
302
299
305
303
298
302
304
299
301
304
299
300
302
298
297
302
303
297
302
302
297
300
301
297
299
302
297
297
303
300
298
303
302
297
302
304
299
301
304
300
300
305
302
300
304
303
300
304
305
300
302
305
301
301
305
302
300
305
303
299
304
304
299
302
304
