303
301
303
304
302
302
304
302
302
304
302
301
303
303
301
303
303
301
302
304
302
302
304
302
301
303
303
301
303
303
301
302
303
302
302
303
302
301
303
302
301
303
303
301
303
304
302
303
304
303
302
304
303
302
303
303
302
303
304
301
302
304
302
302
304
302
302
303
303
301
303
303
301
303
303
301
302
303
302
301
303
302
301
303
303
301
302
304
302
302
304
302
301
303
302
301
303
303
301
302
303
301
302
303
301
302
304
302
301
303
303
301
303
303
301
302
303
302
302
304
302
301
304
303
301
303
303
301
303
303
301
302
303
302
301
303
302
301
303
303
301
303
303
301
302
303
301
302
303
302
301
303
302
301
302
303
301
302
303
301
302
304
302
301
303
302
300
302
302
300
302
303
301
301
303
301
302
304
307
308
312
312
307
305
305
303
304
305
303
301
303
300
299
301
300
299
300
301
299
300
301
299
300
302
300
299
301
301
299
302
302
300
301
303
301
301
302
300
300
302
301
299
301
301
300
302
302
300
302
303
301
301
303
302
301
303
303
301
303
304
301
303
304
302
302
304
303
302
304
303
302
304
304
302
304
304
302
303
304
302
302
304
303
302
304
303
302
303
304
302
303
304
302
302
304
303
302
304
303
302
304
