2.716606105039632291e-01 5.105901011971440973e-01 -1.283447550485361001e-02 2.116104772611071549e-01 -8.446925800048610267e-02 3.973504353419702873e-01 1.004817896216438911e-01 -1.301750841079506449e-01 -1.966930606975114959e-01 -2.210627970246329399e-01 -1.052742896542973178e-01 -5.474431830206409888e-01 -1.898244232989246549e-01 -3.346363647482955561e-01 5.112139887871234301e-01 1.285863490985066082e-01 1.047108473514865440e-01 1.628553933618302196e-01 2.465144184030550467e-01 1.987957022004963603e-01
2.142644471597770772e-01 1.271547077134119741e-01 -2.776419383157749943e-01 -8.486894682785042776e-02 1.961283724756013314e-02 -4.877208912870631408e-01 -7.305160576352508206e-02 2.941656002937393377e-01 2.281463866884000102e-01 -2.946035327949778071e-01 -6.881900397538123770e-02 -1.905546290188533665e-01 1.300208699540651713e-01 8.059350674179477370e-02 -6.071805276800601447e-02 2.722837789468979253e-01 6.539796434445430129e-02 -2.117874747654477363e-01 2.997635908623505485e-01 -1.584544299635398390e-01
8.144949954205489649e-04 -2.827850244168380045e-01 -2.601831278311190210e-01 -2.055184015615657556e-01 5.903507972555097766e-02 -7.161132622563762817e-01 -2.360586519712660203e-01 5.042669019112304696e-01 2.719655835580815917e-01 -2.941420905942045971e-01 3.619347008620162343e-01 1.289880163572599825e-01 -1.217906043545454418e-02 2.856940952918749638e-02 -6.132220879542014114e-01 1.388186305003875354e-01 2.524284003063889670e-02 -2.450264467840447546e-01 1.090123816489415587e-01 -1.681329182042630155e-01
-1.078337665799127265e-01 -2.384905651950852135e-01 -1.759691802174478681e-01 -3.114736278646781237e-02 1.611471074920299285e-01 8.718989933763699515e-04 -5.273839140327787889e-02 -6.120088708487150114e-02 1.899889635512497232e-01 -7.637705188606778994e-02 -1.144641623774473316e-01 -3.909060136890923909e-02 4.928304050278225351e-02 -1.639355381574743031e-01 3.499471743536290008e-02 2.377780503260298883e-01 4.649474516113669131e-02 -2.777506341194759254e-01 -1.230706973713007468e-01 -1.026443663612117418e-01
-1.802516152749646938e-01 -9.077274274898708417e-02 -2.965331775061208486e-01 1.573591031543894458e-01 1.199569071403871756e-01 -2.910046726303143760e-01 1.579204465747638397e-01 -5.000141317344067998e-02 -6.280435569076905922e-02 -4.958909496569817443e-02 2.105822310779358331e-01 -1.851535452019258399e-01 -2.083182844709772497e-01 -5.344960823876228340e-02 -2.602170195858602986e-01 7.605978318948980466e-02 1.209405497670760360e-01 -1.936816235913592088e-01 -1.161858174860875836e-01 -8.641363112935696034e-02
1.595433705897173204e-01 -2.396476169999424977e-01 2.924592172949943766e-02 -1.212492179070649850e-01 -1.042577198068227358e-02 -2.732547226539278062e-01 1.383262204915853277e-01 2.997263001126010407e-01 1.508253149503748503e-01 -3.106588182453497438e-01 2.557909212933445198e-01 -1.464224259286208418e-01 -1.608723745600789540e-02 -8.094056051042498867e-02 1.663248053710218027e-02 1.955465782241188610e-01 9.012654008193228539e-02 -1.954994404945649411e-01 -6.136701839275680165e-02 4.826490180246136713e-02
-1.331206120224898426e-01 -1.333995328271115333e-01 -3.437405675018724294e-01 -2.211424158160467113e-01 -2.013045058040598967e-01 -3.746421854025251963e-01 -2.055706459111755202e-01 9.367568307599385968e-02 1.252678929195824853e-01 -9.476924581549292514e-02 -7.195742272506015780e-02 3.066325750382053756e-03 1.590077269089385653e-02 -1.081609084815433747e-01 -1.817910712349532498e-01 -4.196967243161788680e-02 1.359489276573246364e-01 -3.103928181105027884e-01 -6.802369121555118352e-03 -9.236051016341698117e-02
9.540321065816023682e-02 -9.565525360760016027e-02 -2.016481318915518128e-01 -1.063294202615794048e-01 -1.298137361532604450e-02 9.455736023597137441e-02 1.157234807769774859e-01 -4.247694765318012211e-02 6.113056482248623025e-02 -1.904216896711771745e-02 1.484668589557583129e-01 -5.243490614999886390e-02 -5.505200282315342308e-02 1.027661911338444700e-01 -7.503855802189053625e-02 -6.329972532959989018e-02 -3.494728566211419141e-02 1.264083374097927370e-01 -1.033127735501521566e-01 -3.473379217833543614e-02
7.431162216319879554e-02 -2.218891706021531782e-02 -1.911639426943318176e-01 -2.117720956743666949e-01 9.201869451644381637e-02 -4.143910497564781692e-03 -2.058133190472856699e-01 -5.424517133787592343e-02 1.267585292744981829e-01 -2.473437900049382104e-02 3.783038451139938280e-02 -1.839636253230404750e-01 5.486685487280584805e-02 -1.862703221949233920e-02 5.105677865842281338e-02 1.541501234032518763e-01 -1.099952512493627826e-01 7.826909806487225563e-02 -3.427191225850698825e-02 1.796983387212685856e-01
-1.569919641217530082e-01 1.524444689878461101e-01 -2.622680285988663873e-01 -1.165867184019329372e-01 3.463786027050326771e-03 -4.033108643666045989e-02 -3.621390669393238088e-02 -1.202565989746518793e-01 -6.566959303562640293e-02 -1.724171474554098693e-01 1.255456486027908825e-01 1.501523184732491134e-01 3.185762275135695099e-02 -2.056807945062285037e-01 9.439163915906780000e-02 -5.356008048270637784e-02 -8.023104594950455914e-02 -2.507709108596949468e-02 -6.783218096406716524e-02 1.510189400637791668e-01
-8.509769083092111330e-02 -4.415999250206476684e-02 -1.438310368299315078e-01 3.177399674197099212e-03 5.575194937357628305e-02 1.865717611343961635e-02 -4.638713567641269964e-03 -1.786306176553106168e-02 6.531471202802097142e-02 -1.006162693440307287e-01 1.109344206989469478e-01 5.578347247411098025e-02 -1.269823061969843903e-01 -4.558663463560507639e-02 4.624065164526652144e-02 -9.348713727059236589e-02 9.372958444333862049e-02 -6.197769131668287579e-02 9.539833526025977284e-02 -1.522869558504437171e-01
5.300275492775250452e-01 1.429620989612026272e-01 -1.123852002312429876e-01 1.297611675210532389e-01 2.728409879491052736e-01 4.442610625231487864e-01 -1.735041993755726264e-01 -1.722355438568701769e-01 -3.988626502085740322e-01 -8.234483657852785521e-02 -9.662024458894355461e-02 -6.630771217959325892e-01 -2.823459267679405693e-01 -2.983720479275927540e-01 4.676168744001597544e-01 4.894073963932580873e-01 6.618072052232619462e-02 2.992796165284599685e-01 2.747529524527424494e-01 2.176751015691208713e-01
2.338900485862976941e-01 2.780215792550307374e-01 1.300863463554516597e-01 -9.304017988093261915e-02 -1.354592605723211052e-01 2.690601033766560346e-01 2.556903661533295180e-01 -4.452477315166654750e-03 -5.442781459182197135e-02 1.971566452594919472e-01 -1.897490355269424167e-01 -1.101590086649391204e-01 -8.724888229540986306e-02 -3.226110591735686928e-01 2.543946795476014211e-01 6.417875278332002553e-02 -6.056475832385760372e-02 1.434428599304978513e-01 2.767203269612255045e-01 4.518620377437249785e-02
6.986223560253480847e-02 2.769745505394289320e-01 -1.044001501265078014e-02 -7.680139316797196525e-02 1.773612147839602748e-01 1.022850712064701101e-01 1.874749529982667751e-01 -1.425398065742384257e-01 4.160447141056856230e-02 -2.908615377903100291e-02 -1.617647330427753327e-01 -2.586116827334527524e-01 1.932443920693530381e-01 -1.554712243768791580e-01 6.367951865559705327e-02 5.503699404619474128e-02 -7.083942831968899345e-02 -4.280325783967888625e-02 -1.868292059729706814e-02 -1.327747160324954934e-01
1.642174356966057402e-01 6.230253409164796669e-02 8.792783853640315228e-02 1.338041077321145689e-01 1.012220280383019644e-01 1.849528375976590422e-01 -1.485762098287042067e-02 2.184183147010069354e-02 -1.674116662886146190e-01 6.569285145737592535e-02 -1.479005293785200410e-02 -1.426559617109789402e-01 2.076010544821229042e-01 4.010332452775089256e-03 4.290573344414769230e-01 2.666575762475454914e-01 8.092127588063478816e-02 1.479986351105072317e-01 1.683838716937160473e-01 -5.296857450763544500e-02
-6.626829621103820511e-02 -1.412052910989973764e-01 -1.680711084758252094e-01 -1.863864293013855200e-01 7.300839716870188845e-02 -1.299947052721628638e-01 1.234204803723205485e-01 5.823746012855168797e-02 1.761355497953839278e-01 -6.604081284612527136e-02 1.598377925106212460e-01 -5.841790002842159324e-02 -7.731573748721425055e-02 -2.016458412112701049e-01 2.085871897224634564e-01 1.527303142746050391e-01 -5.965732404258538429e-02 3.632054302510758642e-03 -2.494996873744492749e-02 -1.844457798872694287e-01
-9.007168965551400411e-03 1.482574139640932265e-01 1.366143121134342185e-02 1.412434324620493731e-01 -7.396069027604235124e-02 1.791708919310404380e-01 1.375305932222866678e-01 -1.091701929948881850e-01 -2.529247663119160161e-01 3.275915753805918040e-01 -1.917551815036477036e-01 -3.018377582066505416e-01 1.026233107011904899e-01 -3.668176020597378462e-01 4.851931247927456226e-01 -2.229272198307167413e-02 6.615947180116529824e-02 3.115595127987453861e-01 -7.236325599528325991e-02 2.171258892188823730e-01
4.369582206197962782e-01 2.823898339221276865e-01 3.709818327647989439e-02 2.600566965085920890e-02 -8.477423927585828189e-02 5.513726741246526286e-01 6.377735565087304381e-02 -1.345494124145977244e-01 -2.873829192331126547e-01 1.027134792486988635e-01 -1.674096063506060328e-01 -2.370024049881440942e-01 1.550010724602036982e-01 -4.563975189393119081e-01 3.381216027275378844e-01 2.100120756190833049e-01 -2.787446181136835066e-02 4.783862776274032669e-01 3.324296949652219557e-01 6.391793538609921721e-02
2.839263281912258186e-01 1.846555977484789224e-01 -6.722682291240300589e-01 2.637091314362834463e-02 -7.685749611723462216e-03 -3.110546033954402212e-01 2.332690973381292693e-02 1.070811121736719579e-01 4.823477505380135283e-02 -6.662095049346344888e-01 -2.721603327193187691e-02 -7.514669787322688643e-01 -6.463121611453943871e-02 -4.995374773570860349e-01 2.792529641518058381e-01 4.480134357277085200e-01 -5.858305657178062426e-02 6.305431193849057869e-02 6.391419233740534001e-01 6.008947906145153950e-02
