303
300
303
303
301
302
304
301
302
305
302
301
304
303
301
303
303
300
303
304
301
301
302
300
304
303
300
303
303
301
302
304
301
302
305
302
301
304
303
301
303
303
300
303
304
301
301
304
301
301
304
302
300
303
303
300
303
304
301
302
304
302
302
305
303
301
304
303
301
303
303
301
302
304
301
301
304
301
300
303
301
300
302
302
299
302
303
300
301
303
301
300
304
302
300
303
302
300
303
303
300
302
304
302
302
304
302
301
304
303
301
303
304
301
303
304
301
302
304
302
301
304
302
300
303
303
300
303
303
301
301
304
301
300
303
302
300
303
302
299
302
302
299
301
303
300
300
303
301
300
303
302
300
302
303
300
301
303
300
301
304
301
300
304
302
300
303
303
300
302
304
301
302
304
301
301
304
302
300
303
303
300
303
304
300
302
304
301
301
303
301
300
303
302
300
303
303
300
302
303
300
301
303
301
300
303
302
300
303
303
299
302
303
300
301
303
301
300
303
302
300
303
303
300
303
303
300
302
303
301
301
304
302
301
304
302
300
302
303
300
302
303
300
301
304
301
301
303
302
300
303
303
300
302
304
300
301
303
301
301
303
301
299
303
302
300
302
303
300
301
303
300
300
304
301
300
303
302
300
303
303
300
302
304
300
301
304
301
300
303
302
300
303
304
302
305
306
304
306
311
311
312
313
309
305
307
306
303
303
303
300
300
301
299
299
301
298
298
301
300
297
300
300
298
299
301
298
299
302
299
298
302
300
299
301
301
298
300
302
299
299
302
300
299
302
300
299
303
302
300
302
302
300
