305
302
303
305
303
303
305
302
304
305
302
303
305
302
302
304
303
301
304
303
301
303
304
301
303
305
302
303
305
303
303
306
305
304
306
307
304
306
308
305
305
308
305
304
307
305
303
306
306
303
305
305
302
302
304
301
300
303
300
298
301
300
297
299
300
296
298
299
296
296
299
297
295
299
298
295
298
298
296
298
299
296
297
300
298
297
300
299
297
300
300
297
299
300
298
299
301
299
299
302
300
299
302
302
299
302
303
300
301
303
300
301
303
301
300
303
302
299
302
303
300
301
303
300
300
303
300
300
303
301
299
303
303
300
302
303
300
301
303
301
300
303
302
300
303
303
300
302
303
300
301
304
301
301
304
302
301
305
304
302
306
304
303
305
310
311
316
317
310
307
307
306
304
306
305
300
303
303
299
299
302
299
297
299
298
296
300
299
296
298
299
295
297
299
296
297
300
298
297
300
300
298
301
301
298
300
302
299
299
302
300
299
302
301
299
302
302
299
301
303
300
301
303
301
300
304
302
300
304
303
301
303
304
301
302
304
302
301
304
302
301
304
303
301
304
304
301
302
304
301
302
304
301
300
303
302
299
303
302
299
301
303
299
301
303
301
300
303
302
300
303
303
300
303
304
301
302
305
301
302
304
302
300
304
302
300
303
303
300
302
304
301
301
304
302
301
304
302
300
303
303
300
302
303
300
301
304
301
300
303
302
300
303
302
300
302
304
300
301
304
301
300
303
301
299
302
301
298
301
301
299
301
303
300
301
303
301
301
304
303
301
304
304
302
304
305
302
302
305
302
301
304
302
300
303
302
300
301
302
299
300
303
300
300
302
301
299
302
302
299
302
303
300
302
304
301
301
304
301
300
303
302
299
302
302
299
