-9.163375839704858139e-01 1.599229285278271240e+00
7.920590629991779430e-01 1.345898593592080417e+00
1.452826206321556679e+00 1.236157586267312203e+00
9.538662940748919850e-01 -2.044338835885699535e+00
-1.431605549763040441e+00 -1.101314674308181418e+00
3.211048394298066100e-01 -2.032722893071492010e+00
-1.497393838205979710e+00 1.019102578892209197e-02
-1.848885508773902675e+00 -6.547285670538782743e-01
-1.107775349636095585e+00 -1.348977192542924142e+00
-7.386926235729327495e-01 1.586837466523422391e+00
-1.061408194106352898e+00 5.320657101792646282e-01
9.444088026529350310e-01 6.342695618260563162e-01
-1.257271547285078617e+00 -5.350134250054066065e-01
-8.994240595313051090e-01 1.171699435188353622e-01
1.873991324815052151e+00 -1.200580509611312463e+00
2.132823866353172337e-01 -1.790318627366873860e+00
-5.101370650758748626e-01 1.878941836469035787e+00
1.620807574539188112e+00 -1.549201594594743936e+00
1.397307386205939750e+00 9.319630884825291783e-01
1.681098704348305439e+00 -2.258578771864548362e-01
-2.967191077831130008e-01 1.517170124214691107e+00
1.565273867970688459e-01 9.796617366965313378e-01
-1.297472659520394700e+00 -1.656580731541774432e+00
-2.456639390645819487e-01 -6.469376291668812451e-01
3.454704656626644832e-02 -5.533836502672222490e-01
1.455547103101433093e+00 8.710398390470022179e-01
-4.557157122110205849e-01 -1.455048980760456745e+00
8.521314616298587552e-01 9.532962166687382333e-02
-1.380131753915106119e+00 -1.887883344695588717e+00
4.594819211020054195e-01 9.921761014051987126e-02
3.149448970534903802e-01 -4.064547813272575971e-01
-1.382680924111436838e-01 -3.660500407631422926e-01
-1.643321840903521736e+00 2.099690281943198400e-01
-1.526642327407349509e+00 7.624256946610945551e-01
