305
301
303
298
299
303
299
298
303
299
304
304
299
302
304
299
300
304
300
299
303
301
297
302
302
297
301
303
298
299
303
299
298
303
300
297
303
301
297
301
303
298
301
304
299
300
304
300
299
304
302
299
303
303
299
302
304
300
301
305
300
299
304
301
298
303
302
298
302
303
298
301
304
299
299
304
300
298
303
301
298
302
302
297
301
303
298
299
304
300
298
304
301
298
303
302
297
301
303
298
300
304
300
300
304
301
299
304
302
299
303
304
298
302
304
300
300
305
301
300
304
302
299
304
304
299
303
304
299
301
305
300
299
304
301
298
303
302
298
302
303
299
301
304
299
300
304
301
299
304
302
298
303
303
298
301
304
299
301
306
302
302
306
302
299
303
302
298
301
303
298
299
302
297
297
302
300
299
304
302
299
304
305
300
303
305
299
300
304
301
300
304
301
299
304
303
299
303
304
299
301
304
300
300
304
301
298
303
302
298
303
303
299
302
304
299
300
305
301
299
304
302
299
303
303
299
302
304
299
301
305
300
300
305
302
300
304
303
299
303
304
299
302
305
300
300
304
300
299
304
302
298
302
302
298
301
304
298
299
303
299
298
304
300
298
303
302
298
302
