-2.723190074386228066e-01 -1.567330193939682648e+00
-8.237835082507057871e-01 -1.394512185820822925e+00
1.517406423542466465e+00 1.139469167630777768e+00
-3.411691126971604093e-02 -7.522468859798306928e-01
2.680573356938725088e-02 -1.106650886664307804e-01
-8.330548610178857283e-01 -1.179685913719765722e+00
3.904159879601629690e-01 1.222731060444937512e+00
-2.849938909399287734e-01 2.265605723263200422e-01
1.120739870435040642e+00 -1.467416099293787024e+00
1.366451919842376350e-01 -1.081680451811379701e-01
1.178432452081528359e+00 5.021805882022267742e-01
-2.286847319531224887e+00 -1.610544514085435530e+00
3.029502641959296749e+00 1.275164065525040247e+00
1.642513230145795644e+00 1.496169743433438448e+00
-9.717896671705280598e-01 -2.118822852761058917e-01
-1.489241509717625478e+00 -2.232322926773973926e+00
1.533201820204942445e+00 -1.308870261413050073e+00
9.782904250890941400e-01 8.548625635341009499e-01
6.006202603574094523e-01 1.652912399191420523e+00
