-4.280284620742433876e-01 -4.436790386519129381e-01 -2.843476056885768655e-01 -2.617623312503199462e-01 -7.783210029504320504e-01 -1.540903933980646845e-01 -2.894646442605517400e+00 -1.131683680693372357e-01 -6.114839629658030518e+00 -3.094100765847122014e-01 2.688760621045320209e-01 3.606591487275272456e+00 1.015507758894192314e+00 4.316475694435213839e+00 -7.344498638523668799e-01 -4.703905290348426305e-01 -3.531152071289028749e-01 6.363393086735149584e-01 5.802086962922704538e-01
-3.243756230754129000e-01 -2.632508853531431714e-02 -1.309934683022549728e-01 -3.961470551347150426e-01 -3.721802833863878668e-01 -1.676576597751054942e-01 -1.081382828528468565e+00 -3.127772851964811252e-01 -1.948397049028466110e+00 -1.234063707176370761e-01 1.615094619476651044e-03 2.783134731522934668e+00 1.748979959547705409e-01 3.032405508424744323e+00 -2.610629887716735542e-01 -4.969940799177293700e-01 -4.384309483240488303e-01 3.570883155987062407e-01 -3.604807924673009839e-03
-4.391436696096732151e-01 -6.264046125852647251e-02 -7.205082741276412628e-02 3.889109717191791687e-02 4.806334615335247640e-02 -2.351767355760672751e-02 -3.394466546028279130e-01 1.251915784818479205e-01 -4.825316280423059823e-01 -1.171934091367480418e-01 -1.433187250455873968e-03 1.358312604447243999e+00 5.796779472267631420e-03 1.603616520364211429e+00 -2.730196584927646053e-01 -1.422423971902379014e-01 -1.402906951041091310e-01 -1.101681039473040441e-01 5.289586144740611451e-02
-1.704072789914002628e-01 -5.646508440990298527e-02 8.319524503680736371e-02 -4.963233138363341845e-02 1.415172918673221480e-01 4.062197661733285385e-03 -7.893613060185886154e-02 2.340757287819839744e-02 -2.153885862639647875e-01 -2.198068007339226693e-01 9.189682672657698004e-02 7.112831461813489131e-01 1.197382433781558342e-01 6.004277024397964846e-01 1.329537220128608199e-01 3.836460154733581374e-02 8.405056428295065718e-02 1.650253284362539485e-01 8.298599633302464196e-02
6.964503962144821814e-02 -5.834474738805573660e-04 9.809061034651977984e-02 -1.472327616758448698e-01 1.010909304947406051e-01 -4.213008189265165376e-02 4.756488825957291833e-02 -3.296646095366172202e-02 -5.217723009542180046e-03 -2.047130717115343002e-01 -1.727153118346604344e-01 5.043353439759048484e-01 -2.177865046802087996e-03 5.350557385046764702e-01 1.562978340807670841e-01 2.594499717209761483e-02 -1.259537429163870570e-02 -1.006528185093653605e-01 -1.532430859180130833e-01
1.142297401182041094e-01 1.501214618298604142e-01 1.052621524263927799e-01 7.367722993425085409e-02 -4.128588325231324907e-02 -8.283345360398716717e-02 -1.910412358373732855e-01 -3.380422565569621285e-02 -5.060487785556282148e-02 1.603589305069721416e-01 1.766441431449407573e-01 4.827032512056092517e-02 -1.598579366399816570e-01 2.030008495718274575e-01 8.245017823185551986e-02 -1.978558482108720706e-01 -3.160051489160806831e-02 8.286134199861422411e-02 -1.814430507168708906e-01
1.602232053932107214e-01 1.827032997786384172e-01 8.600758847267303553e-02 -1.717443790155193384e-01 -1.755258281527117548e-01 -5.904393038337654720e-02 -2.030634718027155006e-01 -6.306938890789307028e-02 -2.276072129618006701e-01 1.848930051418490872e-01 1.288994509161677238e-01 -1.263579136634721545e-01 1.580817760209373146e-01 -6.515317949095565664e-02 -1.229324835972835234e-01 6.390010556517777829e-02 1.696147734340965330e-01 -1.473268754591182672e-01 -1.945082306607188449e-01
-5.452683040007609561e-02 -1.922333716235000434e-01 3.998105469178755977e-02 1.427341294680938844e-01 -1.290488225108653575e-01 -1.558418316427231665e-01 -7.639515518934608673e-02 1.828371001286069886e-01 -1.774958239461129073e-01 1.851416877723289778e-01 -5.472678965214403113e-02 2.514066904003443848e-03 -8.216388024596280037e-02 1.900549775685959064e-01 1.792920604944906460e-01 5.272073653214953692e-02 -1.280478017122116396e-01 2.003715979964366123e-01 -1.563940324434072715e-01
1.305242794908182020e-02 -1.417024055256013715e-01 1.523509730693068387e-01 1.701504241162221098e-01 1.149853814058401369e-01 -8.071330339815893651e-02 -1.316215280861092740e-01 9.640190560379174878e-02 -1.455407029832683774e-01 -4.448418902083826898e-02 -1.781583354245486750e-01 -3.005421205641518184e-02 -1.912181264680611892e-01 -3.597801409853773613e-02 -1.807679572377927091e-01 -4.632276333113305444e-02 5.667979278868862103e-03 1.030047218448057189e-01 -1.380703685587266749e-01
-4.257847863176916769e-02 5.104431118564557723e-02 -1.710683233507094836e-01 -2.691227201423253279e-02 -5.863143400955214690e-02 1.753745841110940784e-01 -2.021384658933656209e-01 -3.999464955705492319e-02 -8.684558400416729496e-02 8.386023412944126898e-02 -6.974845704978741012e-02 -4.893435725981282874e-02 -8.204428067554667137e-02 6.739845420283498145e-02 1.720116795781661545e-01 1.100332597722190608e-01 -9.791660456720358008e-02 2.905514985880019302e-02 7.976603869372769773e-02
8.489222286382563931e-02 -2.893938373733339481e-02 -5.213564840927459310e-02 9.300525389392919062e-02 -3.908206459057331217e-02 -1.130491091246952629e-01 -6.856777161064010750e-02 1.652505039377442642e-01 -2.505787512954385510e-01 -3.647842676180083898e-02 6.069917894632705091e-02 1.958362551541176222e-01 -1.173443016462231425e-01 3.060189339139463005e-02 6.215447974701483747e-02 2.255252346410742403e-02 -2.222244588065191151e-01 -6.902191061175330655e-02 1.161679348848611015e-01
2.253989927248817998e-02 1.061977488564332800e-02 -1.484028245552946323e-01 7.028312770849626245e-02 -2.361659964524506425e-02 6.063132317549389805e-02 5.366068336066071032e-02 -1.155284755230837207e-01 -3.109203653371639398e-03 -1.066671307388537271e-01 1.986319931352075741e-01 2.446399985766065099e-02 1.582571518365344931e-01 1.629625228895129063e-02 -1.143375382168075050e-01 -1.126615930006264615e-02 1.060062105394872153e-02 -2.990878523947295559e-02 -1.503343858433188185e-01
-1.081147888323581718e-01 -8.914290908073593811e-02 9.854380448876076670e-02 1.596482096575318477e-01 3.403725016676789616e-02 -1.891764060772630485e-01 1.000060901166488214e-01 -8.045044991815078483e-02 -1.001430333502774661e-01 6.167834576780098152e-03 -9.879556402782525837e-02 2.235530697025659430e-01 -1.340750119126470630e-01 2.907173200364473326e-02 -8.973440380011889206e-02 1.083846321626639238e-03 2.263647461315691778e-02 5.473694895515918146e-02 1.552621991784077296e-02
-4.658671282119945800e-02 5.292863373176180664e-02 -4.131718364684985878e-02 1.068444963345168974e-01 1.143133450745856539e-01 -8.709731391783978594e-02 -5.735706408239299448e-02 4.858178520083511476e-02 -1.511884523954482584e-01 7.186147014315513726e-02 -4.554021668746904838e-02 1.026809325781330440e-01 -1.439259743609448694e-01 1.422600783160175020e-01 -6.142277816742754137e-02 -1.907096953443300144e-02 -4.222774456512273789e-02 -7.824893579723234127e-03 7.884430005777021133e-02
-7.699336225326322558e-02 5.969646249262261506e-02 -1.775372521881044274e-01 -8.173405986495307918e-02 9.623955484819782247e-02 -1.806099150532964048e-01 4.086071293008236571e-02 -1.910362629029775106e-01 -2.764815697870949898e-02 1.526534861206008120e-01 -1.952132917837638981e-01 3.675690127220056225e-02 -1.732918642607387816e-01 1.764115826425277089e-01 7.197183186353525719e-02 9.357372692238435929e-02 6.434520621780312477e-02 -1.956829166501445894e-01 -1.821926967351417126e-01
4.508781386597716934e-02 1.992524647525771853e-01 1.481963787333075433e-01 7.850163102332124998e-02 8.988513261073402538e-02 -1.105212541085773270e-01 9.645659993204167004e-02 -8.575511463754324770e-02 -1.669030638078331519e-01 -1.773547021449563971e-02 -6.735675412083208524e-02 -1.128921214492570602e-01 -3.113313463925321614e-02 1.813436014762185855e-01 -2.741732639027335411e-02 -2.352090192520612383e-02 8.105464193361908154e-02 1.063938834766277319e-02 -1.475863390127568342e-01
1.605730174284255019e-01 -2.264868924022918339e-02 1.148539868553100363e-01 -4.595324005024754854e-02 1.224241943986811854e-01 -4.549928036458987524e-02 -1.139318960881401943e-01 -1.224888759569858487e-01 1.714118249576381814e-01 3.232829402877659963e-02 -1.794621762292527567e-01 -2.289287127399806943e-02 -1.062779787965565104e-01 -1.415105163188384862e-01 -1.262979993076617236e-01 -1.798772450493053010e-01 5.251215113582889671e-02 -1.301615723967498028e-01 4.462907351019515523e-02
7.101737667017120684e-03 7.358006135530520408e-02 -8.364401485857105023e-03 -1.021887409896412718e-01 1.376568072783191932e-01 -7.266436217410397747e-02 -7.326699471498604455e-02 4.186099750108031314e-02 -1.154701414136382748e-01 1.582232715437957848e-01 1.884492168333746220e-01 4.019195481379930213e-01 1.737386318028373844e-01 2.934520292661976226e-01 -2.369236722545989965e-02 5.331923910648835724e-02 -1.426065653694602031e-01 -8.056040445085053958e-02 -1.726060187155300796e-01
