-3.971272009015323623e-01 1.401987773518138525e-01
-1.146574938528294840e+00 1.561039192164334288e+00
1.447387849864768539e+00 -1.318090463731352413e+00
-2.901845552566456043e-01 5.452198927932853101e-01
1.076402427181862631e+00 -3.314599623493935665e-02
1.461537206682466783e+00 -5.676669437649732863e-01
-2.706047361683759298e-02 -2.264321680095139969e-02
5.623831669945632550e-01 -9.386338617024693187e-01
4.170226199931496569e-01 -9.257405424010536343e-01
-6.136555881454313077e-01 1.465198171236739011e+00
1.225374834807031466e+00 1.123482343333638056e+00
-1.507722748029598492e+00 -1.322200356935872678e+00
-6.573148451744840193e-01 8.604035355025561049e-01
