7.728096050229062500e-03 -1.530668765824870214e-01 -7.099352916678086656e-01 9.288176255356415945e-02 1.522267351670071600e-01 2.251735352568287885e-01 3.975592995927441087e-01 1.553492692184632873e-01 -3.707694350168255770e+00 2.683401788250827646e-01 8.701073855225422982e-01 2.720262882563306492e-02 -2.050870447062310142e-01 -1.124910538767146390e-01 -6.643611267227217398e-02 -1.010305753183479371e+00 1.882259835784885760e-01 -3.187976955784603550e-02
-3.394926267557828448e-01 -1.630608619416598903e-01 -6.571102339958408978e-01 1.586882486703688477e-01 1.398814688433509812e-01 2.224777946746409607e-01 3.921095086932995244e-01 3.553947257097150314e-01 -3.874469314098466732e+00 2.897064769729401079e-01 6.460526998969668977e-01 2.019014665873055947e-01 -3.569974980657809605e-01 -1.837467456849835590e-01 -1.957408343471982171e-01 -1.665642615739156840e+00 1.598685261665628438e-02 -2.697923949014667810e-01
-2.241863507720014692e-01 4.281823317620134239e-02 -1.161929673576527766e-01 4.112064025227175901e-02 1.630142013481092889e-01 1.035137029478010035e-01 2.438912582291711262e-01 2.276571978640261340e-01 -2.290316223996273326e+00 4.657874207314828818e-01 4.209486925749812425e-01 4.540498536471055391e-01 2.589380870571244934e-03 -1.175574693246641683e-01 1.332153357192704911e-02 -1.571257259613611845e+00 2.057433162684746408e-01 -7.910197891058230735e-02
6.886580670310363250e-02 -6.080091382711409753e-02 -1.368645570967089720e-01 1.740625761683046724e-01 1.214960304774279909e-01 1.205911373514228918e-01 -4.463349495565375330e-02 -4.857924071191315613e-02 -1.226762785085822927e+00 1.725385926138320869e-01 -6.470899914187441815e-02 3.788804085454849369e-01 9.573646964626993106e-02 -7.887737870912052418e-02 -3.685133208225217089e-02 -1.164253969813870970e+00 -1.078843264434844462e-01 1.631501206181208002e-02
-1.752961220499182071e-01 -9.688853308002419451e-02 3.789634740957804893e-02 -1.534056623423639965e-01 -1.839785019292576318e-01 -1.174608344359157454e-03 1.193532948268418714e-01 1.715847047709432860e-01 -3.565643212251938809e-01 2.788055179995314603e-01 -8.606277884259759536e-02 3.062306107225381546e-01 -6.529311693565409414e-02 4.470890887925528523e-02 -4.503141435294064771e-02 -1.197647615046054215e+00 3.845348030975739156e-02 -1.612051795744818550e-01
-1.981119081228425172e-01 3.947278302035329284e-02 1.278534223071411784e-02 -1.440354155110711576e-01 2.052677043611647600e-02 -4.818881734680769552e-02 3.593345737470857171e-02 1.194561656317872367e-01 -1.575434583324588911e-01 2.953166723618548817e-01 6.266359296732681994e-02 5.990625190827320729e-02 4.261392061682790083e-02 -6.485348880804198135e-02 -1.499326624337893044e-01 -6.550853900160920062e-01 7.660580060692454007e-02 1.066938088456855505e-01
-1.623319707007294110e-01 1.606177933811372138e-01 7.186256367455728933e-02 1.733701681110722537e-01 1.493864883399647070e-01 8.857824207113092208e-02 1.777825018957349679e-01 2.867253879511107856e-02 -2.176582964384624896e-01 -3.768575525946772642e-02 1.473866356043900538e-01 3.623062372415972177e-02 8.055579141249610831e-02 -1.781176646374714803e-02 1.158241516070675214e-01 -6.117118492695047260e-01 -1.701468946029898455e-01 1.623114796505214230e-01
-1.655400168215231255e-02 1.589192854425451606e-01 1.381838584902505274e-01 6.870620288620646332e-02 2.881666141959860969e-02 -1.002126222828820107e-01 -1.368170093090251838e-01 1.527649843999175916e-01 -2.201113143761167512e-01 1.509831819188469371e-01 1.283966948853488832e-01 -3.442829981433640310e-04 -1.026216749158289365e-01 -1.546220518850728864e-01 -2.981937189822810724e-02 -1.682003987007930634e-01 1.719117736388630913e-01 1.650170335213880235e-01
-3.930724488091202201e-02 -1.626349370336721001e-01 9.012101380293600916e-02 9.852595909895908721e-02 -1.873982599223291690e-01 -1.482847203500329419e-02 9.740040911765944498e-02 -1.652585179200979082e-01 -1.542793208958583850e-01 2.291639070080517815e-01 1.144580942877260477e-01 -1.411872715995013128e-01 -1.927631926917649785e-01 -5.629859496416290271e-02 -1.883631177496571940e-01 -2.072983375493072100e-01 -1.877432494008659525e-01 1.855543347692316380e-01
1.225888845351728179e-01 -1.747498555745612969e-01 1.394216343978838257e-01 -1.109120380349457313e-01 -1.176966800352412801e-01 7.554553015304039942e-02 2.060984852592362970e-01 -1.327589699752148855e-01 -4.563145598147681503e-01 3.816035465017303483e-03 -1.807124587247461167e-01 7.183358297734933340e-02 1.267654723094219504e-01 -1.252031885660558619e-01 -1.550614469525053718e-01 -2.382465625790816943e-01 1.944831771414164134e-01 -1.520682964752515520e-01
1.827998733973759393e-01 -5.771079615688498587e-02 -2.462064818486033729e-02 -7.822842883543194847e-02 1.751425014743064335e-01 1.879909714436543977e-01 8.206394990748344664e-02 -1.129266617067860856e-01 1.161167812477242878e-03 -1.092107171046214353e-01 3.090443176276467044e-02 -1.090166730148016128e-01 1.462307916951218201e-01 1.782714688671246384e-01 1.217743639367655784e-01 -2.410972670286261887e-01 -9.432222982996887883e-02 9.854014904749806847e-02
-8.559689296350761478e-02 -3.451942416409016501e-02 -1.882300593834110858e-01 -1.424427246424288251e-01 -1.914751030175878554e-01 -1.666118099826629784e-01 -1.525835748610431530e-01 -2.322645528240173396e-02 -1.008017297585277472e-01 1.323554159303256816e-01 -1.401457703070479732e-01 -3.459378428766484923e-03 4.698604278820377872e-02 -1.661776009251303976e-01 -2.201189056076474290e-02 -2.099008365979381785e-01 1.883823147650917074e-01 -1.781293837959985193e-01
-4.010186027586438301e-02 -3.533360585342840143e-02 7.918925800394213677e-02 -6.707985476280131643e-02 -1.180828052206202017e-01 -7.866710226102373305e-02 6.461001384056835883e-03 1.853164583250667685e-01 4.012569814670689794e-02 -5.708284621043392681e-02 3.750751223383598509e-02 9.864324649597031036e-02 1.131500469474580606e-01 -2.153413108719519353e-02 -4.042067544240066784e-02 -4.965077065619512980e-02 -1.802077517933881393e-02 -1.032438107230658486e-01
-2.113235772822098790e-02 1.731875729725281254e-01 -1.512334663038550076e-01 -1.152209301845880107e-02 5.516223823715874636e-02 -3.971665099002584000e-03 -1.022618615490974714e-01 -1.948932768936757209e-01 1.623240388045350813e-02 7.667087266681595070e-02 -1.842020003566273434e-01 -6.106605523615978720e-02 1.033790515583115771e-01 5.156823337483176090e-02 1.812738974369955749e-02 -2.857018789491152511e-01 8.978113076118530989e-02 -1.292012311802304310e-02
6.790668210502846802e-02 1.030904688739347486e-01 -1.188464668011448011e-01 1.066091074936141858e-01 -8.784691134909350385e-02 1.975509880017125575e-01 -1.412242435793935602e-01 1.546251541856790424e-01 -2.089515538755015167e-01 -8.097452953044015356e-02 2.470950368613476084e-02 4.467959244821588516e-02 -4.324400850487918752e-02 -1.591872631097261681e-01 -9.892336170918260285e-02 -1.981367638655931462e-01 1.059507760076482397e-01 1.609396787282864061e-01
3.423578397300693077e-02 -1.863971269393662755e-01 1.030794792907693547e-01 -7.667185952744973165e-02 -6.397627836817539049e-02 1.670070353478159478e-02 -9.101727073201054674e-02 1.709669791748512635e-01 -1.863371375579322142e-01 -2.072487173845884850e-02 -6.339122102360272848e-02 1.490900510054137158e-02 2.611066296328575648e-02 5.085589120526824713e-02 1.253728390719556843e-02 -1.120186100665180318e-01 5.607402771710737199e-02 -4.167240131180389301e-02
1.063355267892722306e-01 1.143249277567097710e-01 -1.016866568901572121e-01 -4.938489876348461927e-02 5.164819978280442425e-02 -1.308811539775804889e-01 8.871318881428319481e-02 -3.655650708920545749e-02 -1.293170319125550027e-01 -1.281731902008378388e-01 8.329112206104677396e-02 -4.726855033412186852e-02 -2.190080969839859962e-02 -3.395702375292979081e-02 -9.397902495762130645e-03 2.377241983733914543e-02 -6.954173635866642278e-02 5.633500226163569435e-02
