1.302199377881633757e-01 2.133768105854058350e-01 1.313730727253543396e-01 1.220212731451840449e-01 -1.275239836030630791e-01 3.081080072561691585e-01 4.955645593140146909e-02 -3.918396171603644867e-02 -8.400262815263130622e-02 -1.251037900975495998e-01 -3.713539522650109725e-02 -4.394334944238311169e-01 -1.787873121072180715e-01 -1.026213738850693113e-01 1.680955935240488475e-01 4.974853339949703024e-02 6.694827178844985072e-02 -1.320549477365679653e-02 1.811188260805264572e-01 1.120310152604079706e-01
2.015483842998943564e-01 2.081526525031726915e-01 -3.490165668395959764e-01 -2.741159234012682799e-02 -6.536259501029542673e-02 -6.177971164488472722e-01 8.474406081985179362e-02 2.836515584004873913e-01 1.615484581425576660e-01 -2.328782614413456298e-01 -1.082888914763731891e-01 -2.351889060488394911e-01 2.876869321892491782e-01 2.432079074580388578e-01 -3.678836384348709299e-01 1.841029427405372898e-01 6.461728246988034108e-02 -3.264789911163483160e-01 1.981027578644970200e-01 -1.209030472210742141e-01
-6.393445504152525660e-02 -2.417313388177973477e-01 -3.464111238375028878e-01 -1.559271419604568443e-01 3.236881577010900651e-02 -8.776528692866373271e-01 -1.699612301770868639e-01 5.022706202777702522e-01 2.221199381826944874e-01 -3.731561311916901102e-01 3.396009377738207768e-01 1.382451234608057800e-01 1.107467621919818943e-02 1.758703927154697810e-01 -7.879705914223401608e-01 1.038143968659622912e-01 1.914628111963223231e-02 -3.045825858055264956e-01 7.409287350342114165e-02 -1.371710026355948964e-01
-1.506345031963043091e-01 -1.746543763437414243e-01 -1.798645343407298536e-01 -1.103965885085042391e-02 1.233851239165624503e-01 4.709252666408517488e-03 1.084766877857452905e-02 -9.647734523069678714e-02 1.636778267522015218e-01 -1.635405788437539060e-02 -1.284139039159833406e-01 -3.532365997196563329e-02 1.138536286347805182e-01 -1.153665643411209141e-01 9.249259042056662966e-03 2.232924019721657938e-01 4.943530598200803622e-02 -2.946608624331766291e-01 -1.286379165034229610e-01 -1.008701031365339812e-01
-2.065224407544611618e-01 -1.046420699071437532e-01 -3.014569158470905563e-01 1.638612775048136350e-01 1.085781618304386548e-01 -3.357886805418615617e-01 1.730832908842508400e-01 -4.448828687580655417e-02 -6.710666831411236932e-02 -5.721779827833917836e-02 2.094164477769965005e-01 -1.771645753684829849e-01 -1.992165974828510600e-01 -1.322982434959797671e-03 -3.332305069964713873e-01 6.078356226162803105e-02 1.166822892996170619e-01 -2.223205647531011908e-01 -1.301512608205848687e-01 -8.510872369684709116e-02
1.106095901899617762e-01 -3.159943727101046096e-01 7.063741228865934307e-02 -1.106239871487201265e-01 4.888111877278557629e-03 -3.367643030213974820e-01 1.137946577714808588e-01 3.133297751186399638e-01 1.559068562826935456e-01 -3.782472009512193312e-01 2.592796127311998156e-01 -1.315941787249402251e-01 -7.835705328339651055e-02 -5.369107720447650889e-02 -3.639737139616816552e-02 2.045267131592743981e-01 8.153361486275371994e-02 -2.016781102910242263e-01 -4.242465718280902243e-02 4.933621603936231420e-02
-1.838317103624435012e-01 -1.830823113165988281e-01 -3.309559207324771490e-01 -2.110104027016236339e-01 -1.959679691105917221e-01 -4.442171729320217866e-01 -2.155423063267803141e-01 1.045724310967386939e-01 1.252619270413588559e-01 -1.508074346531637633e-01 -6.968278774808366050e-02 2.278895748205807259e-02 -2.272314170998295663e-02 -5.607716181827865354e-02 -2.468635016109458902e-01 -4.287362627968577256e-02 1.280501470401305131e-01 -3.283932024374834890e-01 -1.473886122699918737e-04 -9.105664870598924321e-02
6.728431810695333082e-02 -9.827179769401758747e-02 -1.932972326182427758e-01 -1.013289690841481933e-01 -2.721066950429034542e-02 7.768361778648395777e-02 1.341555502354693508e-01 -4.729495945947987529e-02 5.715863106740379229e-02 -4.079968451772316394e-03 1.468862807916588853e-01 -4.456385435441438669e-02 -3.859795330647090156e-02 1.391649012857416878e-01 -1.166560173393535044e-01 -7.315088754408349825e-02 -3.717772373385054563e-02 1.079244177734034194e-01 -1.087298643707749479e-01 -3.720767886440702610e-02
4.257676220593267780e-02 -3.324669314056512281e-02 -1.460127686655501023e-01 -2.067356435143588300e-01 8.109828652381449732e-02 1.062238350616588785e-02 -1.928230021210582124e-01 -6.868126552335025725e-02 1.260153630018623627e-01 5.722567478437976321e-03 3.620215795671578862e-02 -1.796040984655741524e-01 6.219939512100169238e-02 -1.441585712665242880e-02 4.743982450932844597e-02 1.568346563188463827e-01 -1.107995395607532657e-01 7.806216906591349758e-02 -2.148494204503528793e-02 1.732916766194599056e-01
-1.932995705242979978e-01 9.697075425154805250e-02 -2.658568203892833770e-01 -1.260616502849902232e-01 3.794351527125803896e-04 -1.025706590062569479e-01 -4.813682635346802630e-02 -9.556213998135050514e-02 -5.129766273179937192e-02 -1.983657219850489817e-01 1.368101203539537070e-01 1.769772493646291356e-01 1.900387825865772554e-02 -1.328757226954713766e-01 2.031801783114973656e-03 -7.139012488919625754e-02 -8.960965009474428089e-02 -6.652880081191811512e-02 -8.491696285937828936e-02 1.421685268671566416e-01
-1.100652397476873656e-01 -1.118890723831273276e-01 -5.484809707525256650e-02 8.795344700280299105e-03 7.074525142987343751e-02 3.167245707052537135e-02 -2.869241923417622381e-02 -2.073892303731237133e-02 7.526336761120462626e-02 -1.140467411522532171e-01 1.128531120997034870e-01 5.236987909773291316e-02 -1.778897656136898542e-01 -8.734371368521806622e-02 6.411702215983562658e-02 -7.036018139991713494e-02 9.076382415840793250e-02 -3.873318091458943790e-02 1.314023774545853562e-01 -1.568829525034674544e-01
3.536918169896715591e-01 -5.150090499327270033e-01 7.368714668429903192e-01 9.933418179341645116e-02 4.341579280917272077e-01 7.208184085898079463e-01 -4.813287935495700332e-01 -1.800186947318639097e-01 -2.351924755932471578e-01 -1.182407958461714204e-01 -3.760454157405332398e-02 -6.621657127891520389e-01 -7.604529834705334723e-01 -7.730765566626234264e-01 8.086824818085496247e-01 7.229687613927852086e-01 4.126893236302865003e-02 5.465260872760275834e-01 6.219886596288393132e-01 1.246049035873271621e-01
2.138757902984228798e-01 2.444370847988543149e-01 2.318012679289029321e-01 -1.169898430513508364e-01 -1.642496769805409651e-01 3.623356915879755724e-01 2.705080790536291135e-01 -2.039049028378997833e-02 -2.844721018811098220e-02 3.306835060617992483e-01 -1.794898174468070040e-01 -1.050697690261449546e-01 -3.699866769364767993e-02 -3.404392812489189235e-01 2.613773572424781255e-01 5.746458825278750321e-02 -6.072640681092320025e-02 1.327780741422270872e-01 2.813460338233448321e-01 1.380717320138207319e-02
-1.039213515219082010e-03 9.535894388574571445e-02 2.281768729944023966e-02 -1.378981216958381217e-01 1.682523382260615596e-01 1.102992473699860101e-02 1.312622592258562704e-01 -6.710251535360176045e-02 1.139926536455173195e-01 -2.826044470894806954e-02 -1.148110175655202569e-01 -1.832992548673734456e-01 1.736889163215691312e-01 4.181958385919187283e-04 -1.458834834782729573e-01 6.666554893452585236e-03 -9.566856236532346458e-02 -1.525628082012770725e-01 -6.717402956881365905e-02 -1.807983274531417828e-01
1.299745616104912849e-01 -3.744489538443732113e-02 1.199110395089860170e-01 8.765264760381759335e-02 8.312923896150727077e-02 1.652180312603540868e-01 -3.725598953904313282e-02 6.203453444233174990e-02 -1.182326464270981453e-01 1.176756408893710470e-01 1.545311020179427480e-02 -9.985669107378714049e-02 2.274357022420558372e-01 9.203378373075007945e-02 3.077705332568538288e-01 2.304084388764089109e-01 6.770628206053365405e-02 7.613998951060438336e-02 1.313559083902425817e-01 -8.998935099131294413e-02
-9.996969749102339875e-02 -2.267763963585356646e-01 -1.284466723758186379e-01 -2.034740550274358739e-01 7.978896001435313579e-02 -1.603569122481597886e-01 9.098328112156844893e-02 8.298397221073490482e-02 2.031781925806139255e-01 -8.334718339677392451e-02 1.761941051259940383e-01 -3.316884001022402800e-02 -1.115449261414604015e-01 -1.669800944728314640e-01 1.526507606860015576e-01 1.484839678920839845e-01 -6.911135089413349142e-02 -2.027855885990097543e-02 -2.429783483421606161e-02 -2.006920080869712408e-01
3.832138211158902662e-04 2.452259325062367545e-01 9.475454262516275206e-02 1.290845540947575254e-01 -1.379793600850267032e-01 3.675631658343533337e-01 2.210516291785533938e-01 -1.761956799109522243e-01 -2.566259723325517994e-01 5.736679711526605496e-01 -2.007048083233678448e-01 -3.237025172425049835e-01 2.503049300402233057e-01 -4.238553575925610994e-01 5.752483840630107093e-01 -3.266899137458993685e-02 8.038576617959178328e-02 3.223273767847082416e-01 -7.204669379258563100e-02 1.907643613208551137e-01
4.432770709940170861e-01 4.020673762578389487e-01 1.617335213433783170e-01 2.572563509431993918e-03 -1.732866043987293381e-01 8.185551076431014650e-01 1.724155325176527365e-01 -2.248839160515016533e-01 -2.847494684488727779e-01 4.511090648564133887e-01 -1.752866064828667303e-01 -2.606720858806729213e-01 3.564211345766986061e-01 -5.332242786342396013e-01 4.634814886791196464e-01 1.959796916012657153e-01 -9.515624844660893616e-03 4.908928862731234410e-01 3.349742849424721114e-01 2.113748823031722651e-02
-4.537904182757541288e-02 -1.037404417931872824e-01 -2.938232525618396096e-01 -1.068744584236609209e-02 -1.229497238795961567e-01 -3.066283117106185507e-01 8.167174835534588007e-02 8.516074262007587714e-02 1.273110110549117158e-01 -3.900475049886321655e-01 1.537370270465591646e-02 -6.287028131547355292e-01 1.094481237016858843e-02 -2.503037499923901898e-01 -4.440359639314459678e-02 3.912392782686016091e-01 -9.457789633683638675e-02 -9.526243291469586871e-02 6.571812268770284016e-01 -4.975673771188026534e-02
