-1.321806233085776605e-01 2.288602555007228090e-01 -1.260368918219416212e+00 9.796867196997841032e-02 1.511774855013327257e-01 4.149480566781899027e-01 2.745694880268573224e-01 5.761014918802530582e-01 -8.468988790917428844e+00 7.653225712064105624e-01 -1.492580353088233946e-01 3.510461170638483064e-01 -1.182237612345820033e+00 -1.124909950819488885e-01 -6.447244792066367247e-02 -6.268769870520902732e-01 8.449255483530648814e-02 -1.860794958572260516e-01
-4.567615053446833495e-01 4.079932464527510905e-02 -1.115445806460275691e+00 1.568745632592044026e-01 1.373318856832160817e-01 3.802469081479212809e-01 2.166469783093220580e-01 4.356425862772376756e-01 -6.228742719102262626e+00 1.287465702735552275e+00 -4.531560426093393379e-01 6.373997882194666342e-01 -9.405486347337086439e-01 -1.837472783082752525e-01 -1.944570751724448709e-01 -1.616432855792560019e+00 -2.098293348994979268e-01 -3.966389065097509214e-01
-2.874222804678369658e-01 1.517535296883227858e-01 -3.647844046341969793e-01 1.942381037985231942e-02 1.607870192269978959e-01 1.892048393850442600e-01 1.497715415982210641e-01 2.167565011777211337e-01 -3.638700280691963940e+00 1.413750062698459153e+00 -3.344808134305882197e-01 8.324623539850583009e-01 -3.224274547456448814e-01 -1.175581079801099466e-01 1.373651149838744576e-02 -1.370973891646925180e+00 2.699304704392573376e-03 -1.486227401721274266e-01
3.344897669179511257e-02 -4.159596846182979856e-05 -2.772267244744797132e-01 1.553418777437888532e-01 1.195438027777545875e-01 1.690692387216367887e-01 -1.136165334526764575e-01 -5.256358898942107422e-02 -2.493571009676623262e+00 9.299412194977256796e-01 -5.494403980481465943e-01 6.960444288019406178e-01 -1.307577241859386175e-01 -7.887803171405458058e-02 -3.705814737553244503e-02 -9.120634908001583607e-01 -2.753020678363320428e-01 -2.350069342921269622e-02
-1.946082034503059111e-01 -6.266942330042929443e-02 -3.914545262071417175e-02 -1.758710881098516920e-01 -1.853941128822932105e-01 2.547572129381787953e-02 6.203808951396386218e-02 1.720378444964175968e-01 -1.448316967196542571e+00 8.081667134171390821e-01 -3.914577956819192961e-01 5.568373468852594321e-01 -2.241389084842519974e-01 4.470836839205825919e-02 -4.551575074626613288e-02 -7.327763556710861215e-01 -8.427479270016534352e-02 -1.833031009940765677e-01
-2.059905261617188121e-01 7.470508387209548462e-02 -1.932606884739196396e-02 -1.754403295159078224e-01 1.976803141526151456e-02 -3.702488836415604445e-02 5.316283801250838888e-03 1.227312286570187844e-01 -8.647525679036007773e-01 6.117043109719794147e-01 -1.145170664155881202e-01 2.349150675904339569e-01 -5.014503055132389642e-02 -6.485386560671688172e-02 -1.504156868776552747e-01 -1.569885972007552533e-01 3.342627090767865804e-03 9.715263823544173505e-02
-1.723257188127563511e-01 1.905896605051574932e-01 3.266831035163186847e-02 1.515059715550436115e-01 1.490528162326458794e-01 1.020810187339244723e-01 1.572868827701957295e-01 2.797020209176025521e-02 -4.481571067427773114e-01 1.035500622233652412e-01 3.106810389516368245e-02 1.347905682294477658e-01 3.121824361914462415e-02 -1.781194115752578883e-02 1.157128300095632001e-01 -3.686988989939822270e-01 -2.045935519357926224e-01 1.514044810431571242e-01
-2.476296832181422436e-02 1.822120275825314939e-01 1.056526065699124883e-01 5.909444528470407521e-02 2.872446176839854245e-02 -8.897714883215890325e-02 -1.483977102845694673e-01 1.698920431333367786e-01 -4.223343194807597234e-01 1.831604766617247471e-01 7.031702343660831134e-02 4.262148609350257383e-02 -1.558234080479463657e-01 -1.546220715306967641e-01 -2.967491612808837581e-02 -1.184153596342848447e-01 1.622915970344891434e-01 1.557849950807598804e-01
-4.313896034987475814e-02 -1.376573382801147827e-01 7.422037158556404890e-02 9.443902695817300852e-02 -1.876756891863544663e-01 -9.277619906958904650e-03 7.690579977873092388e-02 -1.585586020416725472e-01 -3.485255953194889011e-01 2.339754070117914253e-01 5.137120108998598222e-02 -1.123061550691997479e-01 -2.394814360115969099e-01 -5.629867743572146421e-02 -1.883005909920921483e-01 -1.471170953053061448e-01 -2.006700953255835806e-01 1.806819016474469075e-01
1.189132206007468828e-01 -1.516058334530506757e-01 1.247199174490618567e-01 -1.166817871949435703e-01 -1.180316862983610826e-01 8.063428470115563407e-02 1.799705718724240455e-01 -1.427158250824187846e-01 -5.024838587709845594e-01 3.705575227201395039e-02 -2.502577022498269077e-01 1.245024243179843615e-01 1.081406179968330550e-01 -1.252033214159893881e-01 -1.551032105688202045e-01 -2.201029566186863407e-01 1.749299269987283911e-01 -1.563045898988519866e-01
1.798478215509836109e-01 -3.706488952322865155e-02 -3.605480279697951401e-02 -8.646684136386231789e-02 1.748865291003995903e-01 1.919181238179580862e-01 6.205559700242951893e-02 -1.291492688996480342e-01 8.048890757889065606e-02 -7.383915501709129026e-02 -2.259572886334781233e-02 -5.141848484975592576e-02 1.491765917810419229e-01 1.782713460083274470e-01 1.216971783314647476e-01 -2.225252799330103282e-01 -1.112768554649367081e-01 9.543381719856472434e-02
-8.683694237942342353e-02 -1.610209487520222055e-02 -1.937513022603345458e-01 -1.492724355727420849e-01 -1.917398046638494336e-01 -1.646547452555116031e-01 -1.633118340189143036e-01 -1.998259990818120752e-02 -2.760176179234581362e-01 1.866909216462447618e-01 -1.819620352810378261e-01 4.529925130990607174e-02 2.187759863833796392e-02 -1.661777233951810262e-01 -2.212047206564168172e-02 -1.768802105110857670e-01 1.706723909367054148e-01 -1.799971511368398114e-01
-4.240066902573233487e-02 -2.300913039430584062e-02 6.928413625751211891e-02 -7.078949945813202416e-02 -1.183579575039476056e-01 -7.518038934667337081e-02 -5.216249560471236321e-03 2.022729192644314167e-01 -3.170628388436369516e-01 -2.279487929160689541e-03 1.206812473921207648e-04 1.314563787410306106e-01 6.550969612963672417e-02 -2.153423890504812394e-02 -4.052121591370857340e-02 -2.379276010977502548e-02 -3.585656677138266551e-02 -1.064514076434267265e-01
-2.262255499056337743e-02 1.785380063365016035e-01 -1.580097445858134053e-01 -1.551860342613414073e-02 5.495613790061026904e-02 -1.559315511319044317e-03 -1.101483874677784552e-01 -1.814120341437810424e-01 -3.251808337883525524e-01 1.357888238617696586e-01 -2.223972678881232790e-01 -4.231992692651866117e-02 5.818538672104242582e-02 5.156815715637214081e-02 1.805993611045971295e-02 -2.441936855003639661e-01 7.386455692782104010e-02 -1.527921874322377832e-02
6.556298001131968811e-02 1.072161789543221999e-01 -1.285069538280436685e-01 1.033828089237313202e-01 -8.794884612532610779e-02 2.009182922199658217e-01 -1.423442755552990491e-01 1.661068326901653514e-01 -4.771143490064185810e-01 -2.415192233930893440e-02 -1.515398195880172938e-02 5.899145422336350697e-02 -7.899184694463450007e-02 -1.591873089121346452e-01 -9.897359112946992055e-02 -1.443550599802650714e-01 9.490772445503095622e-02 1.580126116379266810e-01
3.147601837799764157e-02 -1.801686138901516521e-01 9.176194862301131905e-02 -7.835270198226298999e-02 -6.403518881449669908e-02 2.064099710067297117e-02 -9.383014176205058121e-02 1.861466064369357576e-01 -4.600332216220294201e-01 1.428940234377715918e-02 -1.027793823570401915e-01 3.157858707410036297e-02 -1.376789104541475961e-02 5.085587265522409361e-02 1.253618595669506695e-02 -7.285460716323380326e-02 4.911329351182520953e-02 -4.507512654959892895e-02
1.024244497130020748e-01 1.278143836914675535e-01 -1.169031018349402373e-01 -4.947571099464385946e-02 5.154069744186833696e-02 -1.256491711243228893e-01 8.117460464243636542e-02 -3.551052680237298809e-02 -1.415185869219591219e-01 -1.046229998155478180e-01 4.996926600819375647e-02 -3.839552420986788728e-02 -3.640543539451653737e-02 -3.395704492687386111e-02 -9.339830732927965201e-03 2.644054279438668928e-02 -7.654093216830816504e-02 5.215926893046800294e-02
