-1.351024690463464295e-01 1.538928196729142661e-01
-1.484747525548631986e+00 1.946056004495932079e+00
1.966380763753885708e+00 -1.355374538009367136e+00
-4.539060599153196818e-02 7.017846118694891500e-01
1.422494971466372604e+00 -6.208724659399782707e-03
1.525427783211584343e+00 -6.968923180403001627e-01
1.412039679825694560e-01 6.790174392545401082e-03
5.939225880406590052e-01 -1.179936328698538928e+00
5.280237751909381272e-01 -1.125889922666853726e+00
-7.290922802584913764e-01 1.851859638756621740e+00
1.684376720547846595e+00 1.260399214664800205e+00
-1.768373917925393890e+00 -1.410378485282593353e+00
-1.058478911156373714e+00 1.109025512668929681e+00
