-3.976390512234790342e-01 2.548315678947009610e-01 2.765699554099160795e-01 -1.772498571486585961e+00 4.673860475831468353e-01 4.676465837590637054e-01 7.440971859989369275e-01 -2.092610884625312639e+00 1.633988555618079541e+00 -1.443619162001262834e+00 -2.003676896171482369e+00 -7.488870427125603468e-01 -6.842739928933648796e-01 -1.859243637797856064e-01 4.745114445243561740e-01 5.177873299274544650e-01 -8.246505617392336784e-01
-2.038341605532834888e-01 -1.197202855424181651e-02 1.925644980017486574e-01 -2.905639103462237527e-01 3.713726828625716903e-01 2.630867872643551930e-01 4.742781513086518630e-01 -8.700830772729192253e-01 5.606925961216870924e-01 -9.266998761612361690e-01 -1.320312249420829698e+00 -1.991333472442533559e-01 -2.511566104519284970e-01 -3.410028179995837072e-01 8.231012240235852095e-02 1.539993202873678468e-01 -3.838588682234824745e-01
-1.302362403478990460e-01 2.398080899863122284e-01 2.043837933113249461e-01 -2.465363504522421201e-01 1.571399617198055917e-02 6.544763353957015750e-02 1.655330456708168640e-01 -1.508114087428898131e-01 2.499687324778846198e-01 -9.969899158117320748e-02 -4.090719717637972958e-02 -9.932452516040291002e-02 5.462964365433521652e-02 -1.616373828796569545e-01 9.950937657743169629e-02 7.979578421985369582e-03 -2.717857805411150740e-01
1.834633193195409906e-01 1.684755172254914224e-01 1.305763072542197312e-01 -2.117450951586627717e-01 -1.276446589860326941e-01 -9.108919699605276532e-02 1.257455601507811438e-01 5.642773091942882013e-02 9.343363075156424502e-02 6.306604414624797372e-02 8.885031191053714694e-02 -1.965355307325315770e-01 -1.791581166969518080e-01 1.373679513880280145e-01 -1.735538630166990337e-01 -8.827655950075898039e-02 -2.224762787531912034e-01
-1.964234958107797524e-01 1.447645907980034397e-01 -7.042869582097616155e-02 -1.434217269567332753e-01 -1.342132805667458351e-01 7.098942264797374058e-02 1.991004258802792914e-01 -4.010579212780019526e-02 1.942191138300381203e-01 -2.243344241637790573e-02 -3.325587927384668265e-03 6.251256951852679489e-02 1.167434474545324397e-01 9.841969893496707589e-02 2.034723800915370084e-01 1.020178695990567458e-01 1.552568200815317156e-01
-1.177610708862067979e-01 1.992331669843504585e-02 3.964182923750825954e-02 1.209677027929453308e-01 -8.644085551005426752e-04 1.186891328911545140e-01 -3.977442211290106722e-02 3.078251528024287045e-02 1.400709834565830314e-01 1.096199542809494221e-01 4.930459493006096594e-02 -2.099549685316684511e-01 -1.292627998020453306e-01 -2.945177561059980371e-03 -9.172190417800393791e-02 -1.639833367716240498e-01 1.265652117275120614e-01
1.774531647726854400e-01 -7.683169459668888479e-02 -3.619082356564715802e-02 1.184057420096727153e-01 -1.721892575529741509e-01 5.693369768181541501e-02 -1.472820361515465859e-01 -1.062400686173035763e-01 1.475253541421794323e-01 -1.813648870230185339e-01 -1.906486958935556530e-01 -3.818003030588987268e-02 -7.902561759093403373e-03 1.433178693408534987e-01 8.885478519707945555e-02 7.517248690325734062e-02 -1.495183956117810131e-01
1.912265148574101570e-01 -3.247282517445341382e-02 4.370152715020105688e-02 -4.891223704639404563e-02 -1.781940761547235463e-01 -3.704476857489812178e-03 -1.293259908076038467e-01 -1.995807387210442319e-01 5.866268428582517569e-02 3.165022571484801123e-02 -1.864474392812414116e-01 1.452037006782499161e-02 -6.453952338581207815e-02 -4.941639974244365491e-02 1.136843282865550031e-01 -4.542287400657522671e-03 1.523001387832822462e-01
4.148966163876795232e-02 -8.118037482696051355e-03 5.352407086901480454e-02 -7.769932320024891537e-02 -1.435914689245529341e-01 7.983760688926297422e-02 5.830401219683317010e-02 9.904822641704555397e-02 -1.366543009002830211e-01 1.456708797237479536e-01 9.298943506274987003e-02 1.587999733185550544e-01 1.461020552442992004e-01 6.732992663514535125e-02 1.305753866751775683e-01 1.110745319484904639e-02 1.068711284243214210e-01
-1.474863560669568696e-01 1.815496555377369148e-01 -2.408500833403990488e-02 -4.571500906645958179e-02 6.294907431049101554e-02 1.864940554168023623e-01 -7.214907819113416942e-02 -3.707404680830210797e-01 3.115416123135149595e-01 -2.016351419139448264e-01 -1.150155547412209656e-01 9.795980433758123829e-02 1.146287726420563459e-02 -2.730228708885758943e-02 -2.956497766639953201e-02 -1.290898601969384385e-01 5.678723756040716247e-02
1.533664423425994683e-01 1.208315517087227703e-01 7.734610203989830679e-02 -5.142390934825786381e-02 -6.829116446166058618e-02 -1.458981188817831953e-01 -1.829808928167299398e-02 1.707715884649283963e-02 1.751504363305869671e-01 1.515852063452290677e-01 -6.565159921165494850e-02 -1.668007377297393568e-01 1.057097292321724502e-01 8.889456032598366808e-02 -1.765023749372066908e-01 -2.106991444022457069e-02 7.263870988551007768e-02
-1.893854302709467308e-01 1.738976550659279974e-01 1.835217486564781064e-01 7.896400278513979187e-02 -1.621126545998309854e-01 -1.660404414854369792e-01 -4.906891062097473721e-02 -2.011977088216416742e-01 -5.140568810465410976e-02 -2.105360735923301474e-01 1.693319279374260466e-01 1.247544355434863916e-01 -1.717595241456181532e-01 1.528165655287247737e-01 -1.090989270045023551e-01 -1.197110734969248358e-01 7.121876696692251707e-02
1.727101571797813317e-01 -1.484995706073883315e-01 -1.971399842094163635e-01 -5.537573049550199161e-02 -1.876039804882794482e-01 4.732095186768731782e-02 1.509485414365066558e-01 -1.405897976234613822e-01 -1.419580934944924266e-01 -7.682920079266297719e-02 1.631486828171478387e-01 -1.532915293754087693e-01 1.804848496642781630e-01 -5.775493814189756187e-02 -8.580349389708056759e-03 -8.122703941783213089e-02 1.709261626680933233e-01
1.815367638677504170e-01 5.697301797623219310e-02 -1.266429448673465630e-01 1.929383188119061787e-01 -1.563517618951633659e-01 3.609796301459867324e-02 -1.323408319469793204e-01 1.502057623331594094e-01 1.857097304153734196e-01 1.115237288345984762e-01 -8.801588874194966883e-02 -1.066719484711383531e-01 1.010245078857066464e-01 -8.577586799058349587e-02 -2.890456215693042522e-02 -1.802181493382630784e-01 -1.499844510589471158e-01
-1.912645387960887067e-01 -1.661027902958038815e-01 -1.717503097228938180e-01 -3.375891442680839516e-02 2.248989820369791393e-02 9.687973723784890079e-02 -1.419209743247606403e-01 -4.502833244645106786e-02 6.445475325223956609e-02 -1.685103874266177526e-01 -2.535191531383964095e-02 -5.486109738742866310e-02 1.777914819185915651e-01 -1.786649500627829068e-01 -3.379555367353957035e-02 -3.057245159642632895e-02 8.677147666057313802e-02
-7.993046004127374315e-02 -9.402968720326169982e-02 -8.308802803203066412e-02 -6.534093384827496798e-02 2.088079246245266862e-01 1.432280473082590544e-01 -5.523171064489118542e-02 -3.248016171020128712e-02 1.152313499266585245e-01 5.006817706023827808e-02 -1.173206512685771169e-01 -6.805853702458136700e-02 9.097364547176667315e-02 -4.712043072239665426e-02 -7.038425392149880166e-02 -7.286192204634452108e-03 1.506949625269965176e-01
