1.856431973167058935e-01 2.724095221731369643e-01
-1.517240660285425813e+00 1.840348777410278247e+00
1.836571493844973535e+00 -1.342443917046659996e+00
3.137116032601423576e-01 8.322403348909849230e-01
9.871305741392930599e-01 -9.839024301402923833e-02
1.144636681589820348e+00 -7.838175858792022499e-01
-2.638134292099521550e-01 -1.211254926194795939e-01
-3.352412440821705281e-02 -1.306642082457754261e+00
5.653581294733935891e-01 -1.019394421212217905e+00
-6.327215962019554496e-01 1.734671404218015800e+00
2.081191245069879514e+00 1.351207309295286985e+00
-2.371248185844776479e+00 -1.454747378354394050e+00
-4.550727505729328382e-01 1.178794089230999154e+00
