-1.286419870976853452e-01 1.676818824687135612e+00
-1.610134940134884785e+00 1.464355439533096881e+00
2.179564774601774779e+00 -8.477883389907586720e-01
5.137482108339613829e-02 -1.463366268523358937e-01
1.265373266568191601e+00 -1.511268526670508816e+00
1.142489063035321273e+00 -1.343619749410822184e+00
3.501331489829092591e-01 -8.913900374022438733e-01
4.172329105048723230e-01 -1.447609018069696551e+00
1.737899922740968328e-01 -1.387474700896088597e+00
-8.438909484389222060e-01 1.347123001326236746e+00
1.437116760589205233e+00 1.317335391296589053e+00
-1.654724359258788358e+00 -7.922871341376890308e-01
-7.099619072537917130e-01 1.448808914258347347e+00
