7.728908437593468884e-03 -1.478599117026760112e-01 -7.099352916678086656e-01 8.845968377740955069e-02 1.513651293924571373e-01 2.251734296728750140e-01 3.975592995927441087e-01 1.553492691603059195e-01 -3.707694350168255770e+00 2.683401788250827646e-01 8.701073855225422982e-01 2.720264971679358865e-02 -2.051313579201357873e-01 -1.124908117305293831e-01 -6.453195227981012305e-02 -1.010305753183479371e+00 1.844741798826340373e-01 -3.190662895288726153e-02
-3.394918916271523202e-01 -1.536436193465340327e-01 -6.571102339958408978e-01 1.494218154142414323e-01 1.377007756943490202e-01 2.224775135575700058e-01 3.921095086932995244e-01 3.553947256591282189e-01 -3.874469314098466732e+00 2.897064769729401079e-01 6.460526998969668977e-01 2.019014786497182745e-01 -3.571058176236077131e-01 -1.837470981546955318e-01 -1.943511798969584925e-01 -1.665642615739156840e+00 6.267278470193080042e-03 -2.698034785447370187e-01
-2.241858951509181908e-01 5.110277492552461193e-02 -1.161929673576527766e-01 3.305368265191734045e-02 1.611072583358186261e-01 1.035134517551538486e-01 2.438912582291711262e-01 2.276571978343324421e-01 -2.290316223996273326e+00 4.657874207314828818e-01 4.209486925749812425e-01 4.540498569872878365e-01 2.495004132753352033e-03 -1.175579481826817263e-01 1.394718212877879560e-02 -1.571257259613611845e+00 1.972098609371404632e-01 -7.909775658204258597e-02
6.886604593421941090e-02 -5.390504897361332592e-02 -1.368645570967089720e-01 1.671382141521108033e-01 1.198154025015463475e-01 1.205909129676596137e-01 -4.463349495565375330e-02 -4.857924072349898564e-02 -1.226762785085822927e+00 1.725385926138320869e-01 -6.470899914187441815e-02 3.788804091770354154e-01 9.565370620188266837e-02 -7.887791730396986889e-02 -3.680269603070462220e-02 -1.164253969813870970e+00 -1.154372050956633672e-01 1.632745700971790712e-02
-1.752960159023009001e-01 -9.187429350570670838e-02 3.789634740957804893e-02 -1.584079844708576879e-01 -1.851973824985985451e-01 -1.174773807348173174e-03 1.193532948268418714e-01 1.715847047698501049e-01 -3.565643212251938809e-01 2.788055179995314603e-01 -8.606277884259759536e-02 3.062306117290212737e-01 -6.535304244201936563e-02 4.470845555609062605e-02 -4.526468691239611541e-02 -1.197647615046054215e+00 3.296489937678447057e-02 -1.611902310993241494e-01
-1.981118588567252758e-01 4.269591200593639280e-02 1.278534223071411784e-02 -1.468734233879345208e-01 1.988364638902673925e-02 -4.818890840851701440e-02 3.593345737470857171e-02 1.194561656330534044e-01 -1.575434583324588911e-01 2.953166723618548817e-01 6.266359296732681994e-02 5.990625298745699129e-02 4.258214122748871233e-02 -6.485377813806759983e-02 -1.501954288070374011e-01 -6.550853900160920062e-01 7.370767143736489668e-02 1.067079468088746735e-01
-1.623319008781582973e-01 1.623708992545352114e-01 7.186256367455728933e-02 1.720094963966673496e-01 1.491106893197156613e-01 8.857820240216048024e-02 1.777825018957349679e-01 2.867253879160894942e-02 -2.176582964384624896e-01 -3.768575525946772642e-02 1.473866356043900538e-01 3.623062483995368593e-02 8.054197489258119180e-02 -1.781187792224173116e-02 1.158197742451583800e-01 -6.117118492695047260e-01 -1.713810702694893995e-01 1.623172718125154568e-01
-1.655392724401497789e-02 1.595526817280305820e-01 1.381838584902505274e-01 6.827062183803599138e-02 2.874411312086605844e-02 -1.002126319756829198e-01 -1.368170093090251838e-01 1.527649843942665009e-01 -2.201113143761167512e-01 1.509831819188469371e-01 1.283966948853488832e-01 -3.442818638544292795e-04 -1.026254640486201769e-01 -1.546220431844430587e-01 -2.966339653253942388e-02 -1.682003987007930634e-01 1.715967209170240482e-01 1.650160144016575570e-01
-3.930718301882379917e-02 -1.616469602001913142e-01 9.012101380293600916e-02 9.752259801354518087e-02 -1.876360041390946476e-01 -1.482850331002914107e-02 9.740040911765944498e-02 -1.652585179241036484e-01 -1.542793208958583850e-01 2.291639070080517815e-01 1.144580942877260477e-01 -1.411872706782398568e-01 -1.927749418411318916e-01 -5.629865840289705742e-02 -1.882784044758479269e-01 -2.072983375493072100e-01 -1.888017316420044778e-01 1.855545187105223370e-01
1.225889338085534991e-01 -1.734848363110300107e-01 1.394216343978838257e-01 -1.121330742437326305e-01 -1.179829690092635552e-01 7.554549132514275234e-02 2.060984852592362970e-01 -1.327589699777719789e-01 -4.563145598147681503e-01 3.816035465017303483e-03 -1.807124587247461167e-01 7.183358367118328203e-02 1.267513524580079487e-01 -1.252032935260667390e-01 -1.550504200954246625e-01 -2.382465625790816943e-01 1.932016391675114853e-01 -1.520656266170934967e-01
1.827999103135868053e-01 -5.659229411676894306e-02 -2.462064818486033729e-02 -7.920656454455513029e-02 1.749266099708162714e-01 1.879909412510096522e-01 8.206394990748344664e-02 -1.129266617085765700e-01 1.161167812477242878e-03 -1.092107171046214353e-01 3.090443176276467044e-02 -1.090166724835783946e-01 1.462200938254513138e-01 1.782713785291367703e-01 1.217581561634763637e-01 -2.410972670286261887e-01 -9.528974688909909452e-02 9.854369656911642072e-02
-8.559687041855371104e-02 -3.347377389710284173e-02 -1.882300593834110858e-01 -1.434193885583975869e-01 -1.917007831339932744e-01 -1.666118412760528578e-01 -1.525835748610431530e-01 -2.322645528296985590e-02 -1.008017297585277472e-01 1.323554159303256816e-01 -1.401457703070479732e-01 -3.459377959976663724e-03 4.697492512004214360e-02 -1.661776985153974318e-01 -2.206227596387131881e-02 -2.099008365979381785e-01 1.873672128994640917e-01 -1.781256927631356124e-01
-4.010184346342916123e-02 -3.438169527070362996e-02 7.918925800394213677e-02 -6.804675858886741202e-02 -1.183202861903649289e-01 -7.866713446104420249e-02 6.461001384056835883e-03 1.853164583250459796e-01 4.012569814670689794e-02 -5.708284621043392681e-02 3.750751223383598509e-02 9.864324707937341397e-02 1.131383966307730748e-01 -2.153422399412353513e-02 -4.047443977516040209e-02 -4.965077065619512980e-02 -1.909157296983567814e-02 -1.032408981290119099e-01
-2.113234436556300083e-02 1.738926530107797741e-01 -1.512334663038550076e-01 -1.223957600357312818e-02 5.498412651995183281e-02 -3.971689112726398997e-03 -1.022618615490974714e-01 -1.948932768938002325e-01 1.623240388045350813e-02 7.667087266681595070e-02 -1.842020003566273434e-01 -6.106605486984049286e-02 1.033703100147016080e-01 5.156816737975960380e-02 1.809266005412887846e-02 -2.857018789491152511e-01 8.897802799097119519e-02 -1.291811174622286770e-02
6.790668875975387764e-02 1.034941650881586322e-01 -1.188464668011448011e-01 1.062383347064364686e-01 -8.793400475030503649e-02 1.975509759004712429e-01 -1.412242435793935602e-01 1.546251541857406875e-01 -2.089515538755015167e-01 -8.097452953044015356e-02 2.470950368613476084e-02 4.467959265612808650e-02 -4.324829908757599900e-02 -1.591872998307969911e-01 -9.894950293123330742e-02 -1.981367638655931462e-01 1.055574928605936547e-01 1.609411699777024141e-01
3.423579394001750181e-02 -1.861524597776735845e-01 1.030794792907693547e-01 -7.689072120552238598e-02 -6.402625540182288466e-02 1.670069679757298087e-02 -9.101727073201054674e-02 1.709669791742489953e-01 -1.863371375579322142e-01 -2.072487173845884850e-02 -6.339122102360272848e-02 1.490900549080808983e-02 2.610817502359690997e-02 5.085587876280561748e-02 1.254670049965942065e-02 -1.120186100665180318e-01 5.584976938484780690e-02 -4.167190828376491490e-02
1.063355603790769183e-01 1.147260587040550839e-01 -1.016866568901572121e-01 -4.978372944817802126e-02 5.155659133772638042e-02 -1.308811657904197234e-01 8.871318881428319481e-02 -3.655650709151757327e-02 -1.293170319125550027e-01 -1.281731902008378388e-01 8.329112206104677396e-02 -4.726854990056272160e-02 -2.190537097092516705e-02 -3.395703633545602007e-02 -9.334905647691882011e-03 2.377241983733914543e-02 -6.994900046783017467e-02 5.633452601119606773e-02
