-2.729364406271849175e-01 2.746387947476103264e-01 4.388626728141242772e+00 -4.096430149616103744e-01 -2.315879003292788396e-01 -2.723121665215512133e-01 -3.916019007829174003e-01 -1.457261037992221842e-01 -1.744025972214200138e-01 5.017470974875165579e-01 -6.883009061047853372e-01 -5.916403329154195090e-01 2.890570185295252559e-01
-1.737667771894363111e-01 2.939972586158106638e-01 4.430862198041241040e-01 -1.109296254000463472e-01 -1.983499089720162367e-01 -1.445992522532497937e-01 -2.272784667396539615e-01 -3.565835975945328973e-01 -2.375751511401575922e-01 3.096409704669662588e-01 -6.893568837859210818e-01 7.161498256664990125e-02 1.667110861462813565e-01
-2.120183592837764780e-02 -4.062038127238132984e-02 1.184611842750760841e-02 1.171360651094671829e-01 1.453302138826932099e-01 1.083050422329932677e-01 -1.124627515681591861e-01 1.990969761116735126e-01 2.316735462325152095e-02 -6.927658129906304196e-02 -2.086007999290556518e-03 1.796079920137215735e-01 -9.231821628405554453e-03
6.228380397602135965e-02 -5.617063484695603015e-02 -6.831015437007342816e-02 7.855301239828514637e-02 -2.000627613224712775e-01 1.196532871222636962e-01 3.205694785212306885e-03 -1.792214810671753644e-01 -1.721579303622182977e-01 7.718135957457142315e-02 9.466743503939782645e-02 -9.369577429626618770e-02 1.993789430777283267e-01
-1.653266286946551977e-01 1.499175566840114937e-01 -1.264966222413603340e-02 -1.684550616088698882e-01 -9.056882594102297346e-02 -2.403157814607425474e-02 1.164888914791687852e-01 1.325898587287129560e-01 -1.578048867109248798e-01 1.577614865441702430e-02 2.937245372106188010e-02 -6.505219607278825422e-02 1.531098913684107998e-01
-9.255650024437125922e-02 -1.863643567217679042e-01 -1.359239655565041005e-01 6.804544828159189707e-02 2.268408247093794267e-02 1.743007099163743912e-01 1.719622435585017040e-01 1.559892721028331986e-01 -1.919963474434287776e-01 1.122998576854716823e-01 5.551064381761305205e-02 5.989275160895127237e-02 8.901705283186278628e-02
1.471294141278131906e-01 7.432608989045140502e-02 4.738501312251523767e-02 4.301881022175145855e-03 -1.187180184717401693e-01 2.438932554995815183e-02 -2.009658907035545006e-01 -1.551831203079820087e-01 -8.711708015028329921e-02 1.517232774516569793e-01 2.731573821662533139e-02 -7.195810513611343440e-02 5.560827203178181355e-02
-1.891695830726990712e-01 -1.272350872742242234e-01 2.594928903516121044e-01 -9.044170460326081407e-02 -4.281873980089817566e-02 1.408844558275208943e-02 -8.674146489915493530e-02 -1.708722966705311305e-02 -1.143546661560164851e-01 -1.681871325298940623e-01 -1.585308187098140864e-01 4.906362688716929890e-03 -1.682576233461096360e-01
-4.283846865933445963e-02 -6.536702367481075915e-02 -1.900202238264621021e-02 -1.623426797171780844e-01 1.630125123076177907e-01 -1.320612679491283380e-02 1.341870878086695029e-01 1.861597130831326996e-01 -6.758241521804132790e-02 -8.161261535780865804e-04 6.387747165407153815e-02 -3.310816606178674376e-02 -7.355649814446144075e-02
9.222082627444906644e-02 1.600678110094153339e-01 1.981569066206482765e-01 5.016863143802955533e-02 -4.996203793081754885e-02 1.886212215914495616e-01 5.595140649346198869e-02 -1.739538814155895119e-01 -1.683672482637387779e-01 1.032930348309113455e-01 -1.824342631010439919e-01 -1.988507914174160729e-01 -3.925615629809280083e-02
6.270623415916551542e-03 -1.758598927504601700e-02 7.390623516471331658e-03 3.323395087619075011e-02 7.155233239208728946e-02 -3.249714636917402227e-02 -5.347682369130334068e-02 1.931583904123043149e-01 -9.935169309407787530e-02 1.139105534410582155e-01 -3.726092741625830485e-02 -5.993375795973470560e-02 -1.706774611829735000e-01
1.308832635780339815e-01 1.016745525001740286e-01 2.758026583479269433e-01 -3.291813395558861044e-02 6.866070223543667417e-02 -1.643137018423779516e-01 -4.741982417695362467e-02 -1.338521071799678441e-01 -2.059664044335949573e-01 2.191405964648548976e-01 -1.816007449796363249e-01 -1.499077401639374307e-01 -1.127193201180939908e-01
