1.906807842282604026e-01 5.791864100132686488e-01 -4.271386282015647295e-01 2.180040422507181774e-01 -5.476714335756830421e-01 -5.397450497277528347e-01 -5.687837744469771695e-02 -4.544682789982282811e-01 -1.876976644624420154e-01 3.612716708988461534e-01 2.226907631159023015e-01 -6.273000402151518440e-02 3.489089511640528496e-01
-1.823232175247145315e-01 -4.776655828739822529e-01 4.737544412930230209e-01 -4.563716636744152150e-02 2.081148790182228148e-01 3.469635228616738676e-01 -6.881440009729368479e-02 3.600784090284998851e-02 1.213506060319246571e-01 -2.422907902948477910e-01 4.087840773980458975e-01 -4.069188335308585591e-01 -8.035867323825743314e-02
-7.336519182004712369e-02 -3.562376487320493834e-01 2.239892581358572665e-01 5.926247810468909111e-02 3.077601725328098503e-01 2.714611040272023046e-01 -1.072425801003163287e-01 2.943026485886988119e-01 1.245584759861936147e-01 -3.091449782308655081e-01 2.548154588655708874e-01 -4.597520562172952019e-02 -1.551898893574548965e-01
-6.894589742356842244e-02 -7.347915791745990299e-01 4.400837123094697989e-01 -8.916555418500878016e-02 1.224257934008422116e-01 5.940086126764082541e-01 2.528558983050654616e-02 1.510795189375884473e-01 8.633391555989729238e-02 -3.481436899294845233e-01 3.150484266766051533e-01 -3.017725691423469581e-01 -1.387098919325710777e-01
-1.692251049620875636e-01 1.098091964230983181e-01 -2.044335641991945271e-02 -1.818071589143711309e-01 -1.043083514109742482e-01 -3.264395186591523973e-02 1.234408223805863875e-01 1.568343154662707184e-01 -1.279978664298743740e-01 -2.359364644258153676e-02 7.237037885754862843e-02 -9.723636814104441584e-02 1.419250906056775952e-01
-2.211329460222374588e-01 -8.234050949667721664e-01 3.737567611888538144e-01 -1.024553488999068313e-01 3.139300498083956725e-01 6.648176909969811810e-01 1.853768116684580969e-01 4.728073173445322963e-01 5.736413646944460432e-02 -2.998892823999385615e-01 2.306077149441489449e-01 -1.097517254459626779e-01 -2.310118944821770159e-01
1.143525976711422948e-01 -1.560873117916064534e-01 1.244877448313756602e-01 -4.973191195746182180e-02 -5.080943797567695486e-02 1.540473367276478933e-01 -1.868913481137584875e-01 -3.777809532798444975e-02 2.225921919463133558e-02 -3.278411147616216992e-02 1.362729004030660274e-01 -1.451621968866506351e-01 -4.975643706484742662e-02
-2.123375517856448680e-01 -2.331110099921118450e-01 3.644414627804814510e-01 -1.151609572731187026e-01 -1.976574516038058461e-04 1.761659566356303941e-01 -8.009923110428873727e-02 2.820032543042935366e-02 -6.997799058720384491e-02 -2.294744521560685702e-01 -1.918178525346701455e-02 -8.801868218079782202e-02 -2.006423007166597272e-01
-1.119845208010853133e-01 -3.714320710810138371e-01 3.412980903209238970e-01 -2.437337600181561093e-01 3.197402031461257232e-01 3.395086521986539485e-01 1.399527210098227836e-01 3.222479366246369104e-01 4.072472236825148278e-02 -1.720108735643558484e-01 2.651167087723657056e-01 -1.990181397229680849e-01 -2.087643058892367509e-01
1.978669185678673670e-01 1.016128308464076868e+00 5.139047266915242052e-01 1.912784273122414003e-01 -6.358164548615676814e-01 6.789089965270784788e-01 3.143279174341097326e-02 -6.267722322400154367e-01 -4.230916909962101902e-01 6.941227766607312999e-01 4.595664616247057688e-01 -4.728270351928460791e-01 6.018788921438520401e-01
1.740342237042865337e-01 8.366053973890167361e-01 -6.635228494445303271e-01 2.534525519885797995e-01 -3.896562496296928635e-01 -6.485820888729680878e-01 -5.550605359076338924e-02 -2.378681270623179689e-01 -4.078073750488299676e-01 6.420662793372727828e-01 -1.280070799171646734e-01 6.018970707581705604e-02 2.950908793463529745e-01
1.247023822355006750e-01 1.912854513590888650e-01 3.326949835897560215e-01 -6.218097132140346095e-02 -2.691057866501538887e-01 -2.067018060800045465e-01 2.895722209965387404e-03 -2.076993482856453743e-01 -1.521405761905353371e-01 1.690321415225579382e-01 1.460815320837061948e-01 -4.853054225489358831e-01 7.170838720191211046e-02
