-1.228714076067094069e-01 -1.429858085225038655e-01 -4.735092146157137138e-01 -4.096288518620817554e-01 -1.053932536164502859e-01 4.624449328910024137e-01 -5.995497260879816270e-01 -3.196095618719922010e-02 1.306913136110194884e-01 -1.068627698955766231e-01 -1.351180453037216789e-01
-6.034597103200496360e-01 6.817545927049148968e-01 1.275949959959738145e+00 1.733712651745740463e-01 4.302744538699882493e-01 2.440764157492857078e-01 1.925771752495978983e+00 1.339480683285126407e-02 -7.456331772333957275e-03 3.279792247867076016e-01 -3.208869737997827598e-01
-6.719824428372590808e-02 1.376601946650232167e-01 2.215251439108777143e-01 2.390582741950791901e-02 5.538909094833149166e-02 -7.014638440100397221e-02 4.783259539175404584e-01 -4.058893210256356299e-02 -1.067426781224737643e-02 1.461679077939273264e-01 -1.765536815162078721e-01
-2.019624451865914549e-01 3.061834849113220236e-01 1.452648608835265809e-01 9.254482978053694964e-02 -1.525927894606176616e-01 9.789927624518010574e-02 3.485925235227386176e-01 -2.288319598873346239e-01 -1.569122454515088638e-01 -2.684276493375229930e-02 1.016308920280737105e-01
-5.028139646125311807e-02 -6.997828221966392870e-02 -7.777102020388106107e-02 2.022984597712982058e-01 4.122414346307379934e-02 8.212991499467436896e-02 8.786250969067049832e-02 -7.295405261126591823e-02 -5.739139640304737056e-02 5.284549018047827312e-02 -2.052710805619853696e-01
1.315830158697642131e-02 -1.685363241435622605e-01 -3.412294428214971975e-01 8.514034964424312124e-02 -1.185077751354551012e-01 1.333884370527410601e-01 -2.878418736604827499e-01 -7.694071519178262430e-02 -5.467873300698437855e-02 -1.745100138742341350e-02 2.154785057233229995e-02
3.110316593159121457e-01 -4.269743072824190300e-01 -4.912826267829594751e-01 -2.066414586175103485e-01 -2.249511101432107030e-01 1.418608639967650631e-01 -7.234979528391541903e-01 5.296424154608932872e-02 1.801906827352909579e-01 3.604745309926010027e-02 1.093296612919915367e-01
1.189491218094473543e-02 -1.356448728860329689e-01 -9.963838787513575046e-02 -5.624311697347743680e-03 1.143039636963417843e-01 3.171862127734760561e-02 -1.917099242034018269e-01 1.205991877056798722e-01 -7.718760277473660225e-02 8.962154555585769011e-02 2.399853131044691612e-01
1.937322856575492136e-01 -1.653003743314760687e-01 -5.050526353885481656e-01 -2.332821061153713682e-01 9.425341961642325073e-03 -3.741299329558925996e-02 -5.366934617123945150e-01 5.329778334354538100e-02 -7.387491448006826278e-02 -2.550486821274862148e-01 1.657359179022767637e-01
1.532800598201738973e-01 2.324269446192139127e-02 -1.363538628423688857e-02 -2.451213523036176456e-01 1.110193393283983310e-01 5.178742914345237924e-01 -3.074536994808593771e-01 -1.963023152254456116e-01 -8.461843538621385830e-02 1.993540752039993091e-01 7.403628341766954613e-02
