5.243325677505120685e-01 -1.035600915508320563e+00
-1.659204015962690848e+00 1.137765158359005380e+00
-4.005060877292963561e-01 2.264202119721857365e+00
-1.042735285568848536e+00 -9.566160980527019797e-01
-4.766842979421699322e-01 -1.984734155586884707e+00
-5.318565509117140211e-01 1.578374523676884023e+00
9.595746951034647143e-01 -6.266276864099266097e-01
-4.540351759149509614e-01 -2.199892117988678508e-01
3.443981793410134939e-02 1.604777841900946855e+00
7.444526441361558611e-01 4.908905899116682015e-02
-1.923438919940133829e+00 2.430657072612899761e+00
-4.554377102060238047e-01 2.790818452889551882e-01
-2.078732455557997572e+00 -7.273306504438082909e-01
1.384232050426217775e+00 7.104466932818364056e-01
8.385664631199745145e-01 -7.049137748143623483e-01
-5.886230582456047911e-01 6.594824892151563978e-01
1.191460908174250433e+00 -3.080284298475201576e-01
-1.804265872710817842e+00 5.300520846215820425e-01
-1.233348878819539918e+00 4.499009070923118414e-01
8.210016470686111179e-01 -1.333236312038836635e+00
-1.776575379802833865e+00 2.403640476921337310e+00
