1.699345290906990324e-01 2.540122488696690550e-01
-1.495506676539198665e+00 1.858746050696420626e+00
1.858645286564774679e+00 -1.324046643745850238e+00
2.974409764588376581e-01 8.138430615900983378e-01
9.661156991689726636e-01 -1.167875163050487025e-01
1.123550042686583872e+00 -8.022148591782207738e-01
-2.417396422288200786e-01 -1.027282193206261462e-01
1.022263220465294553e-01 -1.289851731950567126e+00
5.446719322687333387e-01 -1.037791694342422799e+00
-6.106480053039831102e-01 1.753068677518826002e+00
2.103265037789729508e+00 1.369604582596096742e+00
-2.393254844232624468e+00 -1.473144651655334814e+00
-4.338492233553450927e-01 1.197191362531456305e+00
