2.561667217750506625e-02 2.687769573603693285e-01
-1.356677960206564171e+00 1.843981342219792818e+00
1.997161840984006620e+00 -1.338811352234406282e+00
1.534864201659377203e-01 8.286077700785768885e-01
8.266095740453203167e-01 -1.020228078247507192e-01
9.841097795863100739e-01 -7.874501506913205162e-01
-1.032230826600385870e-01 -1.174929278073731931e-01
4.219741011803709863e-02 -1.303211122737178762e+00
4.048717251289199459e-01 -1.023026985993165994e+00
-4.721312699518727674e-01 1.738303969030269958e+00
2.241781592208907270e+00 1.354839874107540698e+00
-2.531831045168540406e+00 -1.458379943166667747e+00
-2.945591534324712435e-01 1.182426654043169822e+00
