-1.252067128407202135e-01 -1.529093168190698293e-01 -4.968021002014790244e-01 -4.383621111724341768e-01 -1.021897986679816545e-01 4.775129662484934867e-01 -6.342135648027016348e-01 -1.302362551711016246e-02 1.456725872940288213e-01 -9.462053318740673569e-02 -1.348264390354904363e-01
-6.609912937582502757e-01 7.350148971369597772e-01 1.374489782894131595e+00 1.669953133237653820e-01 4.582726455461577086e-01 2.600006909790484322e-01 2.080976277146369124e+00 2.252969353045668199e-02 -8.039992227578153516e-03 3.642313008070910962e-01 -3.484420688489425766e-01
-8.107359249183425376e-02 1.487344575270977687e-01 2.419085118669628554e-01 1.793280973560347491e-02 6.243111410396592204e-02 -6.425491726965905370e-02 5.109266418222860873e-01 -3.561160712116259730e-02 -8.514064353280302588e-03 1.564018091776307462e-01 -1.829309331914219794e-01
-2.139434595710323350e-01 3.163946028633544127e-01 1.623936539891961683e-01 9.096364136503617970e-02 -1.470047359832066525e-01 1.021127236023609552e-01 3.786610722485517222e-01 -2.261838893753078672e-01 -1.566614754705203394e-01 -1.912380720293191741e-02 9.572065425345023526e-02
-5.043128383638890294e-02 -7.081929783348636653e-02 -8.200326393122128743e-02 2.008491611231575935e-01 4.111694992742109117e-02 8.383431429873612617e-02 8.536726528796149960e-02 -7.125858851291376472e-02 -5.643392541737974472e-02 5.367910531159482412e-02 -2.056672787115609580e-01
3.003326794570622404e-02 -1.892152524422784365e-01 -3.804315120838184239e-01 7.630149291857027394e-02 -1.265627750247285965e-01 1.342884680647238038e-01 -3.425371351115207852e-01 -7.234516604484708679e-02 -4.869591721530081019e-02 -2.497858047878916826e-02 3.009657293976348083e-02
3.291634892341849250e-01 -4.476727909675679018e-01 -5.327204084889215485e-01 -2.145051006888917255e-01 -2.332846001405632919e-01 1.423585062729346706e-01 -7.844874393481550134e-01 5.699006638259051377e-02 1.856281383458577294e-01 2.839616454123959285e-02 1.181164531726537070e-01
1.292519927355008716e-02 -1.396116117372436238e-01 -1.082051016713879849e-01 -1.323333598841047384e-02 1.146314894043838073e-01 3.512435698482519603e-02 -2.075667364670466808e-01 1.252374003353579068e-01 -7.320581731353767441e-02 9.219053090309750620e-02 2.409491043099767082e-01
2.076363208717829367e-01 -1.779021253942865977e-01 -5.330885916766916477e-01 -2.331742042512483515e-01 2.736716202196972422e-03 -3.930766897416725775e-02 -5.774942404490062131e-01 5.296550243994990054e-02 -7.295222806981022101e-02 -2.623222892050510735e-01 1.716064689189077397e-01
1.381561852565575677e-01 2.348437393042490315e-02 -3.537447186696058427e-02 -2.733717870452670451e-01 1.186309777831939943e-01 5.420642074207430161e-01 -3.145561890376510905e-01 -1.715273026078673047e-01 -6.939789366109691549e-02 2.208212164474151196e-01 6.538882828971624706e-02
