-2.802612471146531115e-01 2.433350590366855082e-01 4.388626728141242772e+00 -2.422822782562840949e-01 -2.344068545381007007e-01 -2.719364809296363483e-01 8.345791445279299170e-01 -1.601444877711092618e-01 -1.803227002900426035e-01 4.916105659956866991e-01 1.562778328509587311e+00 -5.921325390087509577e-01 2.909095208404045008e-01
-8.982892341138319636e-02 2.876353783643283424e-01 4.430862198041241040e-01 -7.201819853182951647e-02 -1.998419568730585294e-01 -1.434285235646798329e-01 1.008883239205054377e-01 -1.685717214763585436e-01 -2.404527540941767960e-01 3.055277930527914854e-01 3.033996054970383160e-01 7.118967207370195671e-02 1.678241060646599447e-01
-1.755430972165927805e-02 -4.059392963307502378e-02 1.184611842750760841e-02 1.058690132951387863e-01 1.449221998479162665e-01 1.082380995715261224e-01 -5.033965515037369665e-02 1.920723962027920395e-01 2.228048912774293830e-02 -7.057967262118122753e-02 8.258537136062056583e-02 1.795571685576765608e-01 -8.979048889863252420e-03
6.654084623540873489e-02 -5.707923089776839598e-02 -6.831015437007342816e-02 8.066725528442848792e-02 -2.001512871836481910e-01 1.197719696682696400e-01 2.440977154310784714e-02 -1.629844686171401935e-01 -1.723151389471059836e-01 7.694415174871840901e-02 1.628733313121294990e-01 -9.372928210257147619e-02 1.994512857561250574e-01
-1.606851887883093410e-01 1.495511289592811877e-01 -1.264966222413603340e-02 -1.697572530609803565e-01 -9.060901944597696267e-02 -2.395614704839204440e-02 1.207348138562882589e-01 1.435176386925305636e-01 -1.578703281728159880e-01 1.568715608359042696e-02 7.529372204168560678e-02 -6.507103075822787130e-02 1.531455118410523231e-01
-8.944281052845108604e-02 -1.863168617701791985e-01 -1.359239655565041005e-01 6.865601187136317896e-02 2.262639571828959847e-02 1.743362751486288997e-01 1.810892815591826355e-01 1.627195577413002858e-01 -1.921095389565147804e-01 1.121519320381754309e-01 8.201938216292212203e-02 5.987797538654306834e-02 8.905870880802578549e-02
1.542976482826782791e-01 7.400496004324083610e-02 4.738501312251523767e-02 3.652207677834209531e-03 -1.188802057258760009e-01 2.445157455264585639e-02 -1.740518551725524776e-01 -1.428714041541950530e-01 -8.744642329649096602e-02 1.512513814936237988e-01 1.219545010665662454e-01 -7.199332507458165720e-02 5.572055469217999935e-02
-1.860031864586750017e-01 -1.273802457896798801e-01 2.594928903516121044e-01 -8.969236294917135033e-02 -4.288324431926179847e-02 1.413971115433326417e-02 -7.073995277111044810e-02 -1.016610959009717728e-02 -1.144784764481066863e-01 -1.683564539104460411e-01 -1.191769654803041673e-01 4.887892213813284370e-03 -1.682095190286406194e-01
-4.014680063863205334e-02 -6.541247278892738104e-02 -1.900202238264621021e-02 -1.619028284579402954e-01 1.629727397438443526e-01 -1.318546207807767823e-02 1.427222206174370012e-01 1.896308605255627444e-01 -6.766107698305669216e-02 -9.246308249271064034e-04 9.260805469535973722e-02 -3.311768169855057453e-02 -7.352845389037511448e-02
9.262059495220417715e-02 1.599202612774008880e-01 1.981569066206482765e-01 4.980032993168970884e-02 -4.997893281975190199e-02 1.886305621517008202e-01 6.180265116464796205e-02 -1.740366029718122265e-01 -1.684005205296359997e-01 1.032403149644533780e-01 -1.733372279386432568e-01 -1.988549245952979661e-01 -3.924420851446762393e-02
7.348012626648748637e-03 -1.775228939109647561e-02 7.390623516471331658e-03 3.339032996982686796e-02 7.153739497311466244e-02 -3.247436303846888001e-02 -4.690719790461286842e-02 1.949959970718598279e-01 -9.937731910175175154e-02 1.138723457121145477e-01 -2.699209905880493171e-02 -5.993986006733162397e-02 -1.706649417580060335e-01
1.374951428142926479e-01 1.011530416507218644e-01 2.758026583479269433e-01 -3.285330361788943443e-02 6.847654935719357794e-02 -1.642430225330431537e-01 -1.437394471390754207e-02 -1.208361073638927058e-01 -2.063405635509391878e-01 2.185954489851257565e-01 -8.597647162004563859e-02 -1.499477324086350705e-01 -1.125918042198527785e-01
