2.080489564325258833e-01 2.881665583606757841e-01
-1.554325867453186794e+00 1.824591741234463660e+00
1.798895942789893621e+00 -1.358200953229092844e+00
3.448059953447943360e-01 8.479973710765290607e-01
1.023569905430867344e+00 -8.263320683337882500e-02
1.181182136798030413e+00 -7.680605496956951495e-01
-3.014889578606995135e-01 -1.368825288026305487e-01
2.784382864410176461e-01 -1.309539264328611230e+00
6.009938312113980441e-01 -1.003637385098238743e+00
-6.703963592634722968e-01 1.718914368035582063e+00
2.043515694014798711e+00 1.335450273112854136e+00
-2.334136015489385763e+00 -1.438990342171829750e+00
-4.907977174712339075e-01 1.163037053048548986e+00
