-1.933199059103599127e-01 4.941495796327708412e-01
-5.189483523969612433e-01 1.073958609167150885e-01
-4.518226367017063594e-01 2.085737366804142900e-01
-6.586951426883537464e-02 4.419734203792812649e-02
1.050615807628036275e-01 3.498941906068899627e-02
-6.426365612283840845e-01 1.317833042896187301e+00
-2.045174721179299770e-01 2.169411995628616266e-02
2.093195455145290818e-01 -2.918275857399247886e-01
1.742218001953745876e-01 -1.730983717243923803e-01
-6.292116722430547426e-01 7.738452097119581374e-01
1.342745066871796344e-01 -1.619112359097792941e-01
1.376251446557994196e-01 -1.413116416991810453e+00
-5.009637632160774956e-01 -1.211189282130415434e-01
1.036540892327833419e+00 -3.750148849025880526e-02
-8.543166363241139205e-01 4.178713602284439554e-01
7.572188209621739663e-01 7.446376937774656923e-01
-6.034899551606043647e-03 3.422828994647841155e-02
-4.036723693137131419e-01 2.762294830697976100e-01
9.970879441917055441e-01 8.452222809976366324e-01
-6.178501206565728543e-02 1.345398136419121739e-02
