-1.703759012901649106e+00 1.191812218558419900e+00
1.672373501587167244e+00 4.897073053957105571e-01
3.554288334917284908e-01 1.071635189943130229e+00
-1.624094809218957991e+00 9.172689770578541513e-01
7.442017562986372736e-01 -1.455501448041079282e+00
2.607144462990803602e-01 1.149203363670740607e+00
-1.032619493568695423e+00 -1.753492520620274941e+00
-1.586559570404187047e+00 -7.014406660270380289e-01
-4.629629813461330068e-01 1.406810966910737370e+00
-9.035128652315585485e-02 1.124949533554711945e+00
-1.056209948506291241e+00 8.670013727784109392e-01
1.904979919463875238e+00 -2.750018114267712699e-01
1.449115924853564774e+00 -1.707029172923216542e+00
-1.689344997664661729e+00 -1.913758465369730377e+00
1.440325481917749340e+00 1.398184451566846676e+00
9.819043188732977656e-01 1.461307221433349568e+00
-7.903916077274798502e-01 1.164274866509056761e+00
1.533075290127171364e+00 3.994568737431045680e-01
1.194759812172709434e+00 1.270404938074058965e+00
6.206770643267386367e-01 1.267722485267640753e+00
1.581359517270422899e+00 -1.070838498249373494e+00
-1.172784446476437203e+00 3.959703121040192286e-01
1.526288456021668516e+00 1.337781149035814909e+00
1.268211922191777363e+00 -1.308564786382458767e+00
-9.433068162747381136e-01 1.813370333424622061e+00
8.987218601522467543e-01 8.727735370114966251e-01
1.375492079117796917e+00 6.461290929256373605e-01
-8.270285223743818470e-01 1.600967866682727170e+00
-6.766478105364007734e-01 1.714855438607315818e+00
5.907480790674680682e-01 -1.150713831741877247e+00
1.422879450164214354e+00 1.249298298800484375e+00
1.531355221876214756e+00 6.576248988883168778e-01
-1.419649296617392809e+00 -1.635976059248431369e+00
-1.471643198015833320e+00 1.722372903010170042e-01
-6.553482578988839569e-02 4.100304737798418087e-01
-2.198651772887590949e-01 7.921663659786990497e-01
1.576594067178113956e-01 6.712486377684880878e-01
1.422401266247564910e+00 -1.727387220780258303e+00
1.397821006059233540e+00 -1.044184203361659957e+00
1.878683124644258573e+00 -2.405505134953059843e-01
-3.328036543105008516e-01 1.938339973772220226e+00
2.269623783001628592e-01 -1.753699758636027450e+00
1.570597194476686775e+00 -8.297485626609757414e-01
-3.942352932978541169e-01 -1.413777994750182287e+00
1.978842207451537050e+00 4.972490192003526377e-01
1.616576731527533006e+00 4.091507736157629083e-01
1.453903145754778414e+00 1.563874643874180403e+00
1.830162237531799629e+00 1.031131823121752777e+00
1.811772793193035191e+00 7.369104223002709286e-01
9.604351391494371226e-01 1.632859380240485603e+00
1.769655311318436119e+00 1.845817895854697799e+00
-1.984565693013407017e+00 2.692160759495451083e-01
1.842372563963554200e+00 6.664056985378685738e-01
