-2.703489951178584816e-01 2.740207417732934414e-01 4.388626728141242772e+00 -4.094897633965907113e-01 -2.232641698705208344e-01 -2.632790968003645982e-01 -3.916366137126627289e-01 -1.417516791903556672e-01 -1.739550158291495174e-01 5.017470672633650430e-01 -6.883009061006775120e-01 -5.920809171707843710e-01 2.893706134512073480e-01
-1.721392616411684395e-01 2.936530682898715328e-01 4.430862198041241040e-01 -1.108142720615351989e-01 -1.938982083818298896e-01 -1.387589686554409063e-01 -2.273045757816149481e-01 -3.547164813941937611e-01 -2.373818497998496091e-01 3.096409507732245658e-01 -6.893568837833371488e-01 7.123446270237961120e-02 1.669313179347736709e-01
-2.085800511027357043e-02 -4.070816582166928571e-02 1.184611842750760841e-02 1.171540476826007232e-01 1.465340622721337804e-01 1.094852565160744501e-01 -1.124668271711484618e-01 1.997098632755423542e-01 2.323813299492205955e-02 -6.927658523209093144e-02 -2.086007998744062245e-03 1.795624755262856531e-01 -9.193059908481794953e-03
6.239288874212752661e-02 -5.619177107996884551e-02 -6.831015437007342816e-02 7.856156219658702589e-02 -1.997981298940555706e-01 1.200516082251296829e-01 3.203760316615445608e-03 -1.791272601750985849e-01 -1.721488197656830532e-01 7.718135822554525460e-02 9.466743503957113226e-02 -9.372574748604710348e-02 1.993947003660178907e-01
-1.652715903353272064e-01 1.499076365461558258e-01 -1.264966222413603340e-02 -1.684504321060881216e-01 -9.044831430651707749e-02 -2.382796239577007064e-02 1.164878442635951944e-01 1.326261360919668009e-01 -1.578017659520342397e-01 1.577614796247583592e-02 2.937245372114919220e-02 -6.506904204454140583e-02 1.531182231771690549e-01
-9.249622350871024301e-02 -1.863774823676894177e-01 -1.359239655565041005e-01 6.804956119227702216e-02 2.285549931809630064e-02 1.745156595657819665e-01 1.719613125172369250e-01 1.560627871534752131e-01 -1.919884288220346236e-01 1.122998569616477094e-01 5.551064381770890593e-02 5.987953037819261637e-02 8.902501291673269035e-02
1.472892747710619343e-01 7.428975033710200071e-02 4.738501312251523767e-02 4.312138729225618340e-03 -1.182365318207531796e-01 2.495396926447320321e-02 -2.009682133376759494e-01 -1.549636690417269813e-01 -8.709305688551344238e-02 1.517232755554273615e-01 2.731573821687920470e-02 -7.198962358823746133e-02 5.562859846356648513e-02
-1.890991890593858860e-01 -1.272499461682962130e-01 2.594928903516121044e-01 -9.043670287208470382e-02 -4.262672406268911557e-02 1.434114830700412152e-02 -8.674259697465906693e-02 -1.700802310988246482e-02 -1.143463662505030537e-01 -1.681871333822035075e-01 -1.585308187097021204e-01 4.889837477982621541e-03 -1.682480839814907703e-01
-4.279814156950026427e-02 -6.537594728748970241e-02 -1.900202238264621021e-02 -1.623399887703275701e-01 1.631297081036409968e-01 -1.306281890637231956e-02 1.341864785972506635e-01 1.862101395581151897e-01 -6.757686822201373900e-02 -8.161266356239349137e-04 6.387747165413587558e-02 -3.311668077149524519e-02 -7.355124411215445412e-02
9.223804894622215922e-02 1.600640275013739400e-01 1.981569066206482765e-01 5.016979186311675692e-02 -4.991243564649991415e-02 1.886825245810442031e-01 5.595114378801153282e-02 -1.739328923623520984e-01 -1.683649421403688173e-01 1.032930346246968278e-01 -1.824342631010186788e-01 -1.988544897471505313e-01 -3.925389778892125758e-02
6.289678928279052519e-03 -1.758958533604637609e-02 7.390623516471331658e-03 3.323548514732752729e-02 7.159687979944331926e-02 -3.242722751016145072e-02 -5.347717079853898936e-02 1.931727341934442455e-01 -9.935028575405797924e-02 1.139105532039400293e-01 -3.726092741622800963e-02 -5.993921613009135091e-02 -1.706746603551549668e-01
1.310648118920786365e-01 1.016332815839903758e-01 2.758026583479269433e-01 -3.290648575120169728e-02 6.920757010959861788e-02 -1.636724608912689949e-01 -4.742246166085337805e-02 -1.336028349735546017e-01 -2.059391119169626527e-01 2.191405943114703714e-01 -1.816007449793481110e-01 -1.499435293769353916e-01 -1.126962373052703276e-01
