3.800979706352966003e-01 2.060522687788182428e-01
1.111684357102717957e+00 7.850279558205566777e-02
1.028517268492544101e+00 -2.212965711395193102e-01
2.100056979901159804e-01 1.588096434834994630e+00
1.327782804166988795e+00 4.096728598641981023e-01
-2.134828880776021620e+00 -1.042063915940737884e+00
2.691144628098085523e-01 -8.264270905415529445e-01
-1.599130707882381097e+00 1.233530624561032019e+00
1.581403913109291626e+00 -6.299488781754458699e-01
-5.028483872529557752e-01 1.271511652630024525e+00
-1.614043727229748981e+00 3.438864309961447430e-01
-1.248382704742554861e+00 -7.294433931777419833e-01
1.456192876013214565e+00 -1.920676081861116380e+00
-1.395254929387133691e+00 -5.110301841248450216e-01
