9.890719281164328525e-02 1.506517048998456954e-01
-1.144630613989206624e+00 1.942717345068643464e+00
1.626263852194457682e+00 -1.352035878582078521e+00
3.653927416141284912e-01 6.991357524700297921e-01
1.737205044460794046e+00 -9.505434858543285181e-03
1.230731510640676207e+00 -6.989550062475921033e-01
4.478763079419181281e-01 3.527418723095297661e-03
6.821100438408337352e-01 -1.183207984493922282e+00
1.879066907042764301e-01 -1.122551263355787698e+00
-3.889753685697702190e-01 1.848520979329421943e+00
1.343673843923645972e+00 1.263737520185769236e+00
-2.108492878098767509e+00 -1.407039827197346993e+00
-7.183619995969547922e-01 1.105686853241641066e+00
