5.131122914501411447e-01 1.514780860561602549e-01
-1.078121597440522050e+00 1.566260896863920671e+00
2.275400446082421979e+00 -1.616500323619487034e+00
4.432021942440986795e-01 1.106329248593211911e+00
5.491551643668586280e-01 1.764290947865016501e-01
7.066970949135426006e-01 -5.086893146142303923e-01
-8.698626639591346965e-01 1.903683257615044200e-01
2.701956895120832813e-01 -1.105199499540622909e+00
1.281009943257889749e-01 -7.450245203139804762e-01
-1.957146972776221128e-01 1.460613782153543205e+00
1.687558697811833097e+00 1.662697705741941423e+00
-2.810003322434599937e+00 -1.180664101685798606e+00
-1.722194079108905346e-02 9.044692739052074826e-01
