5.386405948266439481e-01 -1.019736883472988742e+00
-1.673559992210660763e+00 1.123472032290093736e+00
-3.861501795248272195e-01 2.278497141131485826e+00
-1.011805363886430387e+00 -8.633662133278646733e-01
-4.910402766969400035e-01 -1.999027211809857540e+00
-5.462097481564485157e-01 1.564001855115518591e+00
9.739083571967492858e-01 -6.088010014693663319e-01
-4.396791971561956336e-01 -2.056961556877884290e-01
4.879579669291116140e-02 1.619070898010503523e+00
4.782829737019975158e-01 1.666508702716091306e-01
-1.909084329830546656e+00 2.444988300033791528e+00
-4.410831530901042630e-01 2.934236902486289100e-01
-2.064376476799146154e+00 -7.130375943342218692e-01
1.398588029182620707e+00 7.247397494570124721e-01
8.529224027673057984e-01 -6.906196295411834996e-01
-6.029787888553876929e-01 6.451818865097516120e-01
1.205816808466388945e+00 -2.937331901149327074e-01
-1.818621851469583106e+00 5.157590285120149387e-01
-1.247588502065387406e+00 4.314228815645956283e-01
8.353576258268492483e-01 -1.318943255912969903e+00
-1.762219421873216785e+00 2.417934113756825543e+00
