-1.703758867284351330e+00 1.191812218558419900e+00
1.672373496236041923e+00 4.897073053957105571e-01
3.554289915817290813e-01 1.071635189943130229e+00
-1.624094972233250722e+00 9.172689770578541513e-01
7.442015933530640170e-01 -1.455501448041079282e+00
2.607146093135436771e-01 1.149203363670740607e+00
-1.032619625257486407e+00 -1.753492520620274941e+00
-1.586559710280427860e+00 -7.014406660270380289e-01
-4.629628183316696899e-01 1.406810966910737370e+00
-9.035112362916931927e-02 1.124949533554711945e+00
-1.056209785492943531e+00 8.670013727784109392e-01
1.904980082390594465e+00 -2.750018114267712699e-01
1.449115761839272043e+00 -1.707029172923216542e+00
-1.689345160678954461e+00 -1.913758465369730377e+00
1.440325644932042071e+00 1.398184451566846676e+00
9.819044818877170622e-01 1.461307221433349568e+00
-7.903914465242315446e-01 1.164274866509056761e+00
1.533075453141464095e+00 3.994568737431045680e-01
1.194759975187002166e+00 1.270404938074058965e+00
6.206772273411441665e-01 1.267722485267640753e+00
1.581359680224158737e+00 -1.070838498249373494e+00
-1.172784470592888706e+00 3.959703121040192286e-01
1.526288619035947924e+00 1.337781149035814909e+00
1.268211821031518083e+00 -1.308564786382458767e+00
-9.433066532603188170e-01 1.813370333424622061e+00
8.987220231666660508e-01 8.727735370114966251e-01
1.375491916994856290e+00 6.461290929256373605e-01
-8.270283671848680518e-01 1.600967866682727170e+00
-6.766479735508063031e-01 1.714855438607315818e+00
5.907479173452377941e-01 -1.150713831741877247e+00
1.422879520789118946e+00 1.249298298800484375e+00
1.531355384528794827e+00 6.576248988883168778e-01
-1.419649156581152205e+00 -1.635976059248431369e+00
-1.471643035001540589e+00 1.722372903010170042e-01
-6.553466278195539674e-02 4.100304737798418087e-01
-2.198653398874001741e-01 7.921663659786990497e-01
1.576595676794257106e-01 6.712486377684880878e-01
1.422401220909542019e+00 -1.727387220780258303e+00
1.397820843044940808e+00 -1.044184203361659957e+00
1.878682961630006698e+00 -2.405505134953059843e-01
-3.328034912960375347e-01 1.938339973772220226e+00
2.269625412345813720e-01 -1.753699758636027450e+00
1.570597247931089679e+00 -8.297485626609757414e-01
-3.942354563123174338e-01 -1.413777994750182287e+00
1.978842051364732235e+00 4.972490192003526377e-01
1.616576568603221187e+00 4.091507736157629083e-01
1.453903308769071145e+00 1.563874643874180403e+00
1.830162400546092361e+00 1.031131823121752777e+00
1.811772956062092543e+00 7.369104223002709286e-01
9.604349781137553332e-01 1.632859380240485603e+00
1.769655474332728851e+00 1.845817895854697799e+00
-1.984565856009074203e+00 2.692160759495451083e-01
1.842372726676825057e+00 6.664056985378685738e-01
