-9.019206642766073312e-01 1.548703699574392356e+00
8.372607589055655053e-01 1.507625539723658648e+00
1.455327313003927259e+00 1.308737615473368088e+00
9.132089682456148161e-01 -1.870546357979452345e+00
-1.403407110007461212e+00 -1.314056800305726469e+00
3.623848582803271268e-01 -1.908430851463078115e+00
-1.511274705467833046e+00 -2.352906706237641865e-01
-1.882668450580905706e+00 -9.171320111967935507e-01
-1.047479922303201860e+00 -1.343832509255696639e+00
-6.843940276638994513e-01 1.433483383677512712e+00
-1.061390336254604883e+00 4.897610194128431127e-01
1.002268046049852313e+00 8.103485029918833238e-01
-1.292261404498725730e+00 -7.614186167146632656e-01
-8.805900547981196924e-01 2.693199834690336233e-03
1.942825960302920540e+00 -9.253637716054802231e-01
2.058962187978934377e-01 -1.645732886476781065e+00
-5.448867709222551259e-01 1.706522306131307953e+00
1.571669657060932312e+00 -1.501057830137996874e+00
1.332688108264837856e+00 9.289648154469223318e-01
1.659017695983655560e+00 2.125775621799592258e-02
-2.810148379105668059e-01 1.469640549314488176e+00
1.649777280958558967e-01 1.053891842978533777e+00
-1.297059428885953825e+00 -1.891185263913316650e+00
-2.752471388622068638e-01 -7.300320319834603389e-01
5.956913580832468025e-02 -5.797228051487266498e-01
1.488627873140467628e+00 1.112421180669024290e+00
-3.911863438942920768e-01 -1.493641233580738970e+00
8.416197957359567994e-01 2.447572166224000756e-01
-1.368520942353751435e+00 -1.973587787847245423e+00
4.525499222195431548e-01 3.890764463960434683e-02
3.910488908553771958e-01 -2.931023658998107018e-01
-2.038031610681259598e-01 -4.816458744021147043e-01
-1.628982276612158442e+00 -5.696754451105336126e-02
-1.478385710889908111e+00 5.468216293401799710e-01
