-1.883895853686691768e-01 5.019380388175879171e-01
-5.179029936744969920e-01 1.026524927688009514e-01
-4.497309251283594378e-01 2.089539397540267629e-01
-6.473915938492315336e-02 4.331547824499580590e-02
1.066345892153196251e-01 3.920834116400958441e-02
-6.314396166319820036e-01 1.307773718732213375e+00
-2.053612374796406903e-01 1.760991296797780742e-02
2.056979066182713645e-01 -2.943275077298956321e-01
1.711626923959647939e-01 -1.727238497449699317e-01
-6.246662288195218293e-01 7.738511355042627660e-01
1.315389129039221117e-01 -1.607838070384371987e-01
1.431468242500118504e-01 -1.412960340384721070e+00
-5.042258095674383434e-01 -1.284480619683596447e-01
1.040773282141108202e+00 -3.360935795400583903e-02
-8.505168597805575770e-01 4.124507106688324320e-01
7.553507236724767981e-01 7.445381638236003852e-01
-5.794486968982268289e-03 3.515382093881533332e-02
-4.005538528824078015e-01 2.739419347395585236e-01
9.929797490084387723e-01 8.419730004132515155e-01
-6.106037552372496624e-02 1.263978211420906626e-02
