-1.814592437397190894e+00 -6.966017093125175252e-01
4.409547336476424273e-01 -1.941700398579240705e+00
4.292938119259320229e-01 -1.757700813881327706e+00
-1.558092455003072252e-01 1.703673289684215275e+00
-1.904023188214308826e+00 1.093387499411587610e-02
-1.678680849589017976e+00 1.367775920382575228e+00
6.475445705658317008e-01 8.714352835590752910e-01
2.571028062579321372e-01 -2.071434958387663450e+00
-1.809165711616721905e+00 5.807031773952410214e-01
1.702037293604664159e+00 1.341297525263520862e+00
1.062899114178239790e+00 1.059713775125449731e+00
-1.236630534740092768e+00 8.551414932961561854e-01
-5.868139629498592136e-01 -1.427046558780477481e+00
-2.119354333718906358e-01 -5.828374533977022098e-01
-1.382397255618449838e+00 -2.168528996625102290e-01
1.767211655790656755e+00 -1.076049453967180547e-01
7.760229603783730390e-02 9.859622073672794640e-01
4.141708228122924218e-02 -1.334888124397552334e+00
