5.734953593788844062e-01 1.269232140813512377e-01
-1.138635746985056318e+00 1.591617636172139916e+00
2.214876866602977667e+00 -1.591108566578580241e+00
5.037156063386825089e-01 1.081030713491654360e+00
6.093159100999272493e-01 1.521697480974418815e-01
7.670972955849041375e-01 -5.332809059284436826e-01
-8.093397213665621814e-01 1.649821455733166131e-01
3.304578632161445095e-01 -1.130415074298701139e+00
1.884723129502503536e-01 -7.700972993806303180e-01
-2.562382698679130377e-01 1.486005484079001349e+00
1.748082277291260533e+00 1.637305948701289982e+00
-2.749482556561901436e+00 -1.206023579643423327e+00
-7.770105766527531099e-02 9.295906318391224943e-01
