-4.280284620837281340e-01 -4.436964707996272628e-01 -2.830603652970224982e-01 -2.617616990990070946e-01 -7.783210029499277871e-01 -1.598774621469727930e-01 -2.894646442605517400e+00 -1.146759175211519571e-01 -6.114839629658030518e+00 1.007341845649930567e-01 2.828809629624330912e-01 3.606591487275272456e+00 1.015507758894226509e+00 4.316475694435213839e+00 -7.344498638533165646e-01 -4.703905291139375833e-01 -3.531151947187890494e-01 6.363393087674917847e-01 5.802093922715868546e-01
-3.243756230825778353e-01 -2.633825596698274873e-02 -1.300211469237683437e-01 -3.961465776370857172e-01 -3.721802833860041737e-01 -1.720289393243712994e-01 -1.081382828528468565e+00 -3.139160140390621634e-01 -1.948397049028466110e+00 1.786497081488311323e-01 1.219374379368699454e-02 2.783134731522934668e+00 1.748979959547982410e-01 3.032405508424744323e+00 -2.610629887723953102e-01 -4.969940799774744677e-01 -4.384309389500281595e-01 3.570883156696901262e-01 -3.604282214348087342e-03
-4.391436696135813111e-01 -6.264764158032980201e-02 -7.152061160687660235e-02 3.889135755577467074e-02 4.806334615356457063e-02 -2.590137195158324218e-02 -3.394466546028279130e-01 1.245706201201392666e-01 -4.825316280423059823e-01 4.551029798878880595e-02 4.335447607009750709e-03 1.358312604447243999e+00 5.796779472284199763e-03 1.603616520364211429e+00 -2.730196584931540715e-01 -1.422423972228170075e-01 -1.402906899923695438e-01 -1.101681039085950636e-01 5.289614812208977279e-02
-1.704072789930806409e-01 -5.646817370342009645e-02 8.342336743810194188e-02 -4.963221935492732884e-02 1.415172918674106883e-01 3.036624723621770931e-03 -7.893613060185886154e-02 2.314040905523844643e-02 -2.153885862639647875e-01 -1.499254560902216205e-01 9.437874978742466503e-02 7.112831461813489131e-01 1.197382433781622180e-01 6.004277024397964846e-01 1.329537220126933428e-01 3.836460153331865131e-02 8.405056648224795701e-02 1.650253284529085152e-01 8.298611967321284366e-02
6.964503962060916709e-02 -5.849898032304092204e-04 9.820450042298101145e-02 -1.472327057455294352e-01 1.010909304947848475e-01 -4.264209907725716869e-02 4.756488825957291833e-02 -3.309984251831840640e-02 -5.217723009542180046e-03 -1.696919018367197274e-01 -1.714762120988383431e-01 5.043353439759048484e-01 -2.177865046798574313e-03 5.350557385046764702e-01 1.562978340806854827e-01 2.594499716509952522e-02 -1.259537319363969107e-02 -1.006528185010504284e-01 -1.532430243404416526e-01
1.142297401179941940e-01 1.501210786765811434e-01 1.052904455768147729e-01 7.367724382874354938e-02 -4.128588325230250766e-02 -8.296065155161988502e-02 -1.910412358373732855e-01 -3.383736104591290872e-02 -5.060487785556282148e-02 1.691950376330770833e-01 1.769519665858137469e-01 4.827032512056092517e-02 -1.598579366399816570e-01 2.030008495718274575e-01 8.245017823183595218e-02 -1.978558482126119011e-01 -3.160051461883762319e-02 8.286134200067971078e-02 -1.814430354194578321e-01
1.602232053931009759e-01 1.827030876469175058e-01 8.602325289474918590e-02 -1.717443713228734847e-01 -1.755258281527063702e-01 -5.911435315465048135e-02 -2.030634718027155006e-01 -6.308773420683186361e-02 -2.276072129618006701e-01 1.897531013849871329e-01 1.290698764866861636e-01 -1.263579136634721545e-01 1.580817760209373146e-01 -6.515317949095565664e-02 -1.229324835972939040e-01 6.390010556421524268e-02 1.696147735851145089e-01 -1.473268754579727946e-01 -1.945082221913494724e-01
-5.452683040010823656e-02 -1.922334333375851634e-01 3.998561183896948146e-02 1.427341317060649706e-01 -1.290488225108641362e-01 -1.558623192940449542e-01 -7.639515518934608673e-02 1.828317630231742763e-01 -1.774958239461129073e-01 1.866146021730895610e-01 -5.467720886295820981e-02 2.514066904003443848e-03 -8.216388024596280037e-02 1.900549775685959064e-01 1.792920604944888696e-01 5.272073653186919173e-02 -1.280478016682766729e-01 2.003715979967634619e-01 -1.563940299794689959e-01
1.305242794878459615e-02 -1.417029517989586429e-01 1.523913114798572943e-01 1.701504439260252410e-01 1.149853814058553747e-01 -8.089465336278545138e-02 -1.316215280861092740e-01 9.635466353043586896e-02 -1.455407029832683774e-01 -3.202483119240991105e-02 -1.777194621230975269e-01 -3.005421205641518184e-02 -1.912181264680611892e-01 -3.597801409853773613e-02 -1.807679572378200206e-01 -4.632276333361178000e-02 5.667979667766092494e-03 1.030047218477506965e-01 -1.380703467487364167e-01
-4.257847863194585969e-02 5.104398677438129472e-02 -1.710443678812194057e-01 -2.691226024993298438e-02 -5.863143400954318185e-02 1.752668871519489358e-01 -2.021384658933656209e-01 -4.002270487663797671e-02 -8.684558400416729496e-02 9.130844143030997229e-02 -6.948782665209618514e-02 -4.893435725981282874e-02 -8.204428067554647708e-02 6.739845420283498145e-02 1.720116795781507779e-01 1.100332597707470161e-01 -9.791660433625207216e-02 2.905514986054909959e-02 7.976605164586253460e-02
8.489222286331163381e-02 -2.894032889131810393e-02 -5.206585549532696811e-02 9.300528816855477277e-02 -3.908206459054613946e-02 -1.133628781184844447e-01 -6.856777161064010750e-02 1.651687664092306718e-01 -2.505787512954385510e-01 -1.492028625564042338e-02 6.145851096123627899e-02 1.958362551541176222e-01 -1.173443016462216437e-01 3.060189339139463005e-02 6.215447974696337863e-02 2.255252345981893780e-02 -2.222244581336554614e-01 -6.902191060665782696e-02 1.161679726201784169e-01
2.253989927204080174e-02 1.061895271974952135e-02 -1.483421134390099927e-01 7.028315752313837872e-02 -2.361659964522112506e-02 6.035838333561942270e-02 5.366068336066071032e-02 -1.155995769818061042e-01 -3.109203653371639398e-03 -8.787280878664885386e-02 1.992925171289650077e-01 2.446399985766065099e-02 1.582571518365357144e-01 1.629625228895129063e-02 -1.143375382168511922e-01 -1.126615930379307184e-02 1.060062163925646131e-02 -2.990878523504066078e-02 -1.503343530183072763e-01
-1.081147888324985873e-01 -8.914316846316211462e-02 9.856295804008829986e-02 1.596482190636555054e-01 3.403725016677509874e-02 -1.892625149756564373e-01 1.000060901166488214e-01 -8.047288148746489789e-02 -1.001430333502774661e-01 1.210314894249067685e-02 -9.858717747538091325e-02 2.235530697025659430e-01 -1.340750119126470630e-01 2.907173200364473326e-02 -8.973440380013174289e-02 1.083846320449736046e-03 2.263647479781374927e-02 5.473694895655752124e-02 1.552623027369623085e-02
-4.658671282136767067e-02 5.292832477226841470e-02 -4.129436918095907849e-02 1.068445075384805432e-01 1.143133450745941471e-01 -8.719988121711186313e-02 -5.735706408239299448e-02 4.855506621330352157e-02 -1.511884523954482584e-01 7.884727823722592621e-02 -4.529200016557774489e-02 1.026809325781330440e-01 -1.439259743609448694e-01 1.422600783160175020e-01 -6.142277816744359797e-02 -1.907096953583486618e-02 -4.222774434517154174e-02 -7.824893578057622034e-03 7.884431239299222183e-02
-7.699336225332628625e-02 5.969634100318108039e-02 -1.775282810550623258e-01 -8.173405545931636262e-02 9.623955484820093109e-02 -1.806502467055998984e-01 4.086071293008236571e-02 -1.910467693919241372e-01 -2.764815697870949898e-02 1.554315881287661738e-01 -1.951156877700681025e-01 3.675690127220056225e-02 -1.732918642607387816e-01 1.764115826425277089e-01 7.197183186352928974e-02 9.357372692183227314e-02 6.434520630429271804e-02 -1.956829166494924999e-01 -1.821926918846701882e-01
4.508781386592780605e-02 1.992523723375987377e-01 1.482032029235568760e-01 7.850163437461507576e-02 8.988513261073621807e-02 -1.105519337162594318e-01 9.645659993204167004e-02 -8.576310674267294265e-02 -1.669030638078331519e-01 -1.563171952823453476e-02 -6.728250838671556711e-02 -1.128921214492570602e-01 -3.113313463925308430e-02 1.813436014762185855e-01 -2.741732639027807950e-02 -2.352090192562550364e-02 8.105464199940987102e-02 1.063938834816093373e-02 -1.475863353230853214e-01
1.605730174283754863e-01 -2.264879074743732928e-02 1.148614824422255765e-01 -4.595323636923730193e-02 1.224241943986837666e-01 -4.553297837487801925e-02 -1.139318960881401943e-01 -1.224976543563659204e-01 1.714118249576381814e-01 3.462344016623071508e-02 -1.793806258426447475e-01 -2.289287127399806943e-02 -1.062779787965565104e-01 -1.415105163188384862e-01 -1.262979993076662755e-01 -1.798772450497621023e-01 5.251215120809275827e-02 -1.301615723962050164e-01 4.462907756287498584e-02
7.101737666433054902e-03 7.357898788938616041e-02 -8.285133646226322535e-03 -1.021887020619713510e-01 1.376568072783487806e-01 -7.302072772550115276e-02 -7.326699471498604455e-02 4.176816347385670092e-02 -1.154701414136382748e-01 1.827072435027182196e-01 1.893116340184390345e-01 4.019195481379930213e-01 1.737386318028389942e-01 2.934520292661976226e-01 -2.369236722551906760e-02 5.331923910161778107e-02 -1.426065646052498415e-01 -8.056040444506380738e-02 -1.726059758573528502e-01
