-1.468196105278875230e+00 1.681294836568719919e+00
1.214732849402798465e+00 1.605646433646138016e+00
1.522707983689337352e+00 6.580078498946734245e-01
1.229539625776204792e+00 3.484433595432135516e-02
1.113242359467134568e+00 -1.235789180396470011e+00
1.120804667902863372e+00 -2.695545698860366546e-01
1.001881760178156222e+00 -1.745937152123140379e-01
1.141960430020061645e+00 -1.738049677495744794e+00
-1.788453364053292693e+00 1.729215915739120923e+00
-1.924626829088268640e-02 1.548975355019443612e+00
1.763135601530719576e+00 6.140122404741897855e-01
3.189590661649147618e-01 -1.192653609311319363e+00
-1.634949179519326057e+00 1.342101313252528350e+00
1.578535443744301769e+00 1.051109781003556787e+00
8.078976238200413773e-01 -3.715955936206886134e-01
