9.485931584346235512e-02 -1.189714901653667001e+00
1.122801607003741431e+00 -2.368126600230743284e-01
1.241390464372541524e+00 1.526888081332320457e+00
-2.342616813395782260e-01 -5.783724651045540205e-02
3.919360327529407551e-01 -2.831830590356282928e-01
-5.782063775086344615e-01 8.022365344935920017e-01
1.095700427497237506e+00 1.328683283230264189e+00
2.875979071700393574e-01 -3.511337483452145469e-01
1.139475420327968669e+00 1.814683795291635593e-01
-1.646349668792615795e+00 -1.530645054688553941e+00
6.761159824795147655e-01 -1.498529717389189386e+00
-1.255241126484212266e+00 -1.500703936484925893e-01
