2.507005601801187700e-01 1.096823689410700631e+00 -7.803867709942203801e-01 3.089890101316014048e-01 -7.477178320521681298e-01 -8.712944289665141007e-01 -6.104727740191492891e-02 -6.736561852625355673e-01 -3.070096299470404522e-01 6.135587606445486175e-01 1.981131418431109903e-01 -1.042502869274090499e-01 5.275172437388596647e-01
-1.226599521761916195e-01 -3.172434125319309461e-01 1.205051402438747921e-01 1.487469027797091656e-02 1.148576980630997973e-01 1.511969343008687516e-01 -6.046572562991706090e-02 -1.219291554238147168e-01 1.861657503909469255e-02 -1.316143678712326792e-01 2.361871626821627213e-01 -2.912714241769699397e-01 5.989284007982337288e-02
-1.662748476268262887e-01 -1.084622998096757440e+00 6.194838370618751533e-01 -2.933691936159909738e-02 6.938084208679768938e-01 7.131621721694245686e-01 -7.510989174390934886e-02 6.440411209892006328e-01 3.052803145106502414e-01 -7.101111167587095263e-01 2.924134640884239467e-01 -9.814222315212327297e-02 -4.144768306162363025e-01
-5.645151973338617679e-02 -6.519267310374592395e-01 3.195300268565062773e-01 -1.098758721960670648e-01 2.229075997186712524e-02 4.970924467678278780e-01 2.554937155561647424e-02 1.438325930996167956e-01 1.116456983699078420e-01 -3.745000360692427588e-01 1.240730934426125809e-01 -1.529388898142371167e-01 -1.301382872854784656e-01
-1.851736318167639395e-01 -1.492082525728556132e-02 3.708068011685398957e-02 -1.911585133623827093e-01 -2.662974935415284017e-02 4.134909833609983626e-02 1.312359462857160264e-01 2.166007720868725617e-01 -9.971029066278998265e-02 -9.189321091767418959e-02 8.739135803948830383e-02 -1.223532948433295880e-01 9.966939470465566164e-02
-3.191366207995002258e-01 -1.434268131217306008e+00 8.465368872134135803e-01 -1.449409822755183264e-01 7.377794474870588148e-01 1.104637216864996718e+00 2.131320803096378724e-01 7.727597525009645141e-01 1.907143635569536200e-01 -5.893306594670678633e-01 5.207511217372505774e-01 -3.892687649416310958e-01 -4.599675850079179562e-01
3.598401349130943977e-02 -6.582012481983001706e-01 4.882667657984426368e-01 -9.607934424679481777e-02 2.728976490661259580e-01 5.023769935720644453e-01 -1.644649440128624629e-01 2.166161799384601350e-01 1.437797374670683470e-01 -2.893669444157698223e-01 3.111264542608398465e-01 -3.178611928846652446e-01 -2.424312317977700693e-01
-2.173882758703359341e-01 -2.607266827279475785e-01 3.644906689039157377e-01 -1.216717801873518356e-01 1.407425637585966310e-02 1.850698340078025250e-01 -7.620058906595605919e-02 5.262551945246994600e-02 -5.222632852655784141e-02 -2.620792696813331046e-01 -4.650895700909535302e-02 -7.711264503796841363e-02 -2.170009122428558923e-01
-1.206752739583385053e-01 -3.826059219855574844e-01 3.608619729986072278e-01 -2.425788565325490698e-01 3.484772536966124212e-01 3.512632560622532818e-01 1.444896626102334103e-01 3.461649525165025332e-01 5.595261345309422013e-02 -1.931635582095712622e-01 2.842419873895381532e-01 -2.364739491003624017e-01 -2.257117975377627428e-01
1.726351210371946387e-01 8.625814362912999078e-01 6.186709564612312695e-01 1.759609121677875032e-01 -5.359680770441368480e-01 7.882714493325335692e-01 3.930012642343119755e-02 -5.468452731291566504e-01 -3.845982256257322596e-01 6.126505616870113746e-01 4.997674996786092283e-01 -5.162678709355503770e-01 5.430894656358755679e-01
1.278544208349751132e-01 6.084553078273262638e-01 -4.326011558333392459e-01 2.719016740386179798e-01 -1.457125053890799826e-01 -4.434154376543396059e-01 -4.030295202018974177e-02 -1.250134682548059706e-01 -3.818828113333200269e-01 5.712073074454765420e-01 1.502942318649975184e-01 -2.119935145901498397e-01 2.126341356308838748e-01
1.320244056511926667e-01 6.097387050731100100e-01 7.128044355536650167e-02 1.707309591131044024e-02 -3.120908703697515829e-01 -4.632936138738392717e-01 2.646963602099030449e-02 -2.519425378324524067e-01 -1.560354266281702151e-01 2.504982972375920935e-01 1.615557730944400250e-01 -6.822254943660699400e-01 1.297193863088695609e-01
