-2.875339583318414216e-01 2.561138568373437785e-01 4.388626728141242772e+00 -2.850998875921869624e-01 -2.702514080720214151e-01 -3.090112746178164671e-01 8.345791543865136441e-01 -1.684864041732594964e-01 -1.999031648984693765e-01 4.916123738857458014e-01 1.562778328509587311e+00 -5.895474541101464183e-01 2.969985810325660447e-01
-9.422261627232991765e-02 2.945700711422647444e-01 4.430862198041241040e-01 -9.939661172495500852e-02 -2.193767109862824749e-01 -1.677523419178459374e-01 1.008883324907454276e-01 -1.686732804226766802e-01 -2.503313625323568825e-01 3.055290555947288156e-01 3.033996054970383160e-01 7.342186103011880127e-02 1.716269594369127238e-01
-1.854354944935627733e-02 -3.875680941041062533e-02 1.184611842750760841e-02 1.002408738876252314e-01 1.397801975168594113e-01 1.034385295628388463e-01 -5.033965413892975416e-02 1.902361441748345039e-01 1.938181600742982028e-02 -7.057944805433290225e-02 8.258537136062056583e-02 1.798242917943065067e-01 -8.166296905185646895e-03
6.625414397940548872e-02 -5.666212273478565126e-02 -6.831015437007342816e-02 7.881176269140018065e-02 -2.013305760449114745e-01 1.180980840597687792e-01 2.440977221993387292e-02 -1.627609839977263995e-01 -1.728735197722196526e-01 7.694424176862535436e-02 1.628733313121294990e-01 -9.355346959573798693e-02 1.997049776741675331e-01
-1.608267624957659958e-01 1.497431428288795163e-01 -1.264966222413603340e-02 -1.707004046284243681e-01 -9.115369466467933279e-02 -2.481719895513663857e-02 1.207348142372639266e-01 1.437226347164015650e-01 -1.581115763871216162e-01 1.568720358836940554e-02 7.529372204168560678e-02 -6.497222295488497279e-02 1.532730266754974147e-01
-8.960701115499007663e-02 -1.860507830212287106e-01 -1.359239655565041005e-01 6.764669795548237941e-02 2.187772916145965321e-02 1.734441305561683355e-01 1.810892818566131046e-01 1.626679183179335353e-01 -1.924949592670037735e-01 1.121519777499400822e-01 8.201938216292212203e-02 5.995553607943721747e-02 8.919977270381085344e-02
1.538558619885688761e-01 7.474857708088065988e-02 4.738501312251523767e-02 9.895890495899154274e-04 -1.209693659349556499e-01 2.211949734774582010e-02 -1.740518544649833077e-01 -1.431874911137466233e-01 -8.855273461496752929e-02 1.512514984259103468e-01 1.219545010665662454e-01 -7.180841337037038863e-02 5.609564709819778866e-02
-1.861930897817550001e-01 -1.270810436518567399e-01 2.594928903516121044e-01 -9.087650018098426818e-02 -4.372613624579932412e-02 1.308709804328063268e-02 -7.073995239889607767e-02 -1.016946565709107159e-02 -1.149038821704455315e-01 -1.683563992183949865e-01 -1.191769654803041673e-01 4.984831449147103521e-03 -1.680450581133895449e-01
-4.025727947838271537e-02 -6.523088405462347528e-02 -1.900202238264621021e-02 -1.625772413328315236e-01 1.624620412410464065e-01 -1.377934212749704589e-02 1.427222208088503863e-01 1.895821710809447724e-01 -6.792709776647037900e-02 -9.246006447464271772e-04 9.260805469535973722e-02 -3.306773002460038774e-02 -7.343397130127451988e-02
9.257350436437758456e-02 1.599971679797586310e-01 1.981569066206482765e-01 4.951174130366967074e-02 -5.019530647094541664e-02 1.883762473982640850e-01 6.180265124781482433e-02 -1.740529365770400183e-01 -1.685129946042795146e-01 1.032403279258003459e-01 -1.733372279386432568e-01 -1.988332285092787033e-01 -3.920387080010160480e-02
7.298349086830004107e-03 -1.768183491394546142e-02 7.390623516471331658e-03 3.306557078801063837e-02 7.133797868197840064e-02 -3.276878614675386714e-02 -4.690719778128671358e-02 1.950456207966549393e-01 -9.946952056677779708e-02 1.138723617065556526e-01 -2.699209905880493171e-02 -5.990784494684678330e-02 -1.706206985051839098e-01
1.369934170363232007e-01 1.019975881422069408e-01 2.758026583479269433e-01 -3.587716896393434302e-02 6.610383618723432442e-02 -1.668914081946369088e-01 -1.437394391046183280e-02 -1.211951217008436776e-01 -2.075972677580163461e-01 2.185955817717773753e-01 -8.597647162004563859e-02 -1.497377650882180389e-01 -1.121658313191205014e-01
