7.729045810137957946e-03 -1.455437128724320628e-01 -7.099352916678086656e-01 8.665108723573408667e-02 1.511912550450918158e-01 2.251734126906300981e-01 3.975592995927441087e-01 1.553492691504841372e-01 -3.707694350168255770e+00 2.683401788250827646e-01 8.701073855225422982e-01 2.720265339022581719e-02 -2.051386761592863539e-01 -1.124907681516046642e-01 -6.416060121975253328e-02 -1.010305753183479371e+00 1.825275105752677540e-01 -3.191334560111139251e-02
-3.394917676588764532e-01 -1.493214494152567962e-01 -6.571102339958408978e-01 1.453653929554213908e-01 1.372564933048513180e-01 2.224774670262206211e-01 3.921095086932995244e-01 3.553947256505725627e-01 -3.874469314098466732e+00 2.897064769729401079e-01 6.460526998969668977e-01 2.019014807704230252e-01 -3.571238563448346781e-01 -1.837471546023239366e-01 -1.940714069463276015e-01 -1.665642615739156840e+00 1.192586149251566438e-03 -2.698080624653892978e-01
-2.241858184232006779e-01 5.488965906316053966e-02 -1.161929673576527766e-01 2.951524155536279850e-02 1.607186776865522915e-01 1.035134101279269470e-01 2.438912582291711262e-01 2.276571978292903919e-01 -2.290316223996273326e+00 4.657874207314828818e-01 4.209486925749812425e-01 4.540498575742213383e-01 2.479283252135993168e-03 -1.175580264757863647e-01 1.408138847631385492e-02 -1.571257259613611845e+00 1.927617376940298499e-01 -7.909933647538516799e-02
6.886608627345372491e-02 -5.075555446069803661e-02 -1.368645570967089720e-01 1.640682390487050168e-01 1.194725344578568271e-01 1.205908756579158192e-01 -4.463349495565375330e-02 -4.857924072549265476e-02 -1.226762785085822927e+00 1.725385926138320869e-01 -6.470899914187441815e-02 3.788804092878177987e-01 9.563990429519726721e-02 -7.887800614287469869e-02 -3.677965581055962080e-02 -1.164253969813870970e+00 -1.193726599902451974e-01 1.632781078044852341e-02
-1.752959978868489643e-01 -8.960345015363370413e-02 3.789634740957804893e-02 -1.606259884916740044e-01 -1.854460514301102259e-01 -1.174801325727093575e-03 1.193532948268418714e-01 1.715847047696250072e-01 -3.565643212251938809e-01 2.788055179995314603e-01 -8.606277884259759536e-02 3.062306119059052811e-01 -6.536303676620286440e-02 4.470838066506035990e-02 -4.529767527847002040e-02 -1.197647615046054215e+00 3.011036711854075260e-02 -1.611889749128898874e-01
-1.981118504326593588e-01 4.412125726947570964e-02 1.278534223071411784e-02 -1.480938871875549234e-01 1.975291963021897149e-02 -4.818892343202196837e-02 3.593345737470857171e-02 1.194561656332317201e-01 -1.575434583324588911e-01 2.953166723618548817e-01 6.266359296732681994e-02 5.990625317719806830e-02 4.257685733783913434e-02 -6.485382576359882689e-02 -1.502365968928939532e-01 -6.550853900160920062e-01 7.221140502363257441e-02 1.067093635566939980e-01
-1.623318890758909394e-01 1.631383443915480902e-01 7.186256367455728933e-02 1.714488586188097075e-01 1.490549563046989212e-01 8.857819594485215331e-02 1.777825018957349679e-01 2.867253879100132435e-02 -2.176582964384624896e-01 -3.768575525946772642e-02 1.473866356043900538e-01 3.623062503611535617e-02 8.053968929453170222e-02 -1.781189605154589670e-02 1.158237050303736887e-01 -6.117118492695047260e-01 -1.720144620138170932e-01 1.623176237558032753e-01
-1.655391469209846825e-02 1.598304377961209943e-01 1.381838584902505274e-01 6.810278642620068434e-02 2.872962440876217563e-02 -1.002126335001321811e-01 -1.368170093090251838e-01 1.527649843933111817e-01 -2.201113143761167512e-01 1.509831819188469371e-01 1.283966948853488832e-01 -3.442816644427490773e-04 -1.026260846188350312e-01 -1.546220414367018847e-01 -2.963237161075008008e-02 -1.682003987007930634e-01 1.714354547529028105e-01 1.650155628269756591e-01
-3.930717259492436111e-02 -1.611989734009444952e-01 9.012101380293600916e-02 9.708181486642933344e-02 -1.876844596611575711e-01 -1.482850849726667641e-02 9.740040911765944498e-02 -1.652585179247823000e-01 -1.542793208958583850e-01 2.291639070080517815e-01 1.144580942877260477e-01 -1.411872705162803554e-01 -1.927768992857404606e-01 -5.629866884690330059e-02 -1.882605645033457453e-01 -2.072983375493072100e-01 -1.893531280826624141e-01 1.855542713116034859e-01
1.225889421108704580e-01 -1.729157320719219848e-01 1.394216343978838257e-01 -1.126664880010466857e-01 -1.180412789764352377e-01 7.554548489168409764e-02 2.060984852592362970e-01 -1.327589699782100729e-01 -4.563145598147681503e-01 3.816035465017303483e-03 -1.807124587247461167e-01 7.183358379315707420e-02 1.267490011455678356e-01 -1.252033108981057963e-01 -1.550456523832023370e-01 -2.382465625790816943e-01 1.925357736287083565e-01 -1.520655333925048647e-01
1.827999165334336096e-01 -5.609674193277283671e-02 -2.462064818486033729e-02 -7.962357412043478966e-02 1.748827737852682584e-01 1.879909362821663710e-01 8.206394990748344664e-02 -1.129266617088871827e-01 1.161167812477242878e-03 -1.092107171046214353e-01 3.090443176276467044e-02 -1.090166723901892509e-01 1.462183169819690487e-01 1.782713636318549733e-01 1.217578072662816174e-01 -2.410972670286261887e-01 -9.578981875517617040e-02 9.854394163319322997e-02
-8.559686661732698876e-02 -3.300652336926766794e-02 -1.882300593834110858e-01 -1.438442789175957692e-01 -1.917467187465564382e-01 -1.666118464564561030e-01 -1.525835748610431530e-01 -2.322645528307385604e-02 -1.008017297585277472e-01 1.323554159303256816e-01 -1.401457703070479732e-01 -3.459377877550362263e-03 4.697307460149786201e-02 -1.661777146802511929e-01 -2.206936823811647685e-02 -2.099008365979381785e-01 1.868411709427924561e-01 -1.781253655376970613e-01
-4.010184061508974274e-02 -3.394870413057519964e-02 7.918925800394213677e-02 -6.847764527132574330e-02 -1.183687605407896110e-01 -7.866713982474746181e-02 6.461001384056835883e-03 1.853164583250354602e-01 4.012569814670689794e-02 -5.708284621043392681e-02 3.750751223383598509e-02 9.864324718196583464e-02 1.131364527175498513e-01 -2.153423940360311983e-02 -4.048259690301270197e-02 -4.965077065619512980e-02 -1.964894157977442254e-02 -1.032406341559519852e-01
-2.113234210260232782e-02 1.742150047567233573e-01 -1.512334663038550076e-01 -1.256008977746588332e-02 5.494775809356807622e-02 -3.971693114595520671e-03 -1.022618615490974714e-01 -1.948932768938257121e-01 1.623240388045350813e-02 7.667087266681595070e-02 -1.842020003566273434e-01 -6.106605480542565828e-02 1.033688510344084877e-01 5.156815644914635594e-02 1.808754911634063295e-02 -2.857018789491152511e-01 8.855958942198981221e-02 -1.291793763379974272e-02
6.790668989373874198e-02 1.036757700036449042e-01 -1.188464668011448011e-01 1.060764207844073354e-01 -8.795174113692358353e-02 1.975509738957275663e-01 -1.412242435793935602e-01 1.546251541857474321e-01 -2.089515538755015167e-01 -8.097452953044015356e-02 2.470950368613476084e-02 4.467959269268827888e-02 -4.324901359229886555e-02 -1.591873058920956208e-01 -9.895345826491193375e-02 -1.981367638655931462e-01 1.053535453030499947e-01 1.609413113929554218e-01
3.423579562233858287e-02 -1.860424381162509300e-01 1.030794792907693547e-01 -7.698498835798903150e-02 -6.403641749257116267e-02 1.670069568758452902e-02 -9.101727073201054674e-02 1.709669791741461331e-01 -1.863371375579322142e-01 -2.072487173845884850e-02 -6.339122102360272848e-02 1.490900555944035116e-02 2.610776132057781446e-02 5.085587676742086422e-02 1.254906978173376229e-02 -1.120186100665180318e-01 5.573338652457018177e-02 -4.167189984674764258e-02
1.063355660463372043e-01 1.149076099989306543e-01 -1.016866568901572121e-01 -4.995717216528826332e-02 5.153794498777838212e-02 -1.308811677413812546e-01 8.871318881428319481e-02 -3.655650709190881587e-02 -1.293170319125550027e-01 -1.281731902008378388e-01 8.329112206104677396e-02 -4.726854982434791630e-02 -2.190612995370488231e-02 -3.395703831453313060e-02 -9.322230762111506641e-03 2.377241983733914543e-02 -7.016119319764869966e-02 5.633432174831645711e-02
