6.210597546632571492e-02 6.026821503151222892e-01 4.952638472589371843e-01 2.227686456660268322e-01 -9.398305900592196505e-02 7.100644977840301353e-01 6.009372250235978097e-02 -1.575720382406464448e-01 -1.898171158665982738e-01 3.318768704465349662e-01 -1.067649264279199178e-01 -2.464967082986221358e-01 -3.979362392401654680e-01 3.950299526741740119e-01 6.773812388109134996e-01 2.666536006142012846e-02 1.075756694413081832e-01 3.821406722097902553e-01 2.236490541081958827e-01 1.998579977415227416e-01
-1.360625666339651541e-01 -1.154188008709760294e-01 -2.476652366246707149e-01 -6.578701609564810426e-02 2.863505000344419571e-01 -3.282146348747356779e-01 -2.742040270511966749e-01 2.150444090934226227e-01 1.345592490036729150e-01 1.692790924103388384e-01 -1.425142808917315429e-01 4.413163742394028977e-01 -3.060285626286096128e-01 7.257908363182076217e-01 6.029445909712448370e-02 4.158473456698972281e-01 2.849290921413341615e-01 -9.329130076187333587e-02 4.448297832911464744e-01 -1.943222297357936890e-01
-1.201572779922265716e-01 -4.753436289675987969e-01 -3.457363889156365166e-01 -1.833192773381923102e-01 2.582734299488603780e-01 -6.833713402444535623e-01 -3.742474747839467097e-01 4.390469046731771408e-01 2.040107339813091447e-01 -1.441918580244346271e-01 3.016383478654230399e-01 4.854462483256430372e-01 -3.007601530415081603e-01 3.015557873821032575e-01 -6.504832017566769542e-01 3.765500629612311689e-01 1.831228523207094061e-01 -2.448786563996097621e-01 3.262531875986789398e-01 -1.774462553442319734e-01
-2.172092202641499326e-01 -2.821838878517579086e-01 -1.617589209516197279e-01 -3.518506129907414404e-02 1.810192624403261785e-01 1.211820253776031350e-02 -6.858613193355737880e-02 -6.101863515845158681e-02 1.901418764718002530e-01 -1.142153603273637734e-02 -1.108470518432944224e-01 1.890912963666431801e-01 -4.151872451312451501e-02 -3.098461241571954378e-02 1.917506098395758973e-02 2.726968981432175143e-01 6.135376013376728915e-02 -2.929982108039099198e-01 -8.185106860403006113e-02 -1.000705039451496026e-01
-2.403745201694861000e-01 -1.341494555445822134e-01 -2.739590771483726983e-01 1.628701807384368427e-01 1.724135715773504884e-01 -2.547132278804646877e-01 1.165780153567915894e-01 -6.811464078752725582e-02 -7.879442750571355458e-02 4.453227196591805215e-02 1.954760091163801894e-01 -5.508378340027149378e-02 -3.045149456851130032e-01 9.046107896627497702e-02 -2.510424419545603802e-01 1.257886715609700112e-01 1.635230299612084603e-01 -1.730720616998924488e-01 -6.491394009098014339e-02 -9.107012253758718645e-02
9.618030477761535524e-02 -2.891488524625550061e-01 3.552288329129464628e-02 -1.190317042281025806e-01 6.058559908213814738e-02 -2.576439583799421951e-01 7.807268326535110603e-02 2.831317975101437789e-01 1.460774691733745245e-01 -2.314818320967043097e-01 2.399037656241779226e-01 2.476054419974864449e-03 -1.312688295804899652e-01 7.468408848241106512e-02 -1.460361263586518578e-03 3.011100911245654932e-01 1.454714346949180226e-01 -1.934459142375400398e-01 3.647980272603393997e-02 3.069994001947930901e-02
-1.823424319853971520e-01 -1.865980484461727540e-01 -3.405152313034667810e-01 -2.153852154008796260e-01 -1.337040529281021128e-01 -3.561581904717628921e-01 -2.593221993831736349e-01 7.318780312085938766e-02 1.133907980171221658e-01 -2.438518521715557844e-02 -8.987493448692483733e-02 1.443337446971139082e-01 -9.718572285783398657e-02 3.090102036228894664e-02 -2.045862371156749737e-01 6.136865410079047484e-02 1.887674314057265490e-01 -3.096458942619650934e-01 9.086968650517827928e-02 -1.010109069059077075e-01
3.356655556148809005e-02 -1.190010287922998317e-01 -1.712314575473797007e-01 -1.059417558890180799e-01 1.049956161375238672e-02 1.198943516951656435e-01 9.468642927270054521e-02 -4.867330200471670087e-02 5.782616065806802513e-02 5.147021259049450875e-02 1.449609763261963391e-01 7.158572946936496428e-02 -1.222889893268685746e-01 2.188817851651007895e-01 -7.191585984209847293e-02 -3.735285596261048169e-02 -1.603257849891475892e-02 1.355949331137785152e-01 -7.263789329454184429e-02 -3.694299561409016691e-02
-7.914486793742302878e-03 -2.574734690260571321e-02 -1.488756923084032791e-01 -2.194748546545632062e-01 9.175303096674375380e-02 9.406655381107038166e-03 -2.138594636531707949e-01 -4.580395621436157694e-02 1.416768627106325951e-01 3.518524455290651665e-02 4.738178153475223336e-02 -4.460930127239418758e-02 7.563414174149956683e-03 9.412575396160874353e-02 5.118548984651329764e-02 1.616365970366589744e-01 -1.107813863941732729e-01 7.679839696263023041e-02 -2.020791136495912049e-02 1.725898542565630356e-01
-1.757743857037944724e-01 1.344236419461012355e-01 -2.055715445670689423e-01 -1.067409982840639149e-01 4.067285912392572256e-02 1.218413807116983626e-02 -6.758786473202417489e-02 -1.416559345194243480e-01 -8.142475441339978859e-02 -7.860231284928095863e-02 1.097080088525798636e-01 2.136939882259924761e-01 -4.366972913564454856e-02 -7.237368048540405996e-02 1.046115250454362350e-01 -1.333960246752776205e-02 -4.926951546976696128e-02 8.339825391300268592e-03 -2.126807071382824307e-02 1.528313385870647967e-01
-1.688190294049726481e-01 -4.458235944860254596e-02 -1.127871071228944977e-01 -8.381161331260709654e-03 6.911703821200448905e-02 2.043818675633935628e-02 -2.813317065716998064e-02 -6.449830260153889029e-03 8.888985311909040898e-02 -4.289222889258283156e-02 1.195826796999222841e-01 1.747371233312774441e-01 -1.728105118045051014e-01 6.995200070869277142e-02 4.874249004745590669e-02 -6.870876146268505014e-02 1.032609520190802543e-01 -6.363047747423357381e-02 1.190502202804524096e-01 -1.754644818159184771e-01
2.338369033979447245e-02 4.022307911402229763e-01 2.969696200945188269e-01 1.100373247966393055e-02 1.148649619218108098e-01 4.308037955900457239e-01 -1.825931655955077004e-01 5.906324563692669271e-04 -1.132619083290143103e-01 2.003867516572133411e-01 5.281935888367518539e-02 -1.367503827937481820e-01 -3.020525624009066101e-01 3.270450269709099800e-01 5.026785691728907768e-01 4.225016450845392457e-01 -6.889380710438235134e-02 2.791342297938200212e-01 2.311433908957156169e-01 5.094830599566881058e-02
1.120560903259137375e-01 3.610114006137560838e-01 3.063898605692742527e-01 -1.118374495427765930e-01 -2.217479755010099141e-01 3.336689130986633667e-01 2.987719920384854788e-01 3.074699692184491157e-02 -1.023624449281107691e-02 3.278746855522038373e-01 -1.510445001530605624e-01 7.258385309625065181e-03 -6.822959729821513608e-02 -1.496166773078737300e-01 3.189384178757181387e-01 -7.209544438985664161e-02 -1.268735675253846451e-01 1.869203089615126268e-01 1.744075715629040679e-01 4.115743907550137998e-02
5.391344752952023645e-02 3.343547970501423161e-01 2.465991901195534464e-01 -5.882531333699290294e-02 1.744177248677841741e-01 2.712369976380257786e-01 1.710828403904658679e-01 -1.721289686332945212e-01 2.868231699065042911e-02 2.213177528715445652e-01 -1.753575961383957160e-01 -2.350662848611310973e-01 1.135122264027563083e-01 1.507931205167540034e-01 1.412465442145334760e-01 1.407818600452518699e-02 -6.718070310468256257e-02 8.058115851506224281e-02 -2.062254548538257695e-02 -1.198556574786192319e-01
1.369816862456537665e-01 1.274919720538082168e-01 2.899304051728486820e-01 1.404523681858770023e-01 6.446940212867637021e-02 3.055513725552208570e-01 -2.179514262194157028e-03 1.458547476122376042e-02 -1.658168457456112299e-01 2.413682109059908376e-01 -1.136620599127092374e-02 -1.324712043856532129e-01 1.867239177414067863e-01 2.056914270146464607e-01 5.019764299792706108e-01 1.805152958084194070e-01 5.654578682776938842e-02 2.386029262416982377e-01 1.169197391120136986e-01 -4.187798951541435444e-02
-8.758210269073087029e-02 -1.241245421827291417e-01 -8.556941514530261306e-02 -1.839428080358916362e-01 7.814599511915426566e-02 -8.271642396190355406e-02 1.098754442811389481e-01 5.194956389626268628e-02 1.800169907118930324e-01 1.789595267170897286e-02 1.574983457335200066e-01 -2.354952860031575557e-02 -1.149274717671718710e-01 -8.217506528392277965e-02 2.252014995372161599e-01 1.589395804899513265e-01 -5.447801826419089444e-02 3.623208850837889017e-02 -8.994557480768468685e-03 -1.878148862395775665e-01
-1.584534053938292941e-01 2.522407505152159390e-01 1.666230719401377847e-01 1.100321748798576138e-01 -2.248577447210949043e-01 2.086873588836477278e-01 2.340369417520197226e-01 -4.557257773831750042e-02 -1.917756319420418076e-01 3.937473068270625487e-01 -1.266407139241381707e-01 -1.663270812793151143e-01 1.908283261756972271e-01 -2.886703265557873377e-01 5.497527674063907854e-01 -2.431661839038744277e-01 -5.216019738345403084e-02 3.237057321664453258e-01 -2.522815201808685237e-01 2.243869386864196513e-01
2.311704389254292946e-01 4.434182519956554880e-01 2.742422347528248316e-01 -1.845731612480783906e-02 -3.095308873397149552e-01 5.996462653900472839e-01 2.066801388284817409e-01 -4.250970338876641774e-02 -1.964359872379375094e-01 2.004148045369541220e-01 -7.227923577533794386e-02 -5.739366879916314723e-02 2.881437610610347866e-01 -3.406096542026609275e-01 4.303187719007788292e-01 -1.110065692884404376e-01 -2.041592614771039760e-01 4.994059372604681135e-01 7.260479701750681414e-02 7.573146376163271409e-02
-4.116079002112329466e-01 2.196584488706772309e-01 3.823892165144138558e-03 -9.636972209573142420e-03 -6.436419441119330814e-03 3.337173002946353800e-02 -6.519956705633346561e-02 1.314477343848050039e-01 1.398431810436754075e-01 1.689027821326208323e-01 2.747062973214941042e-02 4.123301676325818454e-01 -5.580471336059995568e-01 8.238367123647578616e-01 4.041836341572883073e-01 4.326972409716429158e-01 -5.291933255627879334e-02 2.278394016568734137e-01 7.305554733856949312e-01 2.260689493687467744e-02
