-1.703758964324358471e+00 1.191812218558419900e+00
1.672373499809044928e+00 4.897073053957105571e-01
3.554288862308111474e-01 1.071635189943130229e+00
-1.624094863600568095e+00 9.172689770578541513e-01
7.442017019399468358e-01 -1.455501448041079282e+00
2.607145006807547460e-01 1.149203363670740607e+00
-1.032619537498418394e+00 -1.753492520620274941e+00
-1.586559617066242822e+00 -7.014406660270380289e-01
-4.629629269644586209e-01 1.406810966910737370e+00
-9.035123218168056303e-02 1.124949533554711945e+00
-1.056209894124995996e+00 8.670013727784109392e-01
1.904979973816268268e+00 -2.750018114267712699e-01
1.449115870471954670e+00 -1.707029172923216542e+00
-1.689345052046271833e+00 -1.913758465369730377e+00
1.440325536299359444e+00 1.398184451566846676e+00
9.819043732549576076e-01 1.461307221433349568e+00
-7.903915539500999676e-01 1.164274866509056761e+00
1.533075344508781468e+00 3.994568737431045680e-01
1.194759866554319538e+00 1.270404938074058965e+00
6.206771187083940378e-01 1.267722485267640753e+00
1.581359571631828720e+00 -1.070838498249373494e+00
-1.172784454515284791e+00 3.959703121040192286e-01
1.526288510403274623e+00 1.337781149035814909e+00
1.268211888437397628e+00 -1.308564786382458767e+00
-9.433067618930782716e-01 1.813370333424622061e+00
8.987219145339065962e-01 8.727735370114966251e-01
1.375492025033572041e+00 6.461290929256373605e-01
-8.270284706033560473e-01 1.600967866682727170e+00
-6.766478649180561744e-01 1.714855438607315818e+00
5.907480251168250041e-01 -1.150713831741877247e+00
1.422879473718473342e+00 1.249298298800484375e+00
1.531355276137144727e+00 6.576248988883168778e-01
-1.419649249901630439e+00 -1.635976059248431369e+00
-1.471643143634223216e+00 1.722372903010170042e-01
-6.553477141039634746e-02 4.100304737798418087e-01
-2.198652315317310424e-01 7.921663659786990497e-01
1.576594604146197565e-01 6.712486377684880878e-01
1.422401251126405031e+00 -1.727387220780258303e+00
1.397820951677623436e+00 -1.044184203361659957e+00
1.878683070262661792e+00 -2.405505134953059843e-01
-3.328035999288264657e-01 1.938339973772220226e+00
2.269624326551314408e-01 -1.753699758636027450e+00
1.570597212301855450e+00 -8.297485626609757414e-01
-3.942353476795285028e-01 -1.413777994750182287e+00
1.978842155381119072e+00 4.972490192003526377e-01
1.616576677175943777e+00 4.091507736157629083e-01
1.453903200136388518e+00 1.563874643874180403e+00
1.830162291913409733e+00 1.031131823121752777e+00
1.811772847526186281e+00 7.369104223002709286e-01
9.604350854279621874e-01 1.632859380240485603e+00
1.769655365700046223e+00 1.845817895854697799e+00
-1.984565747388802537e+00 2.692160759495451083e-01
1.842372618244731752e+00 6.664056985378685738e-01
