-1.703758858420449274e+00 1.191812218558419900e+00
1.672373488477308712e+00 4.897073053957105571e-01
3.554289989673472538e-01 1.071635189943130229e+00
-1.624094981193372034e+00 9.172689770578541513e-01
7.442015843929368213e-01 -1.455501448041079282e+00
2.607146182736718165e-01 1.149203363670740607e+00
-1.032619634215923288e+00 -1.753492520620274941e+00
-1.586559718800326646e+00 -7.014406660270380289e-01
-4.629628093715415504e-01 1.406810966910737370e+00
-9.035111466904557909e-02 1.124949533554711945e+00
-1.056209776532822220e+00 8.670013727784109392e-01
1.904980091350712668e+00 -2.750018114267712699e-01
1.449115752879150731e+00 -1.707029172923216542e+00
-1.689345169639075772e+00 -1.913758465369730377e+00
1.440325653892163382e+00 1.398184451566846676e+00
9.819044908478447020e-01 1.461307221433349568e+00
-7.903914375643159573e-01 1.164274866509056761e+00
1.533075462101585407e+00 3.994568737431045680e-01
1.194759984147123477e+00 1.270404938074058965e+00
6.206772363012718063e-01 1.267722485267640753e+00
1.581359689184274275e+00 -1.070838498249373494e+00
-1.172784479540348812e+00 3.959703121040192286e-01
1.526288627996070124e+00 1.337781149035814909e+00
1.268211820332696638e+00 -1.308564786382458767e+00
-9.433066443001911772e-01 1.813370333424622061e+00
8.987220321267936907e-01 8.727735370114966251e-01
1.375491908034757627e+00 6.461290929256373605e-01
-8.270283582280767432e-01 1.600967866682727170e+00
-6.766479825109339430e-01 1.714855438607315818e+00
5.907479084017970283e-01 -1.150713831741877247e+00
1.422879529704261348e+00 1.249298298800484375e+00
1.531355393488907257e+00 6.576248988883168778e-01
-1.419649147623339047e+00 -1.635976059248431369e+00
-1.471643026041419278e+00 1.722372903010170042e-01
-6.553465382182704912e-02 4.100304737798418087e-01
-2.198653488458753302e-01 7.921663659786990497e-01
1.576595766206395355e-01 6.712486377684880878e-01
1.422401211994582582e+00 -1.727387220780258303e+00
1.397820834084819497e+00 -1.044184203361659957e+00
1.878682952669886275e+00 -2.405505134953059843e-01
-3.328034823359093952e-01 1.938339973772220226e+00
2.269625501815236701e-01 -1.753699758636027450e+00
1.570597256622517479e+00 -8.297485626609757414e-01
-3.942354652724455732e-01 -1.413777994750182287e+00
1.978842042419676650e+00 4.972490192003526377e-01
1.616576559643107425e+00 4.091507736157629083e-01
1.453903317729192457e+00 1.563874643874180403e+00
1.830162409506213672e+00 1.031131823121752777e+00
1.811772965022209414e+00 7.369104223002709286e-01
9.604349691554511237e-01 1.632859380240485603e+00
1.769655483292850162e+00 1.845817895854697799e+00
-1.984565864969195070e+00 2.692160759495451083e-01
1.842372735636937486e+00 6.664056985378685738e-01
