-1.965945067695459847e-01 -9.545887529441009212e-02 3.001886028435330478e-01 -1.184848986241328339e-01 -5.618950972353690954e-02 7.967354274909892176e-02 -9.869408190022203875e-02 -4.856130279448757359e-02 -1.751558832415260891e-01 -3.186698508227025495e-01 2.420534879239935946e-02 -9.025121747682657292e-02
2.471878709706947230e-01 1.134757561304247930e-01 3.649445543821257520e-01 -1.504368604267293241e-01 5.554454306375779249e-03 -3.645159742291060323e-01 -2.805211513291486214e-01 3.301202308721146172e-01 2.357275418982207049e-01 -3.677177756716739077e-01 5.068737226797207507e-01 -8.799186488166303721e-02
2.296275188684563373e-01 2.319101664214049396e-01 1.863072688736954752e-01 -9.315781437186161640e-02 8.434031581699662217e-02 -1.301482233495499796e-01 -3.137120683353986639e-01 -1.862389323655279372e-02 8.262826163142907021e-02 -2.246282136214850789e-01 4.111286643239676630e-01 -2.259801147526045439e-01
3.215225929408015437e-01 1.840278070558858947e-01 1.093797681341273156e-02 -7.830287609579705821e-02 1.842147488310410808e-01 -2.071529947852858433e-01 -3.134725326634335563e-02 -8.532095986357657313e-02 9.269238484250365284e-02 -1.658124165153380125e-01 1.733269217021831399e-01 -1.406200708645199138e-01
8.614343338197714972e-02 7.129909803725476003e-02 2.021392752844253793e-01 1.393564486736330321e-01 4.460311171344018277e-02 -1.478284273368569990e-01 -1.117953557944983134e-01 1.662472044687396122e-01 1.757537346066688211e-01 2.588715532535412409e-02 2.494460620971219317e-02 1.541682070713390196e-01
1.269578547531294843e-01 -9.742287539729338475e-02 1.321542392466980576e-01 1.761788675378646307e-01 7.722952311200660669e-03 -4.709524409915621067e-03 -1.245815913918266182e-01 -7.232129162169756431e-02 1.398334198374235893e-01 -2.487848991278706623e-01 2.710576415433499919e-01 -6.000366272134464302e-02
-3.312885597837303964e-01 -5.512199345632241565e-01 3.653818909398955372e-01 1.722167449089993807e-01 -2.125629177557192551e-01 4.135007166470773265e-01 -3.811783034429416239e-01 7.407872621292203863e-02 -5.256456618799657532e-01 -3.968265573074861163e-01 -4.467462869109845025e-01 -5.519442978068745953e-01
9.463107164569671548e-02 6.159060907965025616e-02 -8.318343945071561552e-02 2.467842872702424861e-02 3.007227145375764021e-02 -7.902896180791558339e-03 1.045050486343234164e-01 -1.126854094381515153e-01 -2.780154108901817800e-01 -2.290797895501921200e-01 -7.329360254953409121e-03 6.786769266923292632e-02
1.988891139988931689e-01 1.643200290162948052e-01 1.900649505303657616e-01 -1.818784832043888466e-01 1.029946158398453854e-01 7.441807217191720447e-02 2.938384323487384236e-02 9.054566297399736785e-02 1.403785683603964440e-01 3.259235175044595395e-02 -3.651758540653678164e-02 1.121713774072862109e-02
-6.242875107368427434e-01 -6.794404783204944787e-01 6.529900009958759799e-02 2.712898440246614210e-02 -4.386188146687257650e-01 7.691009681102808360e-01 1.041636400905805865e-01 -4.076671711094430606e-01 -5.422083043555786519e-01 -2.949349282144950180e-01 -1.192577831327787052e+00 8.849057186956997834e-01
1.569841473453283676e-01 -1.455034580685379553e-01 7.920523403810257879e-01 -9.822404791249583766e-02 7.805344044448619956e-02 -1.930270436715413873e-01 -7.700786102005825473e-01 -4.483472968096072209e-02 -1.694583965142022197e-01 -8.566505110650649568e-01 2.984338995440028452e-01 -2.171607633522015801e-01
