-2.914000448585231662e-01 2.622075444820078371e-01 4.388626728141242772e+00 -2.960187754994227372e-01 -2.807664393365856825e-01 -3.195452395913845334e-01 8.345791614068541753e-01 1.792105834461316938e-01 -2.078453910064258225e-01 4.916136334152843568e-01 1.562778328509587311e+00 -5.875567234366813052e-01 3.004850353399343144e-01
-9.656464370647466211e-02 2.979020495015909376e-01 4.430862198041241040e-01 -1.065064759600806710e-01 -2.252010049566274819e-01 -1.747714418154632521e-01 1.008883385947535877e-01 -3.136029108431453299e-02 -2.543732818707887811e-01 3.055299369831335765e-01 3.033996054970383160e-01 7.514096051059171444e-02 1.738167981611913049e-01
-1.906875020102970220e-02 -3.788375403233297523e-02 1.184611842750760841e-02 9.882049645053066211e-02 1.382828544161150419e-01 1.020879438166804737e-01 -5.033965341881532773e-02 2.195430240732123006e-01 1.820879182278935596e-02 -7.057929182895357478e-02 8.258537136062056583e-02 1.800299827225777249e-01 -7.702469627705566327e-03
6.610106363699554122e-02 -5.646048178267466106e-02 -6.831015437007342816e-02 7.832472493619291320e-02 -2.016867312667640910e-01 1.176106756942249670e-01 2.440977270202626670e-02 -1.532680811771979235e-01 -1.731035890753268858e-01 7.694430468210428087e-02 1.628733313121294990e-01 -9.341806519053724722e-02 1.998515978461995468e-01
-1.609024806855544609e-01 1.498365103781345575e-01 -1.264966222413603340e-02 -1.709501015943640512e-01 -9.132019057653283090e-02 -2.506962738436899554e-02 1.207348145086376834e-01 1.477783170882424890e-01 -1.582118136949045295e-01 1.568723681404924838e-02 7.529372204168560678e-02 -6.489612345167873608e-02 1.533469352220307724e-01
-8.969450457297196977e-02 -1.859231620896639736e-01 -1.359239655565041005e-01 6.738548025697706223e-02 2.165534722640924739e-02 1.731874902214504408e-01 1.810892820684469329e-01 1.664612146153663652e-01 -1.926524583866455198e-01 1.121520096479129980e-01 8.201938216292212203e-02 6.001526792969601870e-02 8.928090229525988131e-02
1.536207145087561399e-01 7.510425803468194494e-02 4.738501312251523767e-02 3.049852910783492710e-04 -1.215862745964529507e-01 2.145228584430398586e-02 -1.740518539610713400e-01 -1.302561880557812357e-01 -8.900326595492606685e-02 1.512515799653153803e-01 1.219545010665662454e-01 -7.166601064770057594e-02 5.631093908358052874e-02
-1.862943288672151976e-01 -1.269372568530950929e-01 2.594928903516121044e-01 -9.118414984775526089e-02 -4.397754226210956463e-02 1.278325476307475873e-02 -7.073995213379255520e-02 -3.812602705404003877e-03 -1.150780098369664634e-01 -1.683563610365111096e-01 -1.191769654803041673e-01 5.059488354054226915e-03 -1.679503451250564106e-01
-4.031611291783793183e-02 -6.514388508088758689e-02 -1.900202238264621021e-02 -1.627512898540088293e-01 1.623107136099801728e-01 -1.394981078916286699e-02 1.427222209451750601e-01 1.933315961400762228e-01 -6.803561380524841828e-02 -9.245795900975961384e-04 9.260805469535973722e-02 -3.302926103625714038e-02 -7.337967434761337449e-02
9.254843076940932889e-02 1.600340242640383159e-01 1.981569066206482765e-01 4.943724343275263805e-02 -5.025945747809308639e-02 1.883032072783011879e-01 6.180265130704648557e-02 -1.716767545809188278e-01 -1.685588452498461287e-01 1.032403369690702843e-01 -1.733372279386432568e-01 -1.988165197664409911e-01 -3.918068366402022162e-02
7.271809562314711893e-03 -1.764770143160644678e-02 7.390623516471331658e-03 3.298001059898211795e-02 7.127748056232435792e-02 -3.285475426561797196e-02 -4.690719769344206536e-02 1.969986502977795206e-01 -9.950763046313783333e-02 1.138723728880840225e-01 -2.699209905880493171e-02 -5.988318789435775197e-02 -1.705950998093672122e-01
1.367263682904194810e-01 1.024015399344230248e-01 2.758026583479269433e-01 -3.665462994752344966e-02 6.540321418226910377e-02 -1.676491040479706762e-01 -1.437394333827256461e-02 -1.058624559114763886e-01 -2.081090059941803350e-01 2.185956743667076263e-01 -8.597647162004563859e-02 -1.495760667389242904e-01 -1.119213365311558656e-01
