-1.420869641303852682e-01 1.799419199833449667e-01
-1.002898070416356591e+00 1.142633175964459014e+00
7.253871039963126766e-01 -1.300401644942174251e+00
4.074713781305654148e-02 2.407978380801314988e-01
8.885753181151103686e-01 -4.592853168558477805e-01
8.075063472885757321e-01 -7.642103173061538524e-01
1.765434238427381411e-02 -2.572601887865610948e-02
4.180038169584394114e-01 -6.679980328415436874e-01
3.080221871756544383e-02 -4.066355514263683135e-01
-2.399769326889631404e-01 7.612780731312966953e-01
9.161236369131789958e-01 3.880090102893061776e-01
-1.260222929831704253e+00 -8.928776520700751895e-01
-2.250316971264732513e-01 5.042782343274561097e-01
