1.392532956536239597e-01 2.848126940981258182e-01
-1.479229795985677720e+00 1.827945605496738457e+00
1.874210459054123978e+00 -1.354847088966299351e+00
2.717613303339746489e-01 8.446435068137757574e-01
9.486763134799669483e-01 -8.598707109604802890e-02
1.106250515143144764e+00 -7.714144139585075166e-01
-2.261744525065280953e-01 -1.335286645397870120e-01
2.083017491304378632e-01 -1.312893128569159851e+00
5.264077374283406829e-01 -1.006991249356281370e+00
-5.950822269732691794e-01 1.722268232298375557e+00
2.118830210278972448e+00 1.338804137375647629e+00
-2.409075906337473594e+00 -1.442344206434623244e+00
-4.162673459958418087e-01 1.166390917311249220e+00
