-2.835850684067532379e-01 2.495153801607590816e-01 4.388626728141242772e+00 -2.692680575326533154e-01 -2.557263467165994952e-01 -2.943261142044385492e-01 8.345791486195895947e-01 -1.691870311648522862e-01 -1.904459843726486190e-01 4.916113246610593346e-01 1.562778328509587311e+00 -5.910769254692223029e-01 2.936472331089162169e-01
-9.183287294726749650e-02 2.909845235088216464e-01 4.430862198041241040e-01 -8.920342079489966547e-02 -2.114149356681332692e-01 -1.580651033179521214e-01 1.008883274773728494e-01 -1.713682079284555015e-01 -2.455492622647178214e-01 3.055283231911499198e-01 3.033996054970383160e-01 7.210127163927965155e-02 1.695329583347500169e-01
-1.800672406011333618e-02 -3.970494356228313620e-02 1.184611842750760841e-02 1.023144057107406441e-01 1.418587779259717629e-01 1.053334704476801276e-01 -5.033965473057773476e-02 1.904750108960060750e-01 2.078161581066739760e-02 -7.057957842462904419e-02 8.258537136062056583e-02 1.796662362847767924e-01 -8.613539543590181466e-03
6.641022020225435807e-02 -5.687800353194799596e-02 -6.831015437007342816e-02 7.950529103369863293e-02 -2.008477626576823660e-01 1.187668168538187907e-01 2.440977182400520112e-02 -1.630445689526741904e-01 -1.726028210540759833e-01 7.694418956050137759e-02 1.628733313121294990e-01 -9.365747950077638051e-02 1.995652505838731716e-01
-1.607496018070098953e-01 1.496436582634962098e-01 -1.264966222413603340e-02 -1.703466963067523376e-01 -9.092972644516922331e-02 -2.447236162837277892e-02 1.207348140144003101e-01 1.435391109591943881e-01 -1.579943686019792681e-01 1.568717604196882831e-02 7.529372204168560678e-02 -6.503067628482327167e-02 1.532027760327991373e-01
-8.951770314845713949e-02 -1.861883260208892776e-01 -1.359239655565041005e-01 6.802206697326453055e-02 2.218248860756786081e-02 1.737990756355375366e-01 1.810892816826240037e-01 1.625904701851463297e-01 -1.923083789109948094e-01 1.121519512299573723e-01 8.201938216292212203e-02 5.990964969515951560e-02 8.912210009987464598e-02
1.540959604123907367e-01 7.436437997758493790e-02 4.738501312251523767e-02 1.977299713930877161e-03 -1.201207405858616545e-01 2.304552134051420995e-02 -1.740518548788900499e-01 -1.433153597177108940e-01 -8.801771485062760692e-02 1.512514305766539391e-01 1.219545010665662454e-01 -7.191781306037196841e-02 5.588915291173887634e-02
-1.860897855199192819e-01 -1.272357534703673632e-01 2.594928903516121044e-01 -9.043552993792677852e-02 -4.338253941339707126e-02 1.350636934185033694e-02 -7.073995261663199030e-02 -1.028600499769481529e-02 -1.146979080454888084e-01 -1.683564309452028895e-01 -1.191769654803041673e-01 4.927481091083474145e-03 -1.681356193302468716e-01
-4.019722484805673263e-02 -6.532472809676780068e-02 -1.900202238264621021e-02 -1.623267364095037635e-01 1.626697351048213835e-01 -1.354326075646939374e-02 1.427222206968787321e-01 1.895358979014036549e-01 -6.779840902878067621e-02 -9.246181549243128427e-04 9.260805469535973722e-02 -3.309728260878436190e-02 -7.348598909651862798e-02
9.259909345468825270e-02 1.599574244256881661e-01 1.981569066206482765e-01 4.961892046268405465e-02 -5.010730336243795352e-02 1.884773535846475390e-01 6.180265119916444894e-02 -1.740750960443801232e-01 -1.684586156246796196e-01 1.032403204059696433e-01 -1.733372279386432568e-01 -1.988460643779629833e-01 -3.922607774944243675e-02
7.325406359601449764e-03 -1.771831650218901738e-02 7.390623516471331658e-03 3.318715044679306642e-02 7.141976111827655349e-02 -3.265103724034684740e-02 -4.690719785343007431e-02 1.949917220358283743e-01 -9.942477504081823070e-02 1.138723524309736002e-01 -2.699209905880493171e-02 -5.992678483210239077e-02 -1.706450704209653280e-01
1.372660883536943877e-01 1.015612469345489738e-01 2.758026583479269433e-01 -3.475547401830883509e-02 6.706762941072293149e-02 -1.658397928642397490e-01 -1.437394438045314603e-02 -1.213404853721213317e-01 -2.069895380790238437e-01 2.185955047231102621e-01 -8.597647162004563859e-02 -1.498619884865183272e-01 -1.124003355520947212e-01
