1.762680877193958384e-01 3.547674134223630094e-01 8.683634515643942620e-02 1.180594359390866599e-01 5.059193303899155170e-02 3.672599112952609768e-02 2.315715244370330217e-01 -1.561059129646448496e-01 -1.048623705375750642e-01 -1.186342364236225161e-01 3.762018888894441138e-01 2.003256572834230531e-02 2.414923260264888738e-01 4.413354526650054566e-01 2.049457739317023797e-01
-3.110855798314543508e-01 3.305012618883047537e-01 3.640105556898498573e-01 2.557345851957593119e-01 1.975284602367585740e-01 3.347021762628042962e-01 2.055448494767225243e-01 1.196700496514816435e-02 -1.258574934125306632e-01 -6.442449269125161138e-02 3.594673070494842637e-01 -1.876966808746888815e-01 -2.676002324887397643e-01 2.205287186081787698e-01 2.250564000626668060e-01
-9.805107109699792711e-02 2.041906279470487584e-01 4.136264352996905647e-01 6.934604189610316105e-02 3.237827457999377379e-02 4.259933770282157139e-01 1.154993291258989141e-01 6.337335612943985341e-02 -1.825155905163201864e-01 -4.621396291880935925e-02 4.104648677009190560e-01 -6.786695831871775164e-02 -3.560551756156211112e-01 2.278308195659034807e-01 1.579888159542409132e-01
-2.473803188394056718e-01 4.741287603038574910e-02 5.684667327214507071e-02 5.656435305163638738e-02 -9.329550852067325373e-02 2.476471699122917147e-01 6.211690335887180836e-02 1.828465787247904317e-01 1.080202356277346620e-01 -5.704669240207869280e-02 1.350662181915763815e-01 9.754588652095279311e-02 -1.011323658903488659e-01 3.951891208364480268e-02 1.491567011610643589e-01
1.959603896969695225e-01 2.392215535728590414e-01 1.151429772450633382e-01 -2.508020423884717298e-02 1.698021592599390506e-01 7.502435659699793757e-02 -1.571007431800929000e-01 -2.043466119021210836e-01 1.487849834147896011e-01 -1.430117622913488762e-01 -1.106506199527645257e-01 -5.448063590371898107e-02 4.318804754828787368e-02 6.085980193955086576e-02 -5.479895081940524063e-04
-1.367292899785989974e-02 1.611084280401824942e-01 8.460775985624710560e-02 2.506107773216828191e-02 2.408362006922946663e-01 -2.527654385846726456e-02 1.717274016110793555e-01 -3.377162406504877461e-03 -1.065597879645153179e-01 -1.584351166794955579e-01 2.809610353593843257e-01 8.899394594354359533e-02 1.144591518681376680e-01 9.692975339217187181e-02 1.145678823794173129e-01
-1.014751555803746069e-01 -4.629674345351173295e-03 -8.965838152303390318e-02 -1.778382500891173834e-01 1.524682379885612671e-01 -1.141195487351124860e-01 -1.384691023105897589e-01 -1.635378587146839036e-01 2.017814926989981023e-02 3.658823551038987293e-02 -8.702140689705570309e-02 1.884745918543917209e-01 2.354205712936601469e-01 -9.511456983037569479e-02 -4.454049094284680266e-02
7.774477131060235358e-02 2.109440294216013145e-01 6.503242328774501424e-02 2.060105369505353112e-01 -6.389332769143638013e-02 3.113652390468364672e-02 2.963940293940471940e-02 5.584102398396519062e-02 -1.035641364602563896e-01 6.040316458334039906e-02 -2.118637285366116799e-02 -6.362860815088029753e-02 1.846711602074048997e-01 2.375311905933261136e-01 1.437664034060962548e-01
2.949334808128590835e-01 -1.933352531729928270e-01 -2.977298918517065074e-01 -1.260318438302869548e-01 -2.006751287873712875e-01 -2.040736839872757113e-01 -1.114621051728132556e-01 -2.282504520882340515e-01 4.053393582846133714e-01 -8.630547377675525100e-02 4.780206339705529717e-03 -2.694839485807390411e-01 3.414824803045017898e-01 -2.854510130808057822e-01 -3.887491121161671948e-01
2.975949831536723322e-01 -6.401703100037201000e-02 -1.795360592715314063e-01 -2.128560668228875186e-01 -5.178869152225538952e-02 1.184935513206409885e-01 -5.937945452225058124e-02 4.147131909011613632e-02 1.890139771184646544e-01 6.542296162892115297e-02 4.350917692006574244e-02 9.068854139664572767e-02 2.610798643236241223e-01 1.838300810420025466e-01 3.771126727584686589e-02
2.329955050373543057e-01 -1.022793441151523541e-01 1.506080185184724592e-02 1.530121418157401499e-02 8.138191484158188715e-02 -2.761678387803028628e-02 9.555511607232558546e-02 -9.741633850229911018e-02 1.166409932203244793e-01 1.581832580794329535e-01 1.283303180915837116e-01 5.162897148314420787e-02 -1.240648757576931910e-01 -1.143248842501090878e-01 -1.985848572201919654e-02
-1.133726796557610883e-01 -1.184496650452209615e-01 2.109608503947589253e-01 2.190078162005073270e-01 -6.069660561526132869e-02 4.400223368011939046e-04 1.564051857054471195e-01 -1.708475945907635962e-01 4.275301619904759570e-02 -1.361824346614876058e-01 -3.652012807932578965e-03 1.343336823568504479e-01 -1.933157666644001460e-01 -1.149111517901935525e-01 -1.117626901856538964e-02
6.418603570468568442e-01 1.164889623225206089e-01 -1.201167753312685077e-01 -2.678110103446755819e-01 -6.181859491337547974e-01 -1.006031476145174824e-01 -3.182249166113146344e-01 -4.215541583264638681e-01 6.854422533680122331e-01 -5.180567617606351288e-02 -2.024059451105190977e-01 -2.592202785036408774e-01 4.974277761667639797e-01 -6.424869191799978396e-02 -2.101523063203191988e-01
2.630145459742143643e-01 5.856924000105758754e-01 4.542561331440615469e-01 1.145054581770848373e-01 -1.145551920216298369e-01 1.231745227678722604e-01 2.586809185456963034e-01 -3.385931314310762774e-01 5.247330500932851916e-01 3.078138785550242340e-01 6.550479669046795905e-01 -2.364622896470238711e-01 4.825079681873121196e-01 7.138504547899970909e-01 1.147303119166522556e-01
