6.022820935282206800e-02 1.049947820132850484e+00
-7.519935595246163285e-01 4.633400290241629360e-01
-3.628244720402791224e-01 6.601711514370457445e-01
-1.782851129935127121e-02 4.188862219675068554e-01
2.199394035505078671e-01 3.726959832917198234e-01
-7.457426955413738456e-01 9.866789908988987667e-01
-2.480251768216270025e-01 9.399301560201375749e-02
2.246658639194120191e-02 -7.067912504018419861e-01
4.939150871399478060e-02 -5.994513814102179206e-01
-3.494832804256642889e-01 8.263669311220985803e-01
1.766577350343463693e-02 -4.789711742145148499e-01
1.103231869236954987e-01 -1.612317802672999623e+00
-8.214659487152971007e-01 -3.391831351048597010e-01
1.189379969912752077e+00 1.951254151898088735e-02
-1.426040952869167544e+00 8.563378554297949030e-01
6.888379771494083093e-01 9.350804017168045101e-01
1.589787882280956910e-01 4.721317770112538059e-01
-4.997642428038210349e-01 6.378360151018372948e-01
7.824316447785062412e-01 1.013180698473195696e+00
-5.569133648576219536e-02 2.439124568508546642e-01
