1.342215568448781315e-01 2.271466327646899930e-01 1.456113834972379839e-01 1.261443327625439148e-01 -1.245633192471592987e-01 3.528086924034000704e-01 5.012096968797372792e-02 -5.795418577380288816e-02 -9.661853170424684889e-02 -7.945767101089661055e-02 -4.337395184185029173e-02 -4.509905747524984854e-01 -1.825609657112361173e-01 -8.564124070202359940e-02 1.819013747505571210e-01 6.576796881809053585e-02 6.802613963152268073e-02 -2.615540958584376338e-03 1.970481197267252849e-01 1.157020706404733174e-01
2.234931748681714125e-01 2.097503054782506038e-01 -3.308184885522172936e-01 -1.887952544714564113e-02 -4.858374127553716226e-02 -6.030744837611333731e-01 7.193244912288328241e-02 2.578723588421092394e-01 1.384442890968776430e-01 -2.108941012660206504e-01 -1.181662965788184694e-01 -2.626412184349841694e-01 2.573165953986365495e-01 2.969854058135536490e-01 -3.705268453812411433e-01 2.141585153567786282e-01 6.521508863584705995e-02 -3.126527127999563782e-01 2.260761924232537468e-01 -1.102083641704151018e-01
-1.004830105498931703e-01 -2.653943881131625715e-01 -3.516953902607192761e-01 -1.536626945167493818e-01 4.342341673032669436e-02 -9.378497098695321998e-01 -1.861934580190674482e-01 5.089140652753694205e-01 2.208769379130179622e-01 -4.175979345556590228e-01 3.467108745687678129e-01 1.568690928226470493e-01 -1.772390765206732083e-02 2.517641313028278205e-01 -8.322062441987883030e-01 1.079935267442686808e-01 1.608670572983301322e-02 -3.174554293431178231e-01 8.218176588027797935e-02 -1.311515984776765731e-01
-1.674873869197230358e-01 -1.764607296383977064e-01 -1.761123500278302945e-01 -8.905853941794958026e-03 1.277391935143439017e-01 4.546029324896628740e-03 5.879388025243803724e-03 -1.004248160249827521e-01 1.593740236309119651e-01 -1.107476948019725689e-02 -1.269669449849806786e-01 -2.764984278703169415e-02 1.065318423837722100e-01 -8.406780489829761283e-02 -2.517961269999208739e-04 2.270238729103966346e-01 4.870924090768456033e-02 -2.952186846549281207e-01 -1.227937862744608727e-01 -9.751251613122170758e-02
-2.134750349919322943e-01 -1.087222132284373782e-01 -3.008967186564340257e-01 1.649729236574346003e-01 1.117807106185283172e-01 -3.450627855362246033e-01 1.691491370402558592e-01 -4.541653472659350904e-02 -6.917422236942906422e-02 -6.265926398778690065e-02 2.101093164443852135e-01 -1.750784231884444930e-01 -2.070464309991897067e-01 1.872124073475634962e-02 -3.420005317886879448e-01 6.418904199617261885e-02 1.161134266047307434e-01 -2.238937793400439802e-01 -1.259763757248960336e-01 -8.314922784780826026e-02
8.944118947007928533e-02 -3.290957332014090575e-01 6.421783499276996487e-02 -1.109962717788013919e-01 7.250192416523549947e-03 -3.725350064315021692e-01 1.079782000099488992e-01 3.209080978077117896e-01 1.591279310031651351e-01 -4.064966409068858089e-01 2.638804768321159067e-01 -1.204895127171351638e-01 -9.090966119544492685e-02 -2.153035745746637725e-02 -5.953351366564053199e-02 2.047369037784212142e-01 7.983905005577764114e-02 -2.115024712713266530e-01 -4.017788622443776991e-02 5.028043714048902740e-02
-2.072323725095503166e-01 -1.959360902867914034e-01 -3.366018184144698999e-01 -2.110928716215635104e-01 -1.929619017569314532e-01 -4.785525169872961726e-01 -2.219802137601728231e-01 1.116448062175886546e-01 1.279508214753624085e-01 -1.773304301093267532e-01 -6.470344395925760328e-02 3.582651906585226920e-02 -3.485755311154210140e-02 -2.152197695113092918e-02 -2.704549597375892622e-01 -4.340232771155185659e-02 1.263021869106553952e-01 -3.378206539621567694e-01 1.707794450721419931e-03 -8.960787588515459201e-02
5.938584842335232344e-02 -1.001559233651907049e-01 -1.919312124705155331e-01 -1.002885083245212416e-01 -2.487455856067069884e-02 7.467435653519639838e-02 1.313643819097438381e-01 -4.893671107899005834e-02 5.508961117774809763e-02 -3.980186273205035992e-03 1.475209804986521711e-01 -4.159704818460979725e-02 -4.376127795415307720e-02 1.562284952080938982e-01 -1.226395585460805238e-01 -7.046589698290860182e-02 -3.760287155909802781e-02 1.071134472769086909e-01 -1.051092923296339660e-01 -3.553447291782742962e-02
3.435240674441349812e-02 -3.341762513612450691e-02 -1.443319638555726481e-01 -2.058796119689789983e-01 8.233716929123395534e-02 1.221666593247754465e-02 -1.943361130810845050e-01 -7.076713945543509909e-02 1.241580994203538013e-01 9.879159547094765528e-03 3.660268195712473166e-02 -1.767855941871337433e-01 5.874608085711822275e-02 -4.302226068620459282e-05 4.376281926979319614e-02 1.596454827440531021e-01 -1.111004937166488876e-01 7.753890433181591380e-02 -1.771281866718024678e-02 1.744790474958813620e-01
-2.031251222820578128e-01 9.189927692246316338e-02 -2.672777054876704916e-01 -1.257099799945923801e-01 2.335434787046963140e-03 -1.154784562904273976e-01 -5.136498245514398153e-02 -9.375656818293305605e-02 -5.116621350450709788e-02 -2.076756190140786051e-01 1.386331671476916660e-01 1.820486925752966834e-01 1.308647045681230262e-02 -1.158375085657139814e-01 -7.884998264045105926e-03 -7.069633561132032673e-02 -9.032706477482024821e-02 -6.983709673111734850e-02 -8.317998548759356070e-02 1.432759790049624726e-01
-1.154225976211157023e-01 -1.147396257425987998e-01 -5.658678563594290306e-02 8.611363257675636387e-03 7.049936136402393250e-02 2.367261753214636860e-02 -2.933248780797194713e-02 -1.940619535363112894e-02 7.598879919827673801e-02 -1.197430043400884297e-01 1.134049822694016274e-01 5.313250495191569611e-02 -1.824996480620009465e-01 -7.775668706906842254e-02 5.860376772266087664e-02 -6.772032862899524108e-02 9.036146050950089048e-02 -4.172957492315352429e-02 1.344291040438428120e-01 -1.570489869692889284e-01
3.310324367887324537e-01 -5.163441614276221836e-01 7.238389559160044451e-01 9.390147819657819472e-02 4.178580573852346269e-01 7.099819697074392089e-01 -4.687287667808553993e-01 -1.695268005927776378e-01 -2.228158714101076687e-01 -1.253410876840915233e-01 -3.644857190989028717e-02 -6.625404246666408703e-01 -7.641475745965904398e-01 -7.710814596957565881e-01 8.034768711119065765e-01 7.334110137959301001e-01 4.046102945987160859e-02 5.299242608993516290e-01 6.333602975584780026e-01 1.154484090267623164e-01
2.304203311360602524e-01 2.626681329482252747e-01 2.440015956183779477e-01 -1.148036514903445354e-01 -1.656782130070403591e-01 4.156838540308078755e-01 2.763764922978199090e-01 -3.599606961584327774e-02 -3.702914238923083606e-02 3.787257093397374819e-01 -1.862902039739624260e-01 -1.193034189049570343e-01 -2.853569054006524497e-02 -3.568390281766337102e-01 2.872747751826541518e-01 6.614620481886721026e-02 -5.884307887286825689e-02 1.453821166667697007e-01 2.885635254737479172e-01 1.446492695844973919e-02
-2.291065323309819136e-03 9.849326514954050149e-02 2.594915171459585834e-02 -1.370164956569484005e-01 1.687353130168985360e-01 2.135093332029961918e-02 1.314407072308499957e-01 -7.110227777232626389e-02 1.113720836998017133e-01 -1.748367073378704131e-02 -1.158681503566907356e-01 -1.845322183154164686e-01 1.731651695045277883e-01 5.390081932141064548e-03 -1.432595573952570034e-01 9.887563941037871146e-03 -9.549044274656072473e-02 -1.505445085019683493e-01 -6.372338492524041997e-02 -1.800047582861088180e-01
1.403271396685903949e-01 -2.722662252143347172e-02 1.270173640791116276e-01 8.899619736645844603e-02 8.271146713289170838e-02 1.952088521982618952e-01 -3.424039636878638965e-02 5.303791223428740154e-02 -1.233390940948837777e-01 1.445401503739904281e-01 1.152942318059003469e-02 -1.081946576491188555e-01 2.321802009693239299e-01 8.242493794417388164e-02 3.225177565860346540e-01 2.351340159202098268e-01 6.879573682482617580e-02 8.363774954506776604e-02 1.351704380021185037e-01 -8.942888665378323498e-02
-1.055798669428594100e-01 -2.287466981030160107e-01 -1.296707098519778445e-01 -2.036357685814469964e-01 7.965035522025834536e-02 -1.656882430864877465e-01 9.040923574978640409e-02 8.430698067443960497e-02 2.039488552491174611e-01 -8.707389509301038943e-02 1.770869004516946454e-01 -3.070997836704974712e-02 -1.137614202632165755e-01 -1.601712177701722639e-01 1.484916527802600805e-01 1.490252534511319338e-01 -6.944518312473875465e-02 -2.247804962633704814e-02 -2.322354228799428100e-02 -2.007445127792553685e-01
2.851042681587378363e-02 2.759377026423586732e-01 1.157062065698006292e-01 1.328834817507700272e-01 -1.395049090765994315e-01 4.577527405567101138e-01 2.301793231628248004e-01 -2.020410352295786693e-01 -2.710578534873047674e-01 6.541925601347576835e-01 -2.115111540791487221e-01 -3.452615961090380603e-01 2.669154834183068425e-01 -4.542217417711483796e-01 6.192892205216715684e-01 -2.129710184095502321e-02 8.357866356007369324e-02 3.444936264380888957e-01 -6.299657913824845135e-02 1.923216994155522441e-01
4.815604967895180666e-01 4.457235456103750271e-01 1.910210424774870241e-01 7.733464464082534344e-03 -1.760121821011798038e-01 9.465791210309368875e-01 1.857772141376249353e-01 -2.609011839870417071e-01 -3.045847532796724377e-01 5.653737447421478546e-01 -1.902536155841792753e-01 -2.900280893043654107e-01 3.808604086058305915e-01 -5.769908489554155251e-01 5.258990527696544293e-01 2.113540893671999599e-01 -5.025417966983537418e-03 5.218330459216525830e-01 3.472264400326000033e-01 2.304862457046708002e-02
-1.019021624864817621e-01 -9.593680823344825914e-02 -2.716712751063912190e-01 -1.506797586306847948e-03 -1.112192780864068864e-01 -2.652995740436001060e-01 7.040346121912542665e-02 5.726703508731029180e-02 1.049946918412472674e-01 -3.295984358246258350e-01 1.423409571524672165e-02 -6.154316526511205421e-01 -1.638960369060284833e-02 -1.345272289444852110e-01 -6.199647717261068391e-02 4.215257681435908843e-01 -9.603749786762311169e-02 -9.140371294215368647e-02 6.944069401363899274e-01 -3.826881689134383618e-02
