-2.818123665110958687e-01 2.464776614211429129e-01 4.388626728141242772e+00 -2.586915121064126688e-01 -2.468143607865794231e-01 -2.852235433503446105e-01 8.345791464885091715e-01 -1.645392328158661321e-01 -1.856165704400670469e-01 4.916109307093194380e-01 1.562778328509587311e+00 -5.916206228898194253e-01 2.922487626555431706e-01
-9.077056049134084315e-02 2.893438544805227997e-01 4.430862198041241040e-01 -8.249298446961798870e-02 -2.065822996271770018e-01 -1.521263789334523775e-01 1.008883256254215349e-01 -1.699214269703623326e-01 -2.431222895098623660e-01 3.055280493440544753e-01 3.033996054970383160e-01 7.163192343020699515e-02 1.686652830900584599e-01
-1.776487803985558542e-02 -4.014259253670066085e-02 1.184611842750760841e-02 1.037099544385731847e-01 1.431401557553412529e-01 1.065157578774004049e-01 -5.033965494929694418e-02 1.912966688754834665e-01 2.149771880589705642e-02 -7.057962751975226101e-02 8.258537136062056583e-02 1.796100385538856592e-01 -8.800886194037724208e-03
6.647923391284851768e-02 -5.697631117359855391e-02 -6.831015437007342816e-02 7.995815373905296175e-02 -2.005571767555740792e-01 1.191741936215686415e-01 2.440977167776915008e-02 -1.630118418529223900e-01 -1.724660595752902648e-01 7.694417008457409002e-02 1.628733313121294990e-01 -9.369444245534369609e-02 1.995076067070065406e-01
-1.607157118186932909e-01 1.495985841705475827e-01 -1.264966222413603340e-02 -1.701175110932698631e-01 -9.079608396127258896e-02 -2.426336059812897461e-02 1.207348139320927605e-01 1.435275307831312686e-01 -1.579356386487291708e-01 1.568716578218344593e-02 7.529372204168560678e-02 -6.505144838747109470e-02 1.531739037286763139e-01
-8.947799067110855098e-02 -1.862513390562723081e-01 -1.359239655565041005e-01 6.826963887024330158e-02 2.236788497487729455e-02 1.740171076093586511e-01 1.810892816183484189e-01 1.626562269185302112e-01 -1.922136792205534350e-01 1.121519413053370107e-01 8.201938216292212203e-02 5.989334071708293100e-02 8.908987336831881987e-02
1.542031954056407583e-01 7.418795031075377244e-02 4.738501312251523767e-02 2.632498801837243347e-03 -1.196023694292928791e-01 2.361663555487292579e-02 -1.740518550318152224e-01 -1.430869151750648050e-01 -8.774529584307706742e-02 1.512514051489924349e-01 1.219545010665662454e-01 -7.195669854781809593e-02 5.580325357818051446e-02
-1.860438992399838509e-01 -1.273065303913805124e-01 2.594928903516121044e-01 -9.014541920256069485e-02 -4.317405383025467447e-02 1.376332708689781761e-02 -7.073995269706373490e-02 -1.022423554363380803e-02 -1.145934325226229678e-01 -1.683564428072568397e-01 -1.191769654803041673e-01 4.907098354068710477e-03 -1.681731370372143708e-01
-4.017043767424544748e-02 -6.536776840421112955e-02 -1.900202238264621021e-02 -1.621609956356620252e-01 1.627963197605443724e-01 -1.339798460196902144e-02 1.427222206555117112e-01 1.895848101274616726e-01 -6.773295856532231263e-02 -9.246247111791136217e-04 9.260805469535973722e-02 -3.310778645502623907e-02 -7.350759716791331611e-02
9.261052652389946405e-02 1.599391966970803436e-01 1.981569066206482765e-01 4.968989031547946938e-02 -5.005367223530114706e-02 1.885395632016705070e-01 6.180265118119147860e-02 -1.740550183812174800e-01 -1.684309237476568077e-01 1.032403175910044102e-01 -1.733372279386432568e-01 -1.988506265733500922e-01 -3.923530193955875045e-02
7.337318828691082560e-03 -1.773489440141096454e-02 7.390623516471331658e-03 3.326621323922229062e-02 7.146881112998550167e-02 -3.257947061816519191e-02 -4.690719788007520485e-02 1.949937914380156789e-01 -9.940226389223534575e-02 1.138723489728711846e-01 -2.699209905880493171e-02 -5.993351554286773658e-02 -1.706551081143885262e-01
1.373878770302390528e-01 1.013608691306207288e-01 2.758026583479269433e-01 -3.401136427721918737e-02 6.765636212810655081e-02 -1.651912112167253366e-01 -1.437394455410014905e-02 -1.210808573191983761e-01 -2.066800758877490596e-01 2.185954758477681170e-01 -8.597647162004563859e-02 -1.499061429790114752e-01 -1.124978877394934990e-01
