-1.808180677709050110e+00 -8.034444368230604372e-01
5.499289286434362323e-01 -1.834849363135099498e+00
4.357055716140447732e-01 -1.864543541391877612e+00
-1.493973962827866986e-01 1.596830848673569614e+00
-1.910439818945666168e+00 1.177757830876421663e-01
-1.685092609277160980e+00 1.474618647893125134e+00
6.411327836610262176e-01 9.782780109667970070e-01
2.506910465698261037e-01 -1.964592230877098888e+00
-1.802753951928581122e+00 4.738604498846750723e-01
1.695625533916521155e+00 1.448140252774070769e+00
1.069310873866377243e+00 9.528710476148893882e-01
-1.243042294428235772e+00 9.619842208067108658e-01
-5.804022032617586202e-01 -1.533889286291027387e+00
-2.055238144559209390e-01 -6.896798929730163508e-01
-1.376014388396294530e+00 -3.236685575926107061e-01
1.773623415478799759e+00 -2.144476729072882504e-01
8.401174174405848238e-02 8.791693293027098566e-01
4.782884196263496174e-02 -1.441730851905184352e+00
