-1.035842003707341030e+00 -9.087044838357055676e-01 8.982214360911822126e-01 1.512311114089837316e+00 -2.442971616944948021e+00 3.587981713639756265e+00 -1.214261737612062575e+00 -1.726455622604542217e+00 -6.604112683516799587e-01 -9.061448078182126054e-01 1.422878263646578656e+00 6.152705031446408235e-01 2.078864641959567550e+00
-1.962657409076287440e-01 -3.700336119582399164e-01 1.187572954678134535e-01 -1.588468694633520695e+00 1.535862883070544527e-01 -9.964789656389854144e+00 -5.347433058880571188e+00 -1.343427720360105715e+00 -6.169414228542632328e-01 -5.024076255661158452e-01 2.511223461107696675e-01 3.352735480909962984e-02 1.344627106969620733e+00
8.630297152095360858e+00 -1.591883452938834542e-01 1.672874804573501739e-01 2.754450903009307616e+00 -1.521820663436003862e+00 -5.915062202818278436e+00 -2.104510820598708865e+00 -4.127036289728419072e-01 -3.364042199786372866e-01 -2.663856316721106565e-01 4.830368925844876205e-01 3.345023614394987965e-01 7.147749106911572836e-01
7.885723480512289996e-01 -1.016411337209251337e-01 9.862556933753235944e-01 1.499767157569761977e+00 -9.142240031360238106e-01 -1.628532563497415264e+00 -5.537602472119541597e-01 -3.452725809881967978e-01 -2.895101956698527546e-01 2.788076972497887177e-02 1.990117532060178274e-01 7.479852683026737559e-01 4.525280996423425850e-01
-6.104566994012462500e-01 1.354035238019634935e-01 5.033845400929302105e-01 -4.946987036847556862e-02 4.877903641545341951e-01 1.344680798527361443e+00 4.199743066285424042e-01 9.677839885365598083e-02 -2.693591964242137982e-01 -2.058856583289207266e-03 5.490571500867629240e-01 3.671010558628045595e-01 1.625601781463991702e-01
2.376570158402766086e+00 -2.554300413176686657e-01 -1.385896659692452959e-01 -1.203769784010416233e+00 -9.564386291904575232e-02 -3.710140940157241829e+00 -5.489097445752532112e-01 1.205379070647882855e-01 -1.448186067974960023e-01 3.345877845901615993e-02 -3.823356549174111718e-01 1.867164190587283223e-01 1.330902751711647569e-01
-3.669416226570727524e+00 -9.742603581863422402e-02 -2.681029859416013128e-01 2.263561429643313971e+00 1.909343417675136489e+00 2.899515841189042931e+00 8.236657656500798175e-02 -1.293698630858017840e-01 2.373327754609033668e-02 -4.819555729344712769e-02 -3.387319203094966702e-01 -4.632303579127156068e-01 5.239922398858867791e-02
-1.747027760681116426e+00 -3.177044963321749571e-01 -4.444797342019436714e-02 -4.525312746213781878e+00 2.128211327897229221e+00 -1.891339042274698734e+00 -2.044000042440438758e+00 -4.438365312866796725e-02 -1.262119014130115829e-03 -3.836754600172370133e-01 -7.505416953208418063e-01 -1.881980155730353377e-01 -1.557270561875700454e-01
-7.849980841541083221e-01 -1.178672760079105264e-01 1.609872223396315583e-01 -3.140390525652909215e+00 1.992519719637020348e+00 3.037485723477469257e+00 -5.863051437758843853e-01 1.758233635940745221e-01 -1.091615541554604996e-01 -6.572400925329988097e-02 6.045831498628152501e-01 1.661216200309947322e-01 -1.277436197664375828e-01
8.730910861906975295e-01 1.422022422215435955e-01 3.068517883469326635e-01 -5.407016112611037206e-01 1.243923406449426006e+00 -7.494062724623407057e-02 -1.203919571128212046e-01 -1.924310151549467884e-01 -2.131091425709913667e-01 7.885941986966914230e-02 3.170902607457483091e-01 -1.320260323841182526e-01 -9.552337757656481632e-02
-3.150941483922601538e+00 -1.158118800046982894e-01 3.838124816856778865e-01 -1.589113571497619226e+00 2.456833404272302346e+00 4.835504695660548968e+00 8.250200885122506433e-02 2.066934717504297359e-01 -4.203628527862440789e-02 9.351223155678411655e-03 -2.020407572601867485e-01 1.152281642096795733e-01 -3.155761420734553568e-01
-1.549927661746691721e+00 -1.422477645609313279e-01 -1.092515350617536823e-01 -2.996066045602383543e+00 3.321933210162808514e+00 -3.268957174759514750e+00 -1.850746109944558349e+00 -1.953301667848477141e-01 -1.219582130910470130e-01 -6.679829649086678478e-02 -4.857093090391950696e-01 -5.489494400684994391e-01 -1.465672348212108123e-01
