1.612879934014320726e+00 7.810418982746245575e-01
3.021554962212739670e-01 -1.389316909827707391e+00
1.576290774018975105e+00 5.648774189234732068e-01
1.005557539078639095e+00 1.248519620128775154e+00
1.619146786628909762e+00 -1.799093975357507702e+00
-1.110183588528950827e+00 -1.897039456923006018e+00
5.156530416112418136e-01 1.708035388967701129e+00
-7.969719968438579993e-01 -1.531814692235050068e-01
6.594324105389021140e-01 -1.390269258670939978e+00
1.945104860950711334e+00 3.461165821506568818e-01
2.754496938387299698e-01 2.347971225454732191e-01
-1.920474964578632093e+00 -1.022458948083292629e+00
-1.858159517532861349e+00 8.129165411563892274e-01
-6.196734160293747573e-01 1.509595364199395329e+00
-1.547217119431493426e+00 -1.875089998098377952e+00
-1.907345823493980408e+00 -1.394170379386019398e+00
1.899311962460546455e-01 2.118965690503731014e-01
8.666332809843714235e-01 -6.767063264398200106e-02
-1.314531913593470769e+00 -7.691029910271870995e-02
-1.129308300517719577e+00 3.864206658236008507e-01
-1.105170456017810832e+00 1.631738731436418233e+00
-2.834959097514642146e-01 9.665765992967333409e-01
-1.238287961982448948e+00 1.562631795392488199e+00
-1.926955425019514889e+00 7.875594268513502749e-01
1.662290266127446126e+00 1.080050564694625237e+00
4.648619317116442495e-01 -1.740018680506479232e+00
1.849242254274967134e+00 -1.815484805280014324e+00
8.313865261322186395e-01 -1.381732965141477587e+00
8.849354639423887559e-01 -7.312421286743951976e-01
-5.992288887704915190e-01 1.370300227604482224e+00
-1.824254382773615957e+00 -7.602671213314993182e-01
-2.051358612525775171e-01 1.652717977916441372e-01
1.964373298384289424e+00 -9.434488168511490080e-01
9.544420826549104842e-01 -5.724089235969018752e-01
-9.684917954932263928e-01 -1.529030778178457783e+00
-1.621305356492101390e+00 -2.056290707941460294e+00
-1.751638522501798523e+00 1.039526661224613235e+00
1.701595395133687516e+00 -1.278794265348641046e+00
-1.431758395477799706e+00 5.190382935240134277e-01
1.057223101374078711e+00 -1.513344953996259568e+00
-1.477741029402913187e+00 1.622193718721728128e+00
-6.283494583348789853e-01 -1.553373250165602348e+00
-8.759908394893515249e-01 -1.123608126033314170e+00
4.623467010468104155e-01 1.303195128640487477e+00
-5.330418709844395586e-01 1.866661741895923265e+00
-1.958143887893281088e-01 -1.489095610602302333e+00
-1.248354488935318196e+00 9.706996631164346856e-02
5.971317522401041467e-02 -2.005676378500269863e-01
-1.158970719259709625e+00 -1.777291925650785975e+00
3.911829068398103848e-01 -1.344036706796781777e+00
-2.885280278745949376e-02 1.136127016517767041e+00
-1.581279822156358650e+00 1.673076046422451890e+00
-1.953496311822878528e+00 -8.612016823361365869e-01
-9.788549460785307410e-01 1.893318332738705312e+00
1.359728863524640063e+00 6.207881342371215361e-01
9.871488816427952395e-01 1.700128531738190008e+00
-4.510723371725835484e-01 1.935350613455064095e-01
-1.008388638985071584e+00 -1.505429883695384441e-01
-8.242757065206060552e-02 6.511909533661476290e-01
2.633510893703584488e-01 7.414248552196385234e-01
5.114644631816769316e-01 -1.669854211558293500e+00
-1.738929261582966346e+00 -2.027455818061016490e+00
-1.082055689138179178e+00 1.448213066124063975e+00
-1.840301102839448699e+00 6.590767184734436235e-01
-1.858471207060484742e+00 1.346266053157226805e-01
1.597056814237133304e+00 1.318682589398802563e+00
-9.168308783474183876e-01 1.477479642728573683e+00
-6.138832651960185460e-01 -1.007194563986697711e+00
-2.028525466118517251e+00 1.645235096425351762e-01
-1.025187541175776484e+00 1.322006607868914774e+00
-6.158483528929222794e-01 -2.342600703959379360e-01
-1.048467381452432567e+00 -1.767802146711999312e+00
-1.894878297912515830e+00 -7.835958148141262125e-01
4.520091494607521576e-01 -1.369737844130613835e+00
-1.067367083892362789e+00 -1.846474137666207271e+00
-1.030837222696167066e+00 6.970698357184478278e-01
