6.131451537053721479e-01 -3.474893216773169285e-02
1.825113777197243659e-01 1.506062836935482263e-01
1.253515440414895155e+00 -4.188671590332013195e-01
1.233068515323620495e+00 -1.292956176737878105e+00
-2.955620811217395394e-01 -4.029542947457141477e-01
-2.387539210394280798e-01 1.037891802434508515e+00
9.248216776165929520e-02 1.776421958706569049e+00
1.487756772461859445e+00 -1.355281357965608002e+00
-7.849644491381156941e-01 -1.815645454644116086e+00
9.576810372865011134e-01 -1.688819337476146210e+00
1.552032768250412920e+00 -9.792221961880933634e-01
-3.701595443716848566e-01 -1.544556633589674766e+00
-7.317424161066765631e-01 -2.648826167871815573e-01
-1.779323745028712933e+00 8.179691437633398454e-01
8.329138737068830789e-01 -3.437640274093361481e-01
1.334749697154645531e+00 -1.404667370756572664e+00
-1.763314751255929069e+00 -4.780758584133976141e-01
1.583626551849372621e+00 8.715665717559145653e-01
7.009395331781538285e-01 1.601068621818477200e-01
1.233090010728850938e+00 -1.991303602289016261e-01
-1.887104676758166955e+00 9.897056007799936994e-01
-1.222987297185156530e+00 -3.291559107865237310e-01
-6.228825286196140176e-01 -1.389856183616883900e+00
-6.100707320154109548e-01 -1.080890556596631802e+00
