-1.814593506957158819e+00 -6.765037131433773165e-01
4.409558032075917566e-01 -1.961798394748371477e+00
4.292927423659769204e-01 -1.737602817712191605e+00
-1.558104070053365764e-01 1.723771033676813058e+00
-1.904017717540748889e+00 -9.163572647158698195e-03
-1.678679780029046942e+00 1.347677924213439127e+00
6.475456657509347513e-01 8.513372874291943448e-01
2.571038758178778583e-01 -2.091532954556743817e+00
-1.809166781176694716e+00 6.008011735643773443e-01
1.702038363164635193e+00 1.321199529094384761e+00
1.062898044618296955e+00 1.079811771294623135e+00
-1.236629465180121734e+00 8.350434971270088713e-01
-5.868150325097964970e-01 -1.406948562611341380e+00
-2.119363763910460108e-01 -5.627396640156825391e-01
-1.382376200669823030e+00 -1.967736415995782751e-01
1.767210586230685720e+00 -8.750694922757848437e-02
7.760276786605138644e-02 1.006032250847240572e+00
4.141601272734022482e-02 -1.314790128230571842e+00
