-1.686551405535625658e+00 -8.104954163522830601e-01
1.052858658233734923e+00 -1.805057612700766478e+00
5.572020914168601680e-01 -1.888441862154910167e+00
-1.797251538835330231e-01 1.568861228480731951e+00
-2.032026390434508389e+00 1.219932086587955100e-01
-1.806695832985725225e+00 1.480766621269595795e+00
1.140449410797258700e+00 9.824965383959601839e-01
3.958753981480073736e-01 -1.960015640729855457e+00
-1.698849609906161628e+00 4.692185506712233667e-01
1.697520969921643363e+00 1.477920377402917262e+00
6.061851530588033832e-01 9.230809416900253028e-01
-1.336907227972989443e+00 9.917746901275926730e-01
-5.604716223595892499e-01 -1.563589121153720951e+00
-8.392196216561051414e-02 -6.938980359248168028e-01
-1.254446281716840694e+00 -3.278415554489185757e-01
1.446679981563020689e+00 -2.442377730395211277e-01
-2.699206090286037640e-01 8.499852756089727457e-01
1.736903278189109445e-01 -1.470054572855533870e+00
