-3.237364733591121396e-02 2.873002782763146579e-01
-1.312477661189580536e+00 1.825458021318748347e+00
2.040790085975698442e+00 -1.357334673144705572e+00
1.033803942789728730e-01 8.471310909921120347e-01
7.817621117417258292e-01 -8.349948691777410448e-02
9.393665306036539375e-01 -7.689268297801228336e-01
-5.959481731645353830e-02 -1.360162487182070834e-01
3.749676553631887954e-02 -1.310405544409619871e+00
3.592510781181509905e-01 -1.004503665181705419e+00
-4.285023089449304656e-01 1.719780648119969335e+00
2.285409837200618632e+00 1.336316553197241408e+00
-2.575898814470308107e+00 -1.439856622256217022e+00
-2.490738775966723495e-01 1.163903333132917162e+00
