-1.251036564668301931e-01 -1.541925536544799247e-01 -4.996259315098603437e-01 -4.412409744575782611e-01 -1.020376638870517660e-01 4.788214498504628214e-01 -6.383812368341001964e-01 -1.112879384125952005e-02 1.471974825369465889e-01 -9.366231274138210605e-02 -1.346342835721691111e-01
-6.660767331087669163e-01 7.398445792280808897e-01 1.383493935838219002e+00 1.665117349816507553e-01 4.607640779859020763e-01 2.612274499311251774e-01 2.095405392707373249e+00 2.332531524250550103e-02 -8.107516150489211745e-03 3.673268146998621142e-01 -3.509051901299312104e-01
-8.226489702064557208e-02 1.496619019542283768e-01 2.436511140130215303e-01 1.729170895983728889e-02 6.304826074454177032e-02 -6.374038037951652858e-02 5.137881187006337891e-01 -3.510027093841474460e-02 -8.258968204548059258e-03 1.572929525698903153e-01 -1.834738397345092031e-01
-2.153916373654444494e-01 3.176490108250604183e-01 1.645602761891708232e-01 9.071633787506221125e-02 -1.463026495253461623e-01 1.026432730866552179e-01 3.821853645817532841e-01 -2.258541153666710766e-01 -1.566103171425574647e-01 -1.816808995548502975e-02 9.501421810671840940e-02
-5.051301236893377539e-02 -7.081078801741608197e-02 -8.225892097161749406e-02 2.007536485684218996e-01 4.113870002094510009e-02 8.397194206328721655e-02 8.529005016324109345e-02 -7.110332099169916487e-02 -5.636469989882460230e-02 5.378458827864075059e-02 -2.057429321589556437e-01
3.099943456039109049e-02 -1.908476270500706617e-01 -3.834575586646583045e-01 7.474805473684742463e-02 -1.269679922492484847e-01 1.349186114650229307e-01 -3.470323689270153333e-01 -7.148701750701701163e-02 -4.783584074419808957e-02 -2.505018641046925787e-02 3.066903766205229462e-02
3.311033048858388339e-01 -4.498557214786938485e-01 -5.370821851514384626e-01 -2.152346350080562576e-01 -2.341980800379961369e-01 1.422906707281399175e-01 -7.908979215363779458e-01 5.736754398075315231e-02 1.861534038228327692e-01 2.752135843254804523e-02 1.190567647891060260e-01
1.335239600142141929e-02 -1.402391939105080421e-01 -1.095109623311568831e-01 -1.378663931429814464e-02 1.144845232035319460e-01 3.524249939122881675e-02 -2.096868344143592577e-01 1.255773533905107098e-01 -7.288380795076628005e-02 9.215790920799818431e-02 2.411834352213291788e-01
2.098654376555162404e-01 -1.797106520602888280e-01 -5.370049033465092991e-01 -2.324367282275255631e-01 1.584552628007231210e-03 -4.019519494889267630e-02 -5.829104956227633139e-01 5.251880062929994986e-02 -7.313910778818052960e-02 -2.638364707333475945e-01 1.725372829523266760e-01
1.367731288938700829e-01 2.374252702428158654e-02 -3.714916179019531195e-02 -2.755239825187776881e-01 1.193047581640861721e-01 5.438400457687977418e-01 -3.150227840794618261e-01 -1.693450782767089158e-01 -6.817145724643244864e-02 2.225918230534560949e-01 6.452659046077637017e-02
