-9.161691116523892342e-01 1.029317530594714702e-01
5.885062468722713769e-01 -7.871848813275054146e-01
1.253197099638375445e+00 -1.218888652996444666e+00
-9.389349856878189682e-01 -1.882321956859091427e+00
5.168855970407943978e-01 6.358657396155803498e-02
1.248190399752905799e+00 1.563774537354130079e+00
1.748827524443686832e+00 -2.201819726819274958e+00
4.624146636429739554e-01 8.169187307967228362e-01
2.920841626265412438e-01 7.477607140127500163e-01
8.828241531571592304e-01 5.007412627883366385e-01
-3.679803196930281906e-01 1.904264266962637508e-01
