-1.838160854483300133e+00 -8.104954168727556141e-01
9.012701747923091977e-01 -1.805057613221239032e+00
4.055926442397752574e-01 -1.888441862675382721e+00
-2.833983784681700854e-02 1.568861229001204505e+00
-1.880420527658887897e+00 1.219932091792680640e-01
-1.655086386401569021e+00 1.480766621790068349e+00
1.292058857974351493e+00 9.824965389164327378e-01
5.474848453256024872e-01 -1.960015640209382903e+00
-1.850459057083254422e+00 4.692185501503067235e-01
1.849130417098736157e+00 1.477920377923389816e+00
7.577946002358971755e-01 9.230809422104978568e-01
-1.185297780762738729e+00 9.917746906480652269e-01
-7.120804531408688742e-01 -1.563589121674193505e+00
-2.355314092378414936e-01 -6.938980364452893568e-01
-1.406060119838304256e+00 -3.278415559698352189e-01
1.295070534385927896e+00 -2.442377735599936817e-01
-1.184217212299048111e-01 8.499852761294452996e-01
2.208121335333918314e-02 -1.470054573376006424e+00
