-1.198160210356801869e+00 1.608328923033616409e+00
1.051423939883640690e+00 1.714195572516504784e+00
1.103783054713371348e+00 7.260491998054778851e-01
7.822496687934996640e-01 8.321164957995602629e-02
8.360872935241170367e-01 -1.210859861129292891e+00
7.697475419786986572e-01 -1.804371390339998826e-01
7.174565407411624962e-01 -1.308548477538094001e-01
9.063665305407069273e-01 -1.692139462240935588e+00
-1.532220936803922573e+00 1.705148911603102446e+00
-3.454492189430939664e-02 1.577553653189182059e+00
1.445651440446782399e+00 6.815724643454417198e-01
2.392316008015289430e-01 -1.199364264894553722e+00
-1.337444304804574546e+00 1.264964685364204922e+00
1.318756299559568301e+00 1.147203605453845476e+00
5.947425523301560490e-01 -2.762027571493839151e-01
