-2.797677760952211878e-01 2.422551016555911652e-01 4.388626728141242772e+00 -2.334275092325855394e-01 -2.287270289689086467e-01 -2.655691901281307388e-01 8.345791439131419187e-01 -1.582450870061339054e-01 -1.783997932757657723e-01 4.916104505615949694e-01 1.562778328509587311e+00 -5.922942953606988858e-01 2.904726934638485192e-01
-8.952927803461442624e-02 2.870473588735983350e-01 4.430862198041241040e-01 -6.637446635221586066e-02 -1.967626522297036551e-01 -1.392661133367203707e-01 1.008883233858172829e-01 -1.679072469702185266e-01 -2.394827042795344141e-01 3.055277116941636506e-01 3.033996054970383160e-01 7.104989590624413709e-02 1.675488958706586318e-01
-1.748736259212842897e-02 -4.074890353808155452e-02 1.184611842750760841e-02 1.070338538960184521e-01 1.457383927735767526e-01 1.090638404005789680e-01 -5.033965521341730864e-02 1.923978889440508822e-01 2.256455620234964002e-02 -7.057968686558946381e-02 8.258537136062056583e-02 1.795404667135386545e-01 -9.037050460770922750e-03
6.656046418468357373e-02 -5.711470284755963689e-02 -6.831015437007342816e-02 8.104922249262275225e-02 -1.999660989054785065e-01 1.200578719577900799e-01 2.440977150087375591e-02 -1.629633716242815111e-01 -1.722602250489661257e-01 7.694414591873285914e-02 1.628733313121294990e-01 -9.374029441005982122e-02 1.994328214290087553e-01
-1.606754731556071514e-01 1.495347562096787652e-01 -1.264966222413603340e-02 -1.695634188904154016e-01 -9.052381489273793325e-02 -2.380932194103942481e-02 1.207348138325127773e-01 1.435188213145947300e-01 -1.578465737477927344e-01 1.568715299650146056e-02 7.529372204168560678e-02 -6.507722079869840415e-02 1.531361905330947404e-01
-8.943162288003990434e-02 -1.863394013705896857e-01 -1.359239655565041005e-01 6.886406818349703751e-02 2.274451092644089872e-02 1.744890129604287909e-01 1.810892815406277001e-01 1.627489622924224999e-01 -1.920717343813511113e-01 1.121519290981810718e-01 8.201938216292212203e-02 5.987311928450028686e-02 8.904852070945604159e-02
1.543276918728614666e-01 7.394204168787112119e-02 4.738501312251523767e-02 4.201801507765594128e-03 -1.185499569916030060e-01 2.485137235047557916e-02 -1.740518552166867849e-01 -1.427749452438088484e-01 -8.733789497619000308e-02 1.512513739965637705e-01 1.219545010665662454e-01 -7.200489975619331351e-02 5.569354676439212948e-02
-1.859902331506491091e-01 -1.274056169778357839e-01 2.594928903516121044e-01 -8.944832870991145657e-02 -4.275040573694790375e-02 1.431981180982672130e-02 -7.073995279433251127e-02 -1.013739180817923267e-02 -1.144367025551390610e-01 -1.683564574352440502e-01 -1.191769654803041673e-01 4.881821984319171040e-03 -1.682214224419900095e-01
-4.013928005803296672e-02 -6.542784934892678650e-02 -1.900202238264621021e-02 -1.617636802391913819e-01 1.630533910862632663e-01 -1.308371595005874098e-02 1.427222206054966636e-01 1.896520135184648348e-01 -6.763496822420857202e-02 -9.246327638010241575e-04 9.260805469535973722e-02 -3.312080893842499901e-02 -7.353527012080349201e-02
9.262380059355707074e-02 1.599137466401008012e-01 1.981569066206482765e-01 4.985991156333723084e-02 -4.994475433450431406e-02 1.886741404139473388e-01 6.180265115945988985e-02 -1.740279625564452592e-01 -1.683894651094744455e-01 1.032403141313488482e-01 -1.733372279386432568e-01 -1.988562829354426631e-01 -3.924712011838146775e-02
7.351415435223368662e-03 -1.775828639691869049e-02 7.390623516471331658e-03 3.345711552707741204e-02 7.156866118965907186e-02 -3.242411785494585946e-02 -4.690719791230879565e-02 1.949986770486031584e-01 -9.936824254628121023e-02 1.138723446749054236e-01 -2.699209905880493171e-02 -5.994186552283223279e-02 -1.706681670944824314e-01
1.375292624381501405e-01 1.010815829265490629e-01 2.758026583479269433e-01 -3.222912011697061374e-02 6.885163278044009738e-02 -1.637889916644557631e-01 -1.437394476402234673e-02 -1.207264733812377783e-01 -2.062172679367346440e-01 2.185954404715977073e-01 -8.597647162004563859e-02 -1.499608754612276051e-01 -1.126224756612504985e-01
