9.403144318419520351e-03 7.061219239143056159e-01
-7.998814277022413544e-01 2.944912686871006824e-01
-9.956727230242692350e-01 6.278229749367942869e-01
-1.918066747156417506e-01 2.059723957743421763e-01
3.011608601727993606e-01 7.484552134685774905e-02
-4.235453946975251127e-01 1.107643570658807919e+00
-3.818861802511933634e-01 1.180167551281480071e-01
2.418137892738588812e-01 -5.212198964515996069e-01
1.961325591664652424e-01 -3.566196040501238285e-01
-9.270471004800133752e-01 8.339215591237210123e-01
1.036774247920332348e-01 -2.072447463131940892e-01
3.374629559826394787e-01 -1.402202723112484284e+00
-5.393037613271171038e-01 -1.527128990641181058e-02
1.304349899676942925e+00 -7.436707969510815419e-02
-1.056580565815545603e+00 4.145423026081336282e-01
8.256069202025901888e-01 6.213632643868313155e-01
9.587576578842761654e-02 1.275096470528343795e-01
-4.287623429641401751e-01 4.100436021688317334e-01
9.681762017610452409e-01 6.212812871838729878e-01
-1.981969308466774160e-01 1.435665680945307499e-01
