-3.000160033303805318e-01 2.764554682184242052e-01 4.388626728141242772e+00 -3.156004168802732934e-01 -3.006224338373037486e-01 -3.392227924702357345e-01 8.345791853701337581e-01 -2.314133446989234399e-01 -2.246607453343875960e-01 4.916180887525913312e-01 1.562778328509587311e+00 -5.785908597997287961e-01 3.098617821704671704e-01
-1.016008197217572601e-01 3.057355660188504354e-01 4.430862198041241040e-01 -1.193367405333465581e-01 -2.362961868422551737e-01 -1.879807177274849528e-01 1.008883594269685408e-01 -1.953998493976759065e-01 -2.629807004518409652e-01 3.055330508777243104e-01 3.033996054970383160e-01 8.288146867815568419e-02 1.797212350304326911e-01
-2.026284992984014183e-02 -3.584741687635965846e-02 1.184611842750760841e-02 9.628254550675460766e-02 1.354670163181870834e-01 9.957699143233715577e-02 -5.033965096035915299e-02 1.939291750709613571e-01 1.572895475440110741e-02 -7.057873872625398948e-02 8.258537136062056583e-02 1.809566252197715441e-01 -6.456759756587880303e-03
6.578022011095030486e-02 -5.598435309458625608e-02 -6.831015437007342816e-02 7.744264323430903596e-02 -2.023698696032065758e-01 1.166895039469414280e-01 2.440977434724532491e-02 -1.677157848481420077e-01 -1.735958067266348825e-01 7.694452680211076590e-02 1.628733313121294990e-01 -9.280844868359626465e-02 2.002475477299186235e-01
-1.610579485752460516e-01 1.500578811838468030e-01 -1.264966222413603340e-02 -1.714036124315136134e-01 -9.164154815603321735e-02 -2.554819660422788172e-02 1.207348154347144542e-01 1.385109638843310953e-01 -1.584273692913221454e-01 1.568735406532620336e-02 7.529372204168560678e-02 -6.455352943066225424e-02 1.535467806007385361e-01
-8.988432379927283056e-02 -1.856234978770831823e-01 -1.359239655565041005e-01 6.691465014487930907e-02 2.123258654465128362e-02 1.727052496862491460e-01 1.810892827914319936e-01 1.596479591593314151e-01 -1.929875577732598213e-01 1.121521223709299880e-01 8.201938216292212203e-02 6.028423194773286503e-02 8.949954286838573969e-02
1.531041615107102960e-01 7.593775786267464856e-02 4.738501312251523767e-02 -9.262326729892169036e-04 -1.227553520059647268e-01 2.020179934497168955e-02 -1.740518522411527991e-01 -1.471088391708859910e-01 -8.995971039206181186e-02 1.512518682354974664e-01 1.219545010665662454e-01 -7.102473869455311339e-02 5.689061224396853994e-02
-1.865119320824452087e-01 -1.265991644896908019e-01 2.594928903516121044e-01 -9.173940941271989391e-02 -4.445655830213995907e-02 1.221137481752304112e-02 -7.073995122903048438e-02 -1.151678663188665519e-02 -1.154489311206616381e-01 -1.683562261442821117e-01 -1.191769654803041673e-01 5.395641568030453035e-03 -1.676949554360854799e-01
-4.044431689034197475e-02 -6.493977385769317268e-02 -1.900202238264621021e-02 -1.630647053471708796e-01 1.620233981722620509e-01 -1.426980763827120219e-02 1.427222214104460485e-01 1.891943338486279658e-01 -6.826622751712049797e-02 -9.245051746196145028e-04 9.260805469535973722e-02 -3.285603574702344876e-02 -7.323340395367684830e-02
9.249392897976288497e-02 1.601205092938175201e-01 1.981569066206482765e-01 4.930307556273713643e-02 -5.038130188164238743e-02 1.881660573291382144e-01 6.180265150920413730e-02 -1.740470642085555908e-01 -1.686562481661906254e-01 1.032403689293695526e-01 -1.733372279386432568e-01 -1.987412815203274119e-01 -3.911821668519189360e-02
7.216584011054275397e-03 -1.756697780483023469e-02 7.390623516471331658e-03 3.282486331252517514e-02 7.116116948366454920e-02 -3.301743312147920745e-02 -4.690719739366562557e-02 1.939696301613252349e-01 -9.958933266262508244e-02 1.138724123582143533e-01 -2.699209905880493171e-02 -5.977217977260888826e-02 -1.705259328985175571e-01
1.361397346951317144e-01 1.033481488447506452e-01 2.758026583479269433e-01 -3.805283282340281292e-02 6.407550746322489277e-02 -1.690691675322513743e-01 -1.437394138531074457e-02 -1.241085849965089943e-01 -2.091953459795030668e-01 2.185960017221605101e-01 -8.597647162004563859e-02 -1.488479021100908295e-01 -1.112630372703987541e-01
