7.727838086051186037e-03 -1.541362743079053577e-01 -7.099352916678086656e-01 9.381925851136035943e-02 1.524786784987329502e-01 2.251735745970176450e-01 3.975592995927441087e-01 1.553492692355250560e-01 -3.707694350168255770e+00 2.683401788250827646e-01 8.701073855225422982e-01 2.720262095568252297e-02 -2.050712885777195293e-01 -1.124911147896397318e-01 -6.691508592570341585e-02 -1.010305753183479371e+00 1.889090082906503265e-01 -3.187469524560061773e-02
-3.394928556937609199e-01 -1.646994155433830209e-01 -6.571102339958408978e-01 1.603354144955690397e-01 1.405135905044740952e-01 2.224778959943280177e-01 3.921095086932995244e-01 3.553947257240663848e-01 -3.874469314098466732e+00 2.897064769729401079e-01 6.460526998969668977e-01 2.019014620458553233e-01 -3.569591362122987999e-01 -1.837465991721096148e-01 -1.960402878680004568e-01 -1.665642615739156840e+00 1.764389974425067259e-02 -2.697933333607184236e-01
-2.241864911970120611e-01 4.139854466989946469e-02 -1.161929673576527766e-01 4.254506727287639400e-02 1.635667439759876662e-01 1.035137930850117544e-01 2.438912582291711262e-01 2.276571978722161105e-01 -2.290316223996273326e+00 4.657874207314828818e-01 4.209486925749812425e-01 4.540498523918566898e-01 2.622800765800782381e-03 -1.175572865046169424e-01 1.322508486965871463e-02 -1.571257259613611845e+00 2.071941180831140261e-01 -7.910696281183551837e-02
6.886573244779140013e-02 -6.194570460581463184e-02 -1.368645570967089720e-01 1.752518630046844827e-01 1.219823405225460566e-01 1.205912173691364164e-01 -4.463349495565375330e-02 -4.857924070898993890e-02 -1.226762785085822927e+00 1.725385926138320869e-01 -6.470899914187441815e-02 3.788804083094315933e-01 9.576576202550587946e-02 -7.887718369782466266e-02 -3.680440962080168410e-02 -1.164253969813870970e+00 -1.066100427435870135e-01 1.630852391543196125e-02
-1.752961563318410076e-01 -9.771521017459582070e-02 3.789634740957804893e-02 -1.525554751038861734e-01 -1.836259687094636828e-01 -1.174549552646248851e-03 1.193532948268418714e-01 1.715847047709140316e-01 -3.565643212251938809e-01 2.788055179995314603e-01 -8.606277884259759536e-02 3.062306103438283134e-01 -6.527190951584786738e-02 4.470906879191088173e-02 -4.492455111859205985e-02 -1.197647615046054215e+00 3.937612610402704133e-02 -1.612115390499171685e-01
-1.981119247147431761e-01 3.891013269254330748e-02 1.278534223071411784e-02 -1.435208199106459137e-01 2.071324908118806624e-02 -4.818878493558913928e-02 3.593345737470857171e-02 1.194561656311908110e-01 -1.575434583324588911e-01 2.953166723618548817e-01 6.266359296732681994e-02 5.990625150167132318e-02 4.262518246549554940e-02 -6.485338685722101537e-02 -1.498299587722627391e-01 -6.550853900160920062e-01 7.710018370733667803e-02 1.066881632578038086e-01
-1.623319926979169547e-01 1.602894014736354622e-01 7.186256367455728933e-02 1.736409206207935041e-01 1.494668818518468945e-01 8.857825637895859472e-02 1.777825018957349679e-01 2.867253879602287003e-02 -2.176582964384624896e-01 -3.768575525946772642e-02 1.473866356043900538e-01 3.623062330405108639e-02 8.056069891927540583e-02 -1.781172469602055469e-02 1.158440417444650677e-01 -6.117118492695047260e-01 -1.699299001135756992e-01 1.623087869642620140e-01
-1.655402485853881347e-02 1.587879579109730543e-01 1.381838584902505274e-01 6.880547841808440368e-02 2.883805954869894314e-02 -1.002126186202992320e-01 -1.368170093090251838e-01 1.527649844015526448e-01 -2.201113143761167512e-01 1.509831819188469371e-01 1.283966948853488832e-01 -3.442834251522147271e-04 -1.026203229043181481e-01 -1.546220520296029965e-01 -2.985498656876395263e-02 -1.682003987007930634e-01 1.719712418131821574e-01 1.650169011543157205e-01
-3.930726402956769699e-02 -1.628074252263501942e-01 9.012101380293600916e-02 9.870334149499022935e-02 -1.873293592761920701e-01 -1.482846079937826488e-02 9.740040911765944498e-02 -1.652585179189911546e-01 -1.542793208958583850e-01 2.291639070080517815e-01 1.144580942877260477e-01 -1.411872719462881343e-01 -1.927590323372332104e-01 -5.629857053164151470e-02 -1.883766762845310583e-01 -2.072983375493072100e-01 -1.875628940046583093e-01 1.855538234707829470e-01
1.225888693280294955e-01 -1.749687396806660078e-01 1.394216343978838257e-01 -1.106957280609480176e-01 -1.176137016464714607e-01 7.554554404968655268e-02 2.060984852592362970e-01 -1.327589699745653218e-01 -4.563145598147681503e-01 3.816035465017303483e-03 -1.807124587247461167e-01 7.183358271620104984e-02 1.267704729312346679e-01 -1.252031498964865930e-01 -1.550517622403565776e-01 -2.382465625790816943e-01 1.947011653230479589e-01 -1.520696785943578266e-01
1.827998620362420723e-01 -5.791179723253019745e-02 -2.462064818486033729e-02 -7.804589046948862130e-02 1.752052179786695307e-01 1.879909822743388026e-01 8.206394990748344664e-02 -1.129266617063470479e-01 1.161167812477242878e-03 -1.092107171046214353e-01 3.090443176276467044e-02 -1.090166732147497125e-01 1.462345848123272340e-01 1.782715021448490755e-01 1.217906798374921440e-01 -2.410972670286261887e-01 -9.415546256862634966e-02 9.853851464046768649e-02
-8.559689990526626879e-02 -3.470075761837906198e-02 -1.882300593834110858e-01 -1.422664177668857555e-01 -1.914096784611834801e-01 -1.666117988187877097e-01 -1.525835748610431530e-01 -2.322645528232047257e-02 -1.008017297585277472e-01 1.323554159303256816e-01 -1.401457703070479732e-01 -3.459378605304016911e-03 4.698998120224891217e-02 -1.661775658385061527e-01 -2.198756698754192676e-02 -2.099008365979381785e-01 1.885556828552540920e-01 -1.781309662041665465e-01
-4.010186561805695327e-02 -3.548886557451600560e-02 7.918925800394213677e-02 -6.691569353176879398e-02 -1.180141318088694380e-01 -7.866709082615730431e-02 6.461001384056835883e-03 1.853164583250006270e-01 4.012569814670689794e-02 -5.708284621043392681e-02 3.750751223383598509e-02 9.864324627614937113e-02 1.131541693587062442e-01 -2.153409829869483427e-02 -4.039749389907937305e-02 -4.965077065619512980e-02 -1.784069574884678336e-02 -1.032450356644147027e-01
-2.113236196819780546e-02 1.730743388447240350e-01 -1.512334663038550076e-01 -1.140267668916132397e-02 5.521372117099002802e-02 -3.971656572875514012e-03 -1.022618615490974714e-01 -1.948932768936899596e-01 1.623240388045350813e-02 7.667087266681595070e-02 -1.842020003566273434e-01 -6.106605537416355534e-02 1.033821440933292007e-01 5.156825663450376185e-02 1.814292978942972159e-02 -2.857018789491152511e-01 8.991547186399420633e-02 -1.292098025473124336e-02
6.790667991024373906e-02 1.030224074285090441e-01 -1.188464668011448011e-01 1.066743477843152682e-01 -8.782168962387967848e-02 1.975509923046182281e-01 -1.412242435793935602e-01 1.546251541856334677e-01 -2.089515538755015167e-01 -8.097452953044015356e-02 2.470950368613476084e-02 4.467959236987042310e-02 -4.324248907211201975e-02 -1.591872501663634532e-01 -9.891261076374907590e-02 -1.981367638655931462e-01 1.060173310985827316e-01 1.609390698019309007e-01
3.423578087150085103e-02 -1.864399521258551240e-01 1.030794792907693547e-01 -7.663248621384975701e-02 -6.396178856929080059e-02 1.670070594757363386e-02 -9.101727073201054674e-02 1.709669791750142165e-01 -1.863371375579322142e-01 -2.072487173845884850e-02 -6.339122102360272848e-02 1.490900495349079501e-02 2.611154454352275500e-02 5.085589579815667088e-02 1.253672542907741279e-02 -1.120186100665180318e-01 5.611221310838167275e-02 -4.167266371927860064e-02
1.063355162885217808e-01 1.142522414069683939e-01 -1.016866568901572121e-01 -4.931145341969232071e-02 5.167477800621356893e-02 -1.308811497131940893e-01 8.871318881428319481e-02 -3.655650708854534664e-02 -1.293170319125550027e-01 -1.281731902008378388e-01 8.329112206104677396e-02 -4.726855049729873637e-02 -2.189919351903536412e-02 -3.395701831996376929e-02 -9.411628728230770832e-03 2.377241983733914543e-02 -6.947150484138117643e-02 5.633495430995583836e-02
