1.961260823680647025e+00 1.432078850687261706e+00
1.802138928316831201e+00 1.834126498600980204e+00
-1.380439592612271227e+00 -2.524320902211265594e+00
1.125554129303601547e+00 8.029597596949722416e-01
1.578753410078509445e+00 -2.038821990837187847e+00
-4.627708151947931836e-02 -1.489082428660524204e-01
1.572550978037229097e+00 7.103620826439318581e-01
1.241889788839380060e+00 1.303754004048268134e-01
1.952657080771700082e+00 7.200581494889694012e-01
2.317241218000361869e+00 -6.073054911599079508e-01
-6.437225998106412828e-01 -3.941406968967255398e-01
1.535595510431166488e+00 5.936127773509100036e-01
1.482245962158506458e+00 1.200688128337769195e-01
4.623127029251352105e-01 2.641499394390156574e-01
-9.381724179982520173e-01 -1.517512006881588160e+00
-7.418112213504259866e-01 2.548668424532621213e+00
1.685711894954860512e-01 1.143400891244395146e+00
1.127095557277798310e+00 1.724442053973671785e+00
-6.232349343616940818e-01 1.272279363330482416e-01
5.662271719336806619e-01 6.449475625778321175e-02
-1.836996231702041626e+00 3.410526982663432682e-01
2.509657655060238413e-01 8.466695139889148791e-01
1.254587812790414425e+00 -8.427144646595579047e-01
1.274923199447469013e+00 -7.787795373946381217e-01
7.885051966640197474e-01 6.318817948381889871e-02
8.335886600837170146e-01 1.081249549058397319e+00
-2.057526034048305252e+00 -7.114513390909971147e-01
-9.446456002184162593e-01 -3.324908866383079475e-01
-3.657254512381303835e-01 -1.282589610521534862e+00
-7.858709224901310186e-01 6.646816036467897426e-01
-1.805508878246332660e+00 1.506101608552216309e+00
8.435846308213001965e-01 -1.284204265537639555e+00
6.415836611320762106e-01 -9.778734310862597923e-01
