-1.953432759510102812e-01 -1.176382626797189301e+00
-9.515438297127732925e-01 2.244567971845178034e-01
-1.177926176186610413e-02 -1.537660976274525804e-01
9.703572200093678601e-01 1.282375065225000776e+00
-4.350399508236137136e-02 -4.575658610042603325e-01
-1.907089404044131076e-01 1.418165516403103288e+00
1.328081398154903114e+00 9.959971912076232003e-01
-1.227643085940594458e+00 1.715313782512843943e+00
5.541050803174516481e-01 -1.833558808418684682e+00
8.780543014480945985e-01 2.209749079567575603e+00
