-9.202774120365756483e-01 9.763625121997587808e-02
5.813594593635436070e-01 -7.772718887793693687e-01
1.243492058025315039e+00 -1.200827621323515615e+00
-9.526132289083781846e-01 -1.875947078539337287e+00
5.159008997718429468e-01 6.811245784677602555e-02
1.247410473629676719e+00 1.560775950823677816e+00
1.722648141817982870e+00 -2.175312381010328977e+00
4.742733249885563995e-01 8.163080685869825714e-01
2.988915301546051784e-01 7.462851937702384975e-01
8.901435253523263258e-01 5.022109753549859334e-01
-3.675689121124448011e-01 1.878020829930329982e-01
