-2.689973444198437424e-01 2.737186504494485417e-01 4.388626728141242772e+00 -4.094142218457468285e-01 -2.180425105875475056e-01 -2.572847383471996707e-01 -3.916537979839681549e-01 -1.396684668327035639e-01 -1.737796880654490783e-01 5.017470531219614394e-01 -6.883009060986813310e-01 -5.922984811321354570e-01 2.895305381360195329e-01
-1.712818111375175867e-01 2.934834508212349480e-01 4.430862198041241040e-01 -1.107569430156052359e-01 -1.911059267861191235e-01 -1.348868414635096824e-01 -2.273175673441218958e-01 -3.537431229269131783e-01 -2.373072573045723332e-01 3.096409413807293398e-01 -6.893568837820719386e-01 7.104643162915054433e-02 1.670427443956483959e-01
-2.067925875968517485e-02 -4.075089949305350789e-02 1.184611842750760841e-02 1.171628527676187165e-01 1.472891505584268124e-01 1.102690131115369038e-01 -1.124688363682209702e-01 2.000292228565636876e-01 2.326598623118286344e-02 -6.927658704977415760e-02 -2.086007998480249835e-03 1.795400152246617032e-01 -9.173180660025160790e-03
6.245066052037729493e-02 -5.620225409689925261e-02 -6.831015437007342816e-02 7.856582823204937005e-02 -1.996321734604122877e-01 1.203155075393214229e-01 3.202795342498732101e-03 -1.790777989186766450e-01 -1.721453850013127951e-01 7.718135757470992453e-02 9.466743503965645290e-02 -9.374056253220156010e-02 1.994026385211375985e-01
-1.652423129576617855e-01 1.499026872820848899e-01 -1.264966222413603340e-02 -1.684481162247317976e-01 -9.037268513718418883e-02 -2.369307976876544597e-02 1.164873210364608669e-01 1.326453891946979546e-01 -1.578006037984612808e-01 1.577614762584360689e-02 2.937245372119239376e-02 -6.507736993176979623e-02 1.531224080355425843e-01
-9.246451750495561506e-02 -1.863839381013809859e-01 -1.359239655565041005e-01 6.805160197938092681e-02 2.296304861042528650e-02 1.746582401555498709e-01 1.719608497083135734e-01 1.561012248321519136e-01 -1.919853415466430124e-01 1.122998566178921298e-01 5.551064381775582673e-02 5.987299798928803068e-02 8.902904694104467331e-02
1.473730986270006815e-01 7.427193032598240763e-02 4.738501312251523767e-02 4.317214511784558950e-03 -1.179345105419414841e-01 2.532856286716788155e-02 -2.009693659017022793e-01 -1.548492272142734383e-01 -8.708368646857414519e-02 1.517232746608204175e-01 2.731573821700301538e-02 -7.200519293457872949e-02 5.563892756397389311e-02
-1.890620938346379010e-01 -1.272572698541154512e-01 2.594928903516121044e-01 -9.043421681609155327e-02 -4.250627645510493546e-02 1.450870287097801893e-02 -8.674316031954662498e-02 -1.696662441322483589e-02 -1.143431601672544873e-01 -1.681871337888022067e-01 -1.585308187096476085e-01 4.881671608185230229e-03 -1.682432580715610415e-01
-4.277695921962031134e-02 -6.538033103548610003e-02 -1.900202238264621021e-02 -1.623386548726162837e-01 1.632032161702540451e-01 -1.296777623831536427e-02 1.341861759534629661e-01 1.862366205594487845e-01 -6.757471244201379568e-02 -8.161268640015154324e-04 6.387747165416723938e-02 -3.312088743028587801e-02 -7.354857880904558387e-02
9.224709632346808630e-02 1.600621681283555253e-01 1.981569066206482765e-01 5.017036732382507136e-02 -4.988133180728496902e-02 1.887231663851257069e-01 5.595101324680880339e-02 -1.739218153764722774e-01 -1.683640517578965101e-01 1.032930345268928130e-01 -1.824342631010062443e-01 -1.988563169545962683e-01 -3.925275254856609025e-02
6.299790563617642565e-03 -1.759137283199962640e-02 7.390623516471331658e-03 3.323625146907745187e-02 7.162483469882149900e-02 -3.238089361768426572e-02 -5.347734405668055219e-02 1.931803842435447782e-01 -9.934975208613092135e-02 1.139105530891808549e-01 -3.726092741621304938e-02 -5.994191414632944054e-02 -1.706732510115993307e-01
1.311600069020208148e-01 1.016130434556447582e-01 2.758026583479269433e-01 -3.290072193351070012e-02 6.955060348450636809e-02 -1.632470521262944230e-01 -4.742377046052442119e-02 -1.334728383078498948e-01 -2.059284678719656980e-01 2.191405932955499680e-01 -1.816007449792079453e-01 -1.499612083705828824e-01 -1.126845074813216940e-01
