-2.232432936270525858e-01 -1.120066173770718043e+00
-9.790149197542237225e-01 2.769748279629314358e-01
-1.892173696286320039e-01 -1.542284404027213507e-01
9.424600762702917134e-01 1.338665115555407681e+00
-1.619809277068465572e-02 -5.085050233948803511e-01
-1.628089227283875118e-01 1.361849063376620261e+00
1.300279129906780184e+00 1.051422041603885082e+00
-1.255375696460238943e+00 1.770145566498154244e+00
5.262050626413821153e-01 -1.777242355392201656e+00
9.059543167682556630e-01 2.153432648217419754e+00
