2.324812954525386499e-01 2.537322304753205082e-01
-1.555532205886339447e+00 1.859026069090122135e+00
1.798791729352960722e+00 -1.323766625351393778e+00
3.642458014600470917e-01 8.135630431972079579e-01
1.027001738719251378e+00 -1.170675346972201575e-01
1.184422531179838201e+00 -8.024948775724722871e-01
-3.015932013169329018e-01 -1.024482009261998283e-01
1.837719096662425999e-01 -1.290131749435056374e+00
6.053860040173613122e-01 -1.038071712722045792e+00
-6.705016283022882106e-01 1.753348695913282462e+00
2.043411480577934647e+00 1.369884600990553203e+00
-2.333381759011852630e+00 -1.473424670049791274e+00
-4.940500103165313406e-01 1.197471380925863915e+00
