1.340236322378864642e-01 2.215239290135048444e-01 1.393341940110685295e-01 1.243982712368036786e-01 -1.255967730820941874e-01 3.353499280525737425e-01 4.979683479813249575e-02 -5.069727475937750583e-02 -9.152039999151942440e-02 -9.708470368746689727e-02 -4.107188240253005496e-02 -4.473582583977443461e-01 -1.817514493489585103e-01 -9.129542681719493569e-02 1.760985206619979648e-01 6.026136979303856056e-02 6.774804607708534432e-02 -7.249204228591319028e-03 1.914503102201790263e-01 1.139779579376210827e-01
2.185774495380031768e-01 2.092562728088545876e-01 -3.384793397724699116e-01 -2.235115033622982542e-02 -5.483013589664317150e-02 -6.048369598394914837e-01 7.685188853676559739e-02 2.671715038601265024e-01 1.473770605185329707e-01 -2.160090972316503766e-01 -1.149197328552883091e-01 -2.537037782381225681e-01 2.680233039946087192e-01 2.772272512120396160e-01 -3.684112034076321152e-01 2.046973201859112745e-01 6.540425786504952543e-02 -3.179645063712165376e-01 2.170132035451814156e-01 -1.149228427735494579e-01
-8.210844301478102680e-02 -2.547514557432690729e-01 -3.492227732153659892e-01 -1.543590881404912352e-01 3.902045722716361575e-02 -9.073278274429107393e-01 -1.793095250503378424e-01 5.047798931650068210e-01 2.205174111612628607e-01 -3.950996975912480780e-01 3.427077182164743330e-01 1.466444799718335246e-01 -6.591263081751196073e-03 2.211291840986822077e-01 -8.122300286865997698e-01 1.087426789058902332e-01 1.760229231994871538e-02 -3.111893551979068029e-01 8.099428171817930899e-02 -1.336989879911009704e-01
-1.590928540306487948e-01 -1.752748499783157721e-01 -1.776779973797943946e-01 -9.702196839024146771e-03 1.259799893804858517e-01 6.779247084753102504e-03 8.050711340922035719e-03 -9.943904056214970810e-02 1.607925104915143844e-01 -1.156525745358489947e-02 -1.280194617196799278e-01 -3.210158499708060109e-02 1.092536630872383979e-01 -9.647685036064478081e-02 4.151756891460161268e-03 2.265420095888921459e-01 4.912389196672833913e-02 -2.947443639745790933e-01 -1.242639062217723578e-01 -9.895227076261060850e-02
-2.096138978501524142e-01 -1.068389560763466500e-01 -3.011055892640613352e-01 1.645635191047613022e-01 1.105345163823941157e-01 -3.397504098651641380e-01 1.707910179374604320e-01 -4.542609299437349452e-02 -6.854080830139085145e-02 -5.925650757346376946e-02 2.095363536225993140e-01 -1.766756432617639649e-01 -2.041141086975264418e-01 1.080412591041533289e-02 -3.379745269101097072e-01 6.352817719207720648e-02 1.164334528297275018e-01 -2.230460800755120487e-01 -1.270534059488760970e-01 -8.400198323534296962e-02
9.934654455738144152e-02 -3.233457140603616664e-01 6.697155217230159330e-02 -1.107485788428636403e-01 6.289140721679561084e-03 -3.554329841381551613e-01 1.104830324839967542e-01 3.172714028706888900e-01 1.574753418516893766e-01 -3.931952787100221336e-01 2.615476838217795086e-01 -1.260415299487458174e-01 -8.600719507792670138e-02 -3.464488499700740104e-02 -4.924046515889032166e-02 2.056180579744194825e-01 8.061988068334034752e-02 -2.070805695560108683e-01 -4.025411697884136164e-02 4.985643232063645403e-02
-1.963201993776758081e-01 -1.902110447148181727e-01 -3.341452023545979921e-01 -2.109488296455419298e-01 -1.942024325260935380e-01 -4.618782442678671107e-01 -2.191859164630953760e-01 1.081559022812402238e-01 1.264718423051803542e-01 -1.646323482281802364e-01 -6.723060132684825774e-02 2.936416313574810241e-02 -3.008384869945368231e-02 -3.564797982850519131e-02 -2.599415363835582138e-01 -4.217809258401070127e-02 1.271079172881819930e-01 -3.335191074112462961e-01 1.830255233671543519e-03 -9.022647957460949719e-02
6.345587815186312652e-02 -9.917631797618278733e-02 -1.925055931872635129e-01 -1.006769490855485560e-01 -2.579912213966381943e-02 7.712128829762590621e-02 1.325582416990329915e-01 -4.859983544294301655e-02 5.575854749394205945e-02 -3.074993958440437516e-03 1.470133874149892328e-01 -4.349398603104141781e-02 -4.184679305520837972e-02 1.494946159033731514e-01 -1.198810502173346948e-01 -7.096397151942691883e-02 -3.735964188741852654e-02 1.075814858455944878e-01 -1.060658930276012490e-01 -3.626398369855019649e-02
3.840647476243225222e-02 -3.317600279261301299e-02 -1.450869227674497774e-01 -2.062073220024948361e-01 8.184374004046016116e-02 1.250703796382778704e-02 -1.936652073427068133e-01 -7.018951989637108035e-02 1.247870650066208453e-01 8.931286942645950966e-03 3.623200564581249838e-02 -1.785531230092324284e-01 5.997917303371043396e-02 -5.661210880439513683e-03 4.546373174642962672e-02 1.590052645408627785e-01 -1.109203312410008135e-01 7.780683522907443084e-02 -1.880370183138276724e-02 1.739402187121345533e-01
-1.983767126370442613e-01 9.419638256731052706e-02 -2.666433653610001953e-01 -1.258037786839820704e-01 1.546509034745775866e-03 -1.089122466055323646e-01 -4.997747175345500226e-02 -9.480482417765637160e-02 -5.140741751012867927e-02 -2.029327920062953816e-01 1.376431757799076450e-01 1.793816808851050604e-01 1.537766495703868884e-02 -1.227269117521822134e-01 -3.428920122430912428e-03 -7.044626321592131757e-02 -8.997957951598145598e-02 -6.828048032899208808e-02 -8.342554658318042382e-02 1.428017652765474765e-01
-1.128107426528612012e-01 -1.135348634992880412e-01 -5.592784429946092567e-02 8.690568584996390816e-03 7.062724780830641202e-02 2.761881735076331459e-02 -2.907292269662351339e-02 -2.009375754616476994e-02 7.563800858405020366e-02 -1.168790014921747278e-01 1.130528325445830096e-01 5.250475548715997920e-02 -1.808152695195198167e-01 -8.148524914427054955e-02 6.104984445850288738e-02 -6.842771821199401805e-02 9.056482286266487325e-02 -4.048079634897105983e-02 1.335171292603063442e-01 -1.570369817059777962e-01
3.398306885274773870e-01 -5.162838208025531950e-01 7.284702007095139598e-01 9.595527350378643683e-02 4.244554441164680170e-01 7.138230621227288353e-01 -4.739840377670806459e-01 -1.734966588994821257e-01 -2.274580037328595705e-01 -1.227242500313098783e-01 -3.684938842614813442e-02 -6.623188796128455236e-01 -7.632717647709832409e-01 -7.711946808360996553e-01 8.052331125853664506e-01 7.294025093242639812e-01 4.077239906979451128e-02 5.359100079389267357e-01 6.290044106820791292e-01 1.188843965008968273e-01
2.233808636350742005e-01 2.548929991938503892e-01 2.386181329662523665e-01 -1.158144692050158964e-01 -1.650205862285686886e-01 3.922729321709762518e-01 2.738344693510310068e-01 -2.939234283615963991e-02 -3.326158016713490900e-02 3.581980761105370559e-01 -1.832798692844588573e-01 -1.132769063024426509e-01 -3.221734095610023774e-02 -3.494460714003668200e-01 2.758942243850495690e-01 6.238155194471864395e-02 -5.960117103014685169e-02 1.396868578358306245e-01 2.854360123392023496e-01 1.409135307206524357e-02
-1.440153130524054895e-03 9.724488810936339489e-02 2.456115843304524510e-02 -1.373861338829513168e-01 1.685617911325986706e-01 1.736853189808574768e-02 1.313674243412946974e-01 -6.957901842398775405e-02 1.124183582633756368e-01 -2.162799427875454483e-02 -1.155085526920437144e-01 -1.843278170627810908e-01 1.732341699967789583e-01 3.629734441906403743e-03 -1.443625794436972365e-01 8.817912629363447441e-03 -9.552843502001381881e-02 -1.514361082542306780e-01 -6.491324576033144500e-02 -1.803783480900673086e-01
1.359420184165849588e-01 -3.158348040528595468e-02 1.239070572219507088e-01 8.838361558176327515e-02 8.292900340547690319e-02 1.820447000357242884e-01 -3.555685109234055230e-02 5.684096508533539177e-02 -1.211113364600480691e-01 1.330550149368172619e-01 1.326647747199769488e-02 -1.046532309985006987e-01 2.301254068576101541e-01 8.672688775826295493e-02 3.160502083360334780e-01 2.330698005396993344e-01 6.835750393129473579e-02 8.028488234632864817e-02 1.334992512298828760e-01 -8.971014687149182765e-02
-1.030365693066416094e-01 -2.278686594904660856e-01 -1.291842673730359548e-01 -2.035571325849020174e-01 7.970068798738716431e-02 -1.630409543910997239e-01 9.067283721385760442e-02 8.366064174243652285e-02 2.035797835674074130e-01 -8.520937444704239361e-02 1.766288540467781942e-01 -3.194984867603684053e-02 -1.129221177948256799e-01 -1.629048003121948418e-01 1.503255953762364650e-01 1.490152808210458146e-01 -6.929084951745949350e-02 -2.153970955793800893e-02 -2.347397234024884566e-02 -2.007444111408461240e-01
1.637353647533648648e-02 2.629061351112517153e-01 1.065698452060805240e-01 1.311550542093640470e-01 -1.387937215400310842e-01 4.180391852339767067e-01 2.262493574907479543e-01 -1.910734968811136081e-01 -2.647483950990625057e-01 6.196035981027443462e-01 -2.066771299108600413e-01 -3.360003933767745088e-01 2.599387304432443924e-01 -4.408748173480208088e-01 5.999384444037589859e-01 -2.649901649070004681e-02 8.226914495734728716e-02 3.345973229975233720e-01 -6.716051384575108529e-02 1.915666936353605521e-01
4.649183776482676000e-01 4.272090484553069389e-01 1.782340145838790801e-01 5.375147363963990281e-03 -1.747954937924434404e-01 8.901285494088866379e-01 1.800496085195785745e-01 -2.455859375196336736e-01 -2.958857741239332428e-01 5.162145050299032922e-01 -1.835336900169908247e-01 -2.773675425393576366e-01 3.706487970482439942e-01 -5.578258797942698965e-01 4.984450578177184177e-01 2.042282467095686838e-01 -6.877619175262962743e-03 5.079864871576533769e-01 3.415147458761063626e-01 2.210535289437174852e-02
-7.279703230224209010e-02 -9.784223564436259069e-02 -2.814840243692797173e-01 -5.128186430419131615e-03 -1.158045085020575765e-01 -2.747681460910606499e-01 7.533941359808273008e-02 6.637728647849501507e-02 1.131075716122400543e-01 -3.481495977676402620e-01 1.302544286089685026e-02 -6.260601925972189008e-01 -6.956702098504133173e-03 -1.791837255474598711e-01 -5.344936002614858461e-02 4.135156591179857122e-01 -9.491858146510792626e-02 -9.274562804592646759e-02 6.830557356856474804e-01 -4.348368937669178785e-02
