-3.979038419392045278e-01 2.523669178643958011e-01 2.557815969609935625e-01 -1.772498571486585961e+00 4.673778656054347058e-01 4.676716604581518943e-01 7.440971849487415524e-01 -2.092610884625312639e+00 1.633988555618079541e+00 -1.443619162001262834e+00 -2.003676896171482369e+00 -7.488870076889883043e-01 -6.842747799714857804e-01 -1.819016927051708421e-01 4.736138628467652101e-01 5.178144678839103898e-01 -8.246505611598137220e-01
-2.039541596376030497e-01 -1.340047630013960558e-02 1.831565075239245666e-01 -2.905639103462237527e-01 3.713689758689806553e-01 2.630981498722139156e-01 4.742781508328303697e-01 -8.700830772729192253e-01 5.606925961216870924e-01 -9.266998761612361690e-01 -1.320312249420829698e+00 -1.991333313758220369e-01 -2.511569670586803471e-01 -3.392112373352573762e-01 8.190325259579268879e-02 1.540116210366964111e-01 -3.838588679609584720e-01
-1.302720424869583671e-01 2.398080157642863419e-01 2.015691330703865414e-01 -2.465363504522421201e-01 1.571288940818325527e-02 6.545102499259448925e-02 1.655330455287543912e-01 -1.508114087428898131e-01 2.499687324778846198e-01 -9.969899158117320748e-02 -4.090719717637972958e-02 -9.932452042289469096e-02 5.462953718810210219e-02 -1.611007076729744081e-01 9.938808769513060581e-02 7.983244945741461290e-03 -2.717857804627342722e-01
1.834569614822925132e-01 1.684447848920401225e-01 1.300757118499876464e-01 -2.117450951586627717e-01 -1.276448553880754344e-01 -9.108859509453029468e-02 1.257455601255710598e-01 5.642773091942882013e-02 9.343363075156424502e-02 6.306604414624797372e-02 8.885031191053714694e-02 -1.965355298918863847e-01 -1.791581355887481297e-01 1.374647786875270727e-01 -1.735754060035900048e-01 -8.827590844673224857e-02 -2.224762787392858265e-01
-1.964302851903205194e-01 1.447319645849853842e-01 -7.095957901059042616e-02 -1.434217269567332753e-01 -1.342134905961719915e-01 7.099006619504000248e-02 1.991004258533183302e-01 -4.010579212780019526e-02 1.942191138300381203e-01 -2.243344241637790573e-02 -3.325587927384668265e-03 6.251257041759381017e-02 1.167434272496449821e-01 9.852097906878989897e-02 2.034493766655157410e-01 1.020185654222700578e-01 1.552568200964086209e-01
-1.177660295956731579e-01 1.991076002425071559e-02 3.925219403159203174e-02 1.209677027929453308e-01 -8.645618161951157442e-04 1.186896025686147299e-01 -3.977442213257335879e-02 3.078251528024287045e-02 1.400709834565830314e-01 1.096199542809494221e-01 4.930459493006096594e-02 -2.099549678756261473e-01 -1.292628145453553756e-01 -2.871051312344238913e-03 -9.173870697700194088e-02 -1.639828288249783883e-01 1.265652117383699871e-01
1.774516150323243446e-01 -7.683368394651757249e-02 -3.631282454675019422e-02 1.184057420096727153e-01 -1.721893054535947321e-01 5.693384445338871974e-02 -1.472820361576979986e-01 -1.062400686173035763e-01 1.475253541421794323e-01 -1.813648870230185339e-01 -1.906486958935556530e-01 -3.818003010086964966e-02 -7.902566366556840194e-03 1.433416216079652639e-01 8.884953614650301090e-02 7.517264556394175068e-02 -1.495183956083876720e-01
1.912237773354290848e-01 -3.250571201434535734e-02 4.348781784715096549e-02 -4.891223704639404563e-02 -1.781941608036650693e-01 -3.704217452984225317e-03 -1.293259908184727358e-01 -1.995807387210442319e-01 5.866268428582517569e-02 3.165022571484801123e-02 -1.864474392812414116e-01 1.452037043017697683e-02 -6.453953152891261924e-02 -4.937554510871390578e-02 1.136750497047127467e-01 -4.542006733942647451e-03 1.523001387892767844e-01
4.148589680971230542e-02 -8.148471378815840688e-03 5.322846752976610057e-02 -7.769932320024891537e-02 -1.435915852352713795e-01 7.983796336962464824e-02 5.830401218190339047e-02 9.904822641704555397e-02 -1.366543009002830211e-01 1.456708797237479536e-01 9.298943506274987003e-02 1.587999738164209695e-01 1.461020440557788402e-01 6.738640737771371680e-02 1.305626257371839960e-01 1.110783893153144408e-02 1.068711284325564170e-01
-1.475423189615909514e-01 1.812396761495283781e-01 -2.847486894057543044e-02 -4.571500906645958179e-02 6.294734433633890347e-02 1.864993570534642653e-01 -7.214907841319524728e-02 -3.707404680830210797e-01 3.115416123135149595e-01 -2.016351419139448264e-01 -1.150155547412209656e-01 9.795981174301754413e-02 1.146271084235317948e-02 -2.646230256875763825e-02 -2.975463687183366526e-02 -1.290841253734897054e-01 5.678723768292443658e-02
1.533586453355232915e-01 1.207998554242355749e-01 7.673599778954663664e-02 -5.142390934825786381e-02 -6.829140565376019822e-02 -1.458973798401967947e-01 -1.829808931263355101e-02 1.707715884649283963e-02 1.751504363305869671e-01 1.515852063452290677e-01 -6.565159921165494850e-02 -1.668007366972680261e-01 1.057097060292867402e-01 8.901103750863099962e-02 -1.765287927490301889e-01 -2.106911536080630434e-02 7.263870990259228833e-02
-1.893908356031942519e-01 1.738740569723436769e-01 1.830977256529908170e-01 7.896400278513979187e-02 -1.621128216817842305e-01 -1.660399294355495436e-01 -4.906891064242052680e-02 -2.011977088216416742e-01 -5.140568810465410976e-02 -2.105360735923301474e-01 1.693319279374260466e-01 1.247544362587171274e-01 -1.717595402189914799e-01 1.528968363971108801e-01 -1.091172462210952820e-01 -1.197105196206407207e-01 7.121876697875435813e-02
1.727083130929998878e-01 -1.485242998428195349e-01 -1.972844288472690444e-01 -5.537573049550199161e-02 -1.876040374824921586e-01 4.732112654490747833e-02 1.509485414291874550e-01 -1.405897976234613822e-01 -1.419580934944924266e-01 -7.682920079266297719e-02 1.631486828171478387e-01 -1.532915291314396744e-01 1.804848441816190585e-01 -5.772683243781236151e-02 -8.586601153952665849e-03 -8.122685034174827179e-02 1.709261626721334248e-01
1.815345374809266277e-01 5.695527620373955213e-02 -1.268170153887046292e-01 1.929383188119061787e-01 -1.563518307436402854e-01 3.609817400524150538e-02 -1.323408319558196933e-01 1.502057623331594094e-01 1.857097304153734196e-01 1.115237288345984762e-01 -8.801588874194966883e-02 -1.066719481764102778e-01 1.010245012622369154e-01 -8.574278294167350656e-02 -2.891210851773178686e-02 -1.802179210790998409e-01 -1.499844510540710996e-01
-1.912672527085008123e-01 -1.661041451638581024e-01 -1.719631930626535077e-01 -3.375891442680839516e-02 2.248981426438181885e-02 9.687999443938145883e-02 -1.419209743355331621e-01 -4.502833244645106786e-02 6.445475325223956609e-02 -1.685103874266177526e-01 -2.535191531383964095e-02 -5.486109702811166333e-02 1.777914738435970310e-01 -1.786243118300881727e-01 -3.380474802096563453e-02 -3.057217354889489244e-02 8.677147666651670310e-02
-7.995022043859417726e-02 -9.413879975097477759e-02 -8.463799105101255105e-02 -6.534093384827496798e-02 2.088073137809103585e-01 1.432299192990834913e-01 -5.523171072330093634e-02 -3.248016171020128712e-02 1.152313499266585245e-01 5.006817706023827808e-02 -1.173206512685771169e-01 -6.805853440975853652e-02 9.097358670897617849e-02 -4.682432287770937895e-02 -7.045122335498897603e-02 -7.284167227119831001e-03 1.506949625702546647e-01
