-3.143685672454987201e-01 -1.123823918845570313e+00
-1.070416887578576448e+00 2.756751186769352269e-01
-9.669022089552042898e-02 -1.626193712422866477e-01
8.513325974395327123e-01 1.334927622993643093e+00
7.524379868735264765e-02 -5.076208688372805256e-01
-7.168364910992464090e-02 1.365606808451483412e+00
1.209084523524668553e+00 1.048296648099550366e+00
-1.346589359312188261e+00 1.767177812987526853e+00
4.350797890229546883e-01 -1.781000100467064806e+00
9.970795921995745381e-01 2.157190376617928340e+00
