5.963431479097942162e-02 2.546192424562909729e-01
-1.389718280739533185e+00 1.858139057108946002e+00
1.964172532499681045e+00 -1.324653637334165079e+00
1.871854569608372154e-01 8.144500551766363783e-01
8.597320071140605036e-01 -1.161805227190413903e-01
1.017221934873479228e+00 -8.016078655914047335e-01
-1.362123921804172244e-01 -1.033352129073993736e-01
-5.233029602178092959e-02 -1.289244740336039641e+00
4.380557490875887083e-01 -1.037184700765512169e+00
-5.051206148659068695e-01 1.752461683930511160e+00
2.208792283724596128e+00 1.368997589007781901e+00
-2.498828931718708901e+00 -1.472537658067019972e+00
-3.276873221139928738e-01 1.196584368943206300e+00
