-2.963739708576146326e-01 2.693283824767115364e-01 4.388626728141242772e+00 -3.067611030932280713e-01 -2.912791207112740421e-01 -3.299766601561878732e-01 8.345791724338081918e-01 -1.914883900300128339e-01 -2.165552158663554549e-01 4.916155627019869745e-01 1.562778328509587311e+00 -5.841682987238631108e-01 3.050309560900612560e-01
-9.959184387220008927e-02 3.018084158352498658e-01 4.430862198041241040e-01 -1.135411433751994520e-01 -2.310578094698546026e-01 -1.817559260645384700e-01 1.008883481827300838e-01 -1.749324081302031098e-01 -2.588231732547350283e-01 3.055312859102136680e-01 3.033996054970383160e-01 7.806657524565253914e-02 1.766769844554641200e-01
-1.974272142838883609e-02 -3.686499337308390273e-02 1.184611842750760841e-02 9.742786675618485270e-02 1.367898848460055716e-01 1.007546322052318560e-01 -5.033965228775941214e-02 1.998132115930764674e-01 1.692352638342450519e-02 -7.057905238606961007e-02 8.258537136062056583e-02 1.803801484298796776e-01 -7.098272981285133100e-03
6.590257387596015759e-02 -5.622346720501529560e-02 -6.831015437007342816e-02 7.784121838692771578e-02 -2.020465018874503249e-01 1.171243173618758265e-01 2.440977345929114944e-02 -1.665439709341717811e-01 -1.733576666753592899e-01 7.694440092402954345e-02 1.628733313121294990e-01 -9.318764465140258468e-02 2.000433065763402851e-01
-1.610009070588026281e-01 1.499465223279553561e-01 -1.264966222413603340e-02 -1.711986169359062115e-01 -9.148907039059626933e-02 -2.532202701429994707e-02 1.207348149349120603e-01 1.390252123406731932e-01 -1.583228648436558750e-01 1.568728762498680651e-02 7.529372204168560678e-02 -6.476662813784406225e-02 1.534436540083706224e-01
-8.980747472140179766e-02 -1.857736518060150721e-01 -1.359239655565041005e-01 6.712732373434887601e-02 2.143202880790181022e-02 1.729323691907885263e-01 1.810892824011874902e-01 1.604446970665900085e-01 -1.928257476365430045e-01 1.121520584750899108e-01 8.201938216292212203e-02 6.011692425210383994e-02 8.938682983263550319e-02
1.533175920316870999e-01 7.552045219514771923e-02 4.738501312251523767e-02 -3.702501925861117452e-04 -1.222044948846420787e-01 2.079014159287062222e-02 -1.740518531695575410e-01 -1.448365553864128241e-01 -8.949825923170141861e-02 1.512517048161153566e-01 1.219545010665662454e-01 -7.142364616996872695e-02 5.659186582009609334e-02
-1.864251967692628909e-01 -1.267686684086675175e-01 2.594928903516121044e-01 -9.148858007692979577e-02 -4.423038389321654745e-02 1.248088380970693856e-02 -7.073995171737751386e-02 -1.063467753432095417e-02 -1.152697514891264235e-01 -1.683563026014232300e-01 -1.191769654803041673e-01 5.186541485907858462e-03 -1.678266340798781064e-01
-4.039203010261861043e-02 -6.504201437764428606e-02 -1.900202238264621021e-02 -1.629231621580283229e-01 1.621588761672096701e-01 -1.411915930117524712e-02 1.427222211593038304e-01 1.897423583678193304e-01 -6.815491882461137407e-02 -9.245473577715248182e-04 9.260805469535973722e-02 -3.296379035577376437e-02 -7.330879893431604954e-02
9.251606884136175102e-02 1.600771851965394343e-01 1.981569066206482765e-01 4.936366198673592526e-02 -5.032384042422706483e-02 1.882306324052394897e-01 6.180265140008499303e-02 -1.738156382581571291e-01 -1.686092419810689691e-01 1.032403508126582825e-01 -1.733372279386432568e-01 -1.987880832529564656e-01 -3.915041521759402704e-02
7.237364830507304891e-03 -1.760754321193868169e-02 7.390623516471331658e-03 3.289498371207207755e-02 7.121627491440099544e-02 -3.294060737373551845e-02 -4.690719755545766367e-02 1.941643530370343040e-01 -9.954977045837951066e-02 1.138723899909631632e-01 -2.699209905880493171e-02 -5.984122908781478595e-02 -1.705616174201660673e-01
1.363821238383657042e-01 1.028742148280290952e-01 2.758026583479269433e-01 -3.742144714162402158e-02 6.470110690271919929e-02 -1.684010424514709725e-01 -1.437394243951103066e-02 -1.215277254389616202e-01 -2.086712321786479141e-01 2.185958161454510384e-01 -8.597647162004563859e-02 -1.493008617607341493e-01 -1.116023047399335583e-01
