6.056040355955023824e-02 1.086193538158562344e+00
-7.417131305430368915e-01 4.473384363771895633e-01
-3.642557788959696619e-01 6.647632873224089689e-01
-2.032323560822242581e-02 4.397791772123465504e-01
2.093786262532104647e-01 4.072274477272102566e-01
-7.411325033616205094e-01 9.880811746166968668e-01
-2.490859827723518050e-01 8.127739678914562560e-02
2.571949399711237830e-02 -7.351953807973297117e-01
5.006402171639699750e-02 -6.205761170674434224e-01
-3.659090016336937201e-01 8.301200516254638728e-01
2.128432467857399590e-02 -4.978766644818774512e-01
1.160929071308323818e-01 -1.639744749096978982e+00
-8.194588801692960223e-01 -3.394880001424550042e-01
1.183460676919242838e+00 7.316282890568282654e-03
-1.418871898262954900e+00 8.416385173808318410e-01
6.758471183245672309e-01 9.462108686937101831e-01
1.421716446793842015e-01 5.054976580880269355e-01
-5.034238654297376048e-01 6.376555745105489947e-01
7.747944329766882632e-01 1.006020661507578851e+00
-5.536688869976241073e-02 2.498631725732632924e-01
