1.836504216375747511e-01 2.544564373985445105e-01
-1.512661295803511274e+00 1.858301862167085261e+00
1.841287164822080324e+00 -1.324490832275866836e+00
3.109332888525508931e-01 8.142872501192975898e-01
9.827773153382826088e-01 -1.163433277766201812e-01
1.140255818753011186e+00 -8.017706706487830459e-01
-2.590977609351012845e-01 -1.031724078497138347e-01
8.926457076569395410e-02 -1.289407544418784024e+00
5.611667498787638042e-01 -1.037347505821836435e+00
-6.280060202727255625e-01 1.752624488988809404e+00
2.085906916047008508e+00 1.369160394066080144e+00
-2.375930711349619973e+00 -1.472700463125318215e+00
-4.507242761062030256e-01 1.196747174001486336e+00
