-1.703758767445126443e+00 1.191812218558419900e+00
1.672373490056825007e+00 4.897073053957105571e-01
3.554290992225056511e-01 1.071635189943130229e+00
-1.624095083675894724e+00 9.172689770578541513e-01
7.442014819561332262e-01 -1.455501448041079282e+00
2.607147207562907631e-01 1.149203363670740607e+00
-1.032619715866195831e+00 -1.753492520620274941e+00
-1.586559806185733557e+00 -7.014406660270380289e-01
-4.629627068889226038e-01 1.406810966910737370e+00
-9.035101226656505613e-02 1.124949533554711945e+00
-1.056209674050921254e+00 8.670013727784109392e-01
1.904980193774985953e+00 -2.750018114267712699e-01
1.449115650396628041e+00 -1.707029172923216542e+00
-1.689345272121598462e+00 -1.913758465369730377e+00
1.440325756374686073e+00 1.398184451566846676e+00
9.819045933304405560e-01 1.461307221433349568e+00
-7.903913362862670100e-01 1.164274866509056761e+00
1.533075564584108097e+00 3.994568737431045680e-01
1.194760086629646167e+00 1.270404938074058965e+00
6.206773387838590006e-01 1.267722485267640753e+00
1.581359791626522071e+00 -1.070838498249373494e+00
-1.172784489650339657e+00 3.959703121040192286e-01
1.526288730478583489e+00 1.337781149035814909e+00
1.268211753531339969e+00 -1.308564786382458767e+00
-9.433065418175953232e-01 1.813370333424622061e+00
8.987221346093895447e-01 8.727735370114966251e-01
1.375491806145108686e+00 6.461290929256373605e-01
-8.270282609481849345e-01 1.600967866682727170e+00
-6.766480849935211372e-01 1.714855438607315818e+00
5.907478067680803635e-01 -1.150713831741877247e+00
1.422879570778429636e+00 1.249298298800484375e+00
1.531355495730840177e+00 6.576248988883168778e-01
-1.419649060425455911e+00 -1.635976059248431369e+00
-1.471642923558896587e+00 1.722372903010170042e-01
-6.553455134355765099e-02 4.100304737798418087e-01
-2.198654510528376405e-01 7.921663659786990497e-01
1.576596777502100033e-01 6.712486377684880878e-01
1.422401187757377228e+00 -1.727387220780258303e+00
1.397820731602296807e+00 -1.044184203361659957e+00
1.878682850187391562e+00 -2.405505134953059843e-01
-3.328033798532904486e-01 1.938339973772220226e+00
2.269626526196687200e-01 -1.753699758636027450e+00
1.570597286426732797e+00 -8.297485626609757414e-01
-3.942355677550645199e-01 -1.413777994750182287e+00
1.978841944535222996e+00 4.972490192003526377e-01
1.616576457220429308e+00 4.091507736157629083e-01
1.453903420211715147e+00 1.563874643874180403e+00
1.830162511988736362e+00 1.031131823121752777e+00
1.811773067408136040e+00 7.369104223002709286e-01
9.604348679878116357e-01 1.632859380240485603e+00
1.769655585775372852e+00 1.845817895854697799e+00
-1.984565967439328560e+00 2.692160759495451083e-01
1.842372837919241224e+00 6.664056985378685738e-01
