-1.680855237414542236e+00 1.121501736135776861e+00
1.649469675818113545e+00 5.599944015532239971e-01
3.325243820526744276e-01 1.141845648898196730e+00
-1.646998451620872439e+00 9.875951965746446737e-01
7.212850290067671644e-01 -1.386407247722944769e+00
2.850355786343792830e-01 1.210819218733144131e+00
-1.055523083211486135e+00 -1.683166822584558853e+00
-1.563652866967641719e+00 -7.714251376096107338e-01
-4.400593389434966918e-01 1.336484747389827143e+00
-6.744764435689118431e-02 1.054623313142192265e+00
-1.033306306074302627e+00 7.966751530410453030e-01
1.927883561691020597e+00 -3.453280317221389395e-01
1.472038056942010842e+00 -1.775574852968164086e+00
-1.712248640066565963e+00 -1.843432245854925045e+00
1.415884404378158878e+00 1.328344192618295727e+00
9.589116709386235060e-01 1.523213853386535588e+00
-7.674879689295148744e-01 1.093948647906135774e+00
1.509451693768689262e+00 4.034937798630561789e-01
1.171807263039212677e+00 1.336107432014174146e+00
6.435807067300287621e-01 1.197396265733969623e+00
1.604263159551450491e+00 -1.141164717769940884e+00
-1.195687812742047607e+00 4.662966190752154128e-01
1.549192098423546993e+00 1.267454929520977602e+00
1.291116692351349071e+00 -1.378761579614552923e+00
-9.204031738726030643e-01 1.743044113909811843e+00
9.226194196133634673e-01 8.958327360844283715e-01
1.352588438494338297e+00 7.164553128453773345e-01
-8.041244393402473545e-01 1.530683090911108435e+00
-6.995514529464328390e-01 1.785181658189806120e+00
6.136532285769338291e-01 -1.220850203039558712e+00
1.445782916602573076e+00 1.178972840596488547e+00
1.554258863581734706e+00 5.872986816463999782e-01
-1.396745685958767469e+00 -1.706300967673880065e+00
-1.495897900221786925e+00 1.156475805626736852e-01
-4.263118340047900023e-02 3.397042542584582381e-01
-1.954537759527466001e-01 8.618587759736601184e-01
1.805637685051341979e-01 6.009598301383564101e-01
1.399496282221516674e+00 -1.657190818833157442e+00
1.374123305265224859e+00 -1.048675222115205807e+00
1.903111797803125116e+00 -1.707098746942223022e-01
-3.096190961596816393e-01 1.894311087696509466e+00
2.025367802798434536e-01 -1.823566330222831544e+00
1.593500839648221978e+00 -9.000613432030012406e-01
-3.706602068271563910e-01 -1.422292456925287718e+00
1.955938329848988300e+00 5.675581264101196011e-01
1.593673089305324142e+00 4.794769931308893729e-01
1.476806793806517915e+00 1.493548385987887306e+00
1.806598611628374540e+00 1.040309486518086191e+00
1.834676435304996689e+00 6.665842027564933270e-01
9.375314920213604353e-01 1.703184924233908992e+00
1.794067582325481469e+00 1.913927222396585970e+00
-2.007469335380530850e+00 3.395422953915238629e-01
1.865276205780532548e+00 5.960794775099332865e-01
