-1.864598768027572184e+00 -8.104954184341732759e-01
8.749177373294804161e-01 -1.805057614782656694e+00
3.791547356869909291e-01 -1.888441864236800383e+00
-2.816556135594813597e-03 1.568861230562622167e+00
-1.853994271574014308e+00 1.219932107406857258e-01
-1.628648479593592047e+00 1.480766623351486011e+00
1.318496766527174069e+00 9.824965404778503997e-01
5.739227538797859740e-01 -1.960015638647965242e+00
-1.876896965636076997e+00 4.692185485875567941e-01
1.875568325651558732e+00 1.477920379484807478e+00
7.842325087886773405e-01 9.230809437719155186e-01
-1.158859872121095869e+00 9.917746922094828887e-01
-7.385165602490164627e-01 -1.563589123235611167e+00
-2.619693154133806989e-01 -6.938980380067070186e-01
-1.432511068650352382e+00 -3.278415575325851483e-01
1.268632625833105321e+00 -2.442377751214113435e-01
-9.244589606270063598e-02 8.499852776908629615e-01
-4.355720778521345038e-03 -1.470054574937424086e+00
