-3.045116474834877462e-01 -1.147881142294726375e+00
-1.060782323332404298e+00 2.535698446809500073e-01
-1.303488588401564563e-01 -6.386367650174452903e-02
8.611886236290269281e-01 1.310878611594315624e+00
6.590610326737864066e-02 -4.882186161820416537e-01
-8.144302853243691465e-02 1.401604572789157288e+00
1.218902239863839165e+00 1.024596748971528415e+00
-1.336881403590222117e+00 1.744412915410062270e+00
4.449367087849768199e-01 -1.805057323916222645e+00
9.872226731624551554e-01 2.181247593394601392e+00
