-4.280284620666112705e-01 -4.436675555814509897e-01 -2.851159337631490320e-01 -2.617626942573216264e-01 -7.783210029507267036e-01 -1.488380624332776847e-01 -2.894646442605517400e+00 -1.118864599548415190e-01 -6.114839629658030518e+00 -3.094154581482346789e-01 2.399611256493347222e-01 3.606591487275272456e+00 1.015507758894172774e+00 4.316475694435213839e+00 -7.344498638517520384e-01 -4.703905289835245696e-01 -3.531152149924881023e-01 6.363393086119988329e-01 5.802082311135446924e-01
-3.243756230696467346e-01 -2.631641475924578061e-02 -1.315738275090507503e-01 -3.961473293332811174e-01 -3.721802833866119098e-01 -1.636902993191703959e-01 -1.081382828528468565e+00 -3.118089950229422924e-01 -1.948397049028466110e+00 -1.234104356998259044e-01 -2.022590024837245953e-02 2.783134731522934668e+00 1.748979959547532770e-01 3.032405508424744323e+00 -2.610629887712033748e-01 -4.969940798789659331e-01 -4.384309542638342716e-01 3.570883155522414087e-01 -3.605159298996881215e-03
-4.391436696065272871e-01 -6.263573136852283729e-02 -7.236730263519879081e-02 3.889094764891386918e-02 4.806334615322727100e-02 -2.135423677135462467e-02 -3.394466546028279130e-01 1.257195951390124855e-01 -4.825316280423059823e-01 -1.171956258089870834e-01 -1.334328295991027771e-02 1.358312604447243999e+00 5.796779472257001034e-03 1.603616520364211429e+00 -2.730196584925138059e-01 -1.422423971690995881e-01 -1.402906983431300159e-01 -1.101681039726414707e-01 5.289566983975001191e-02
-1.704072789900472895e-01 -5.646304940103756553e-02 8.305908333266651122e-02 -4.963239571507428727e-02 1.415172918672699676e-01 4.993004219823143734e-03 -7.893613060185886154e-02 2.363474905407515064e-02 -2.153885862639647875e-01 -2.198077544448237552e-01 8.677257429548129730e-02 7.112831461813489131e-01 1.197382433781517264e-01 6.004277024397964846e-01 1.329537220129684005e-01 3.836460155643021952e-02 8.405056288938006492e-02 1.650253284253529462e-01 8.298591389489626269e-02
6.964503962212387211e-02 -5.824314959934873918e-04 9.802263163505739452e-02 -1.472327937933070596e-01 1.010909304947146259e-01 -4.166537675660902246e-02 4.756488825957291833e-02 -3.285304322089295515e-02 -5.217723009542180046e-03 -2.047135478515663132e-01 -1.752735941346015291e-01 5.043353439759048484e-01 -2.177865046804316248e-03 5.350557385046764702e-01 1.562978340808189870e-01 2.594499717663802454e-02 -1.259537498737852562e-02 -1.006528185148074794e-01 -1.532431270752373786e-01
1.142297401183718919e-01 1.501217142242413649e-01 1.052452648101166732e-01 7.367722195546749786e-02 -4.128588325231941081e-02 -8.271800910098481285e-02 -1.910412358373732855e-01 -3.377604978671799874e-02 -5.060487785556282148e-02 1.603588122218511103e-01 1.760086016797006159e-01 4.827032512056092517e-02 -1.598579366399816570e-01 2.030008495718274575e-01 8.245017823186787109e-02 -1.978558482097449167e-01 -3.160051506444717245e-02 8.286134199726141736e-02 -1.814430609413572593e-01
1.602232053932980405e-01 1.827034395160668789e-01 8.599823869206296711e-02 -1.717443834329500929e-01 -1.755258281527147524e-01 -5.898001488602253040e-02 -2.030634718027155006e-01 -6.305378943260447899e-02 -2.276072129618006701e-01 1.848929396536286296e-01 1.285475851959552718e-01 -1.263579136634721545e-01 1.580817760209373146e-01 -6.515317949095565664e-02 -1.229324835972770841e-01 6.390010556580186241e-02 1.696147733384044676e-01 -1.473268754598661689e-01 -1.945082363214762633e-01
-5.452683040005050497e-02 -1.922333309706094895e-01 3.997833462167248164e-02 1.427341281829598296e-01 -1.290488225108661902e-01 -1.558232370861412364e-01 -7.639515518934608673e-02 1.828416384075304268e-01 -1.774958239461129073e-01 1.851416687202722122e-01 -5.482915563000252679e-02 2.514066904003443848e-03 -8.216388024596280037e-02 1.900549775685959064e-01 1.792920604944918117e-01 5.272073653233105839e-02 -1.280478017400505930e-01 2.003715979962240601e-01 -1.563940340902547077e-01
1.305242794932098653e-02 -1.417020456792094096e-01 1.523268958778868365e-01 1.701504127406271438e-01 1.149853814058311996e-01 -8.054871073475314280e-02 -1.316215280861092740e-01 9.644207674087706961e-02 -1.455407029832683774e-01 -4.448435766355668397e-02 -1.790644463429243438e-01 -3.005421205641518184e-02 -1.912181264680611892e-01 -3.597801409853773613e-02 -1.807679572377757782e-01 -4.632276332952500741e-02 5.667979032446684301e-03 1.030047218428776779e-01 -1.380703831360898803e-01
-4.257847863162744773e-02 5.104452488492504381e-02 -1.710826218918911623e-01 -2.691227876977179967e-02 -5.863143400955739271e-02 1.754723295570176367e-01 -2.021384658933656209e-01 -3.997079340314631246e-02 -8.684558400416729496e-02 8.386013397885466736e-02 -7.028656234898231214e-02 -4.893435725981282874e-02 -8.204428067554675463e-02 6.739845420283498145e-02 1.720116795781760355e-01 1.100332597731729922e-01 -9.791660471354465822e-02 2.905514985765531716e-02 7.976603003677792958e-02
8.489222286423900310e-02 -2.893876113649364312e-02 -5.217730640535979403e-02 9.300523421204434649e-02 -3.908206459058922999e-02 -1.127643333621127231e-01 -6.856777161064010750e-02 1.653200074381560580e-01 -2.505787512954385510e-01 -3.647871854490709886e-02 5.913143940257313547e-02 1.958362551541176222e-01 -1.173443016462240585e-01 3.060189339139463005e-02 6.215447974704794987e-02 2.255252346688980947e-02 -2.222244592328748991e-01 -6.902191061508822223e-02 1.161679096633257968e-01
2.253989927284821143e-02 1.062031647059577533e-02 -1.484390618077799373e-01 7.028311058771530284e-02 -2.361659964525906000e-02 6.087904254277137772e-02 5.366068336066071032e-02 -1.154680161419616019e-01 -3.109203653371639398e-03 -1.066673845537051690e-01 1.972682555809591176e-01 2.446399985766065099e-02 1.582571518365336605e-01 1.629625228895129063e-02 -1.143375382167795828e-01 -1.126615929764228710e-02 1.060062068307228780e-02 -2.990878524237423203e-02 -1.503344077829043002e-01
-1.081147888322456785e-01 -8.914273821787258023e-02 9.853237211660287320e-02 1.596482042561526704e-01 3.403725016676364956e-02 -1.890982539008216889e-01 1.000060901166488214e-01 -8.043137578327244630e-02 -1.001430333502774661e-01 6.167754501563493114e-03 -9.922580512442193135e-02 2.235530697025659430e-01 -1.340750119126470630e-01 2.907173200364473326e-02 -8.973440380011073192e-02 1.083846322390224614e-03 2.263647449615023566e-02 5.473694895424371931e-02 1.552621299619291739e-02
-4.658671282106424671e-02 5.292883725250360771e-02 -4.133080114577657171e-02 1.068444899007454929e-01 1.143133450745805468e-01 -8.700422418239758815e-02 -5.735706408239299448e-02 4.860450503361184171e-02 -1.511884523954482584e-01 7.186137476275986091e-02 -4.605269192723149274e-02 1.026809325781330440e-01 -1.439259743609448694e-01 1.422600783160175020e-01 -6.142277816741732732e-02 -1.907096953352345817e-02 -4.222774470449335016e-02 -7.824893580813500893e-03 7.884429181315252833e-02
-7.699336225321301574e-02 5.969654252130536520e-02 -1.775426068782008648e-01 -8.173406239484912184e-02 9.623955484819599060e-02 -1.805733101681266939e-01 4.086071293008236571e-02 -1.910273289678190156e-01 -2.764815697870949898e-02 1.526534486150024073e-01 -1.954148079439460561e-01 3.675690127220056225e-02 -1.732918642607387816e-01 1.764115826425277089e-01 7.197183186353911521e-02 9.357372692274176784e-02 6.434520616299935214e-02 -1.956829166505705264e-01 -1.821926999770999700e-01
4.508781386601681818e-02 1.992525256290511027e-01 1.481923055104735210e-01 7.850162909887209439e-02 8.988513261073269311e-02 -1.104934093938745310e-01 9.645659993204167004e-02 -8.574831874733300496e-02 -1.669030638078331519e-01 -1.773549874437525820e-02 -6.751004407966459953e-02 -1.128921214492570602e-01 -3.113313463925328553e-02 1.813436014762185855e-01 -2.741732639027034263e-02 -2.352090192493420939e-02 8.105464189193098412e-02 1.063938834733670763e-02 -1.475863414788615435e-01
1.605730174284646372e-01 -2.264862237443367871e-02 1.148495128892193240e-01 -4.595324216403351425e-02 1.224241943986796866e-01 -4.546869616392837377e-02 -1.139318960881401943e-01 -1.224814114613449745e-01 1.714118249576381814e-01 3.232826269199033653e-02 -1.796305475915233041e-01 -2.289287127399806943e-02 -1.062779787965565104e-01 -1.415105163188384862e-01 -1.262979993076588370e-01 -1.798772450490108143e-01 5.251215109003928849e-02 -1.301615723971050742e-01 4.462907080146451266e-02
7.101737667487150948e-03 7.358076847900485440e-02 -8.411714875802382696e-03 -1.021887633434931525e-01 1.376568072783014851e-01 -7.234092590872638617e-02 -7.326699471498604455e-02 4.193993663667931748e-02 -1.154701414136382748e-01 1.582229401488852161e-01 1.866686445702659958e-01 4.019195481379930213e-01 1.737386318028363297e-01 2.934520292661976226e-01 -2.369236722542137491e-02 5.331923910964852381e-02 -1.426065658536964098e-01 -8.056040445463867605e-02 -1.726060473610833979e-01
