-1.903638352999921790e-01 4.993942273474116789e-01
-5.184957697625810491e-01 1.058479783125712836e-01
-4.518966962407248156e-01 2.092948247594957623e-01
-6.543513389704676275e-02 4.399347297058815026e-02
1.055394479170387034e-01 3.703400917159867245e-02
-6.372313884352412972e-01 1.314000172138239719e+00
-2.046640258596181539e-01 1.995918878632168408e-02
2.077496054108804724e-01 -2.937677962927157660e-01
1.729132306388661555e-01 -1.735143549343720060e-01
-6.277745200211215515e-01 7.750245745987707213e-01
1.327432730290914742e-01 -1.619809018664432332e-01
1.379378791379798075e-01 -1.413550036912301744e+00
-5.026557309731660705e-01 -1.246089411195698965e-01
1.038116027131763763e+00 -3.624350707282415762e-02
-8.525342065835695982e-01 4.162723771427858654e-01
7.584894304495091166e-01 7.449016702828868963e-01
-5.970734300001782208e-03 3.478795977838149145e-02
-4.024878845570586949e-01 2.758745984499637038e-01
9.974669621042216994e-01 8.438413324093746448e-01
-6.159318153626731907e-02 1.317142627669930406e-02
