-2.898835712236490503e-01 2.599467795167885176e-01 4.388626728141242772e+00 -2.922037227903076517e-01 -2.770741013071816861e-01 -3.158876679375497987e-01 8.345791586250698169e-01 -1.516753854182479322e-01 -2.049420940036573435e-01 4.916131327146034402e-01 1.562778328509587311e+00 -5.883573269885389312e-01 2.991469939647000698e-01
-9.565428405666251410e-02 2.966690925358823061e-01 4.430862198041241040e-01 -1.040345569745486365e-01 -2.231601235312169473e-01 -1.723410477368556570e-01 1.008883361767643622e-01 -1.575831588108932146e-01 -2.528983540607971925e-01 3.055295881710917705e-01 3.033996054970383160e-01 7.444981736667849459e-02 1.729805648244633898e-01
-1.886190641010588448e-02 -3.820806891164015007e-02 1.184611842750760841e-02 9.931816154110782724e-02 1.388091917743566328e-01 1.025577117047620918e-01 -5.033965370424628438e-02 1.923187332246077685e-01 1.863809244129791681e-02 -7.057935413120149104e-02 8.258537136062056583e-02 1.799472331534179292e-01 -7.880988165021429043e-03
6.616024310601412162e-02 -5.653494045872223955e-02 -6.831015437007342816e-02 7.849358277218144997e-02 -2.015621374452519210e-01 1.177791755592193790e-01 2.440977251107627477e-02 -1.619832380307992259e-01 -1.730197677425728831e-01 7.694427984488035055e-02 1.628733313121294990e-01 -9.347249597058927828e-02 1.997957842718957600e-01
-1.608733775746571670e-01 1.498021082296622508e-01 -1.264966222413603340e-02 -1.708637450390184387e-01 -9.126204445543653621e-02 -2.498246967532400872e-02 1.207348144011577418e-01 1.441259145817539444e-01 -1.581754084540371308e-01 1.568722371914543431e-02 7.529372204168560678e-02 -6.492671217078523072e-02 1.533188739410152324e-01
-8.966046060584166588e-02 -1.859704136528900764e-01 -1.359239655565041005e-01 6.747636738130949330e-02 2.173330680194309264e-02 1.732763998138472372e-01 1.810892819845288937e-01 1.630665211389461799e-01 -1.925949748533029582e-01 1.121519970122792781e-01 8.201938216292212203e-02 5.999125211273097918e-02 8.924989019890774977e-02
1.537125534150773909e-01 7.497243470339461091e-02 4.738501312251523767e-02 5.436345379707255634e-04 -1.213698297843787965e-01 2.168366381820652916e-02 -1.740518541607151970e-01 -1.421446512216921199e-01 -8.883866334088863503e-02 1.512515476159615457e-01 1.219545010665662454e-01 -7.172327101195051513e-02 5.622849289629230224e-02
-1.862549958152182605e-01 -1.269904596699516219e-01 2.594928903516121044e-01 -9.107720674205065092e-02 -4.388945252343955800e-02 1.288845525221759408e-02 -7.073995223880821803e-02 -9.692286642380580630e-03 -1.150144777566357440e-01 -1.683563761462097130e-01 -1.191769654803041673e-01 5.029473552350238047e-03 -1.679865089855267501e-01
-4.029317003057312357e-02 -6.517611068178152944e-02 -1.900202238264621021e-02 -1.626906742832165409e-01 1.623637835314453992e-01 -1.389072903547821161e-02 1.427222208911682610e-01 1.898508856253839916e-01 -6.799598566969701496e-02 -9.245879350111317141e-04 9.260805469535973722e-02 -3.304472844496353368e-02 -7.340044563491583685e-02
9.255821566737620909e-02 1.600203730467710528e-01 1.981569066206482765e-01 4.946319161500879052e-02 -5.023696087835912566e-02 1.883285201910389062e-01 6.180265128358118643e-02 -1.739353941597476805e-01 -1.685420989687932691e-01 1.032403333856999339e-01 -1.733372279386432568e-01 -1.988232378238015408e-01 -3.918955273703488007e-02
7.282036993967822523e-03 -1.766029465035800355e-02 7.390623516471331658e-03 3.300963784059077893e-02 7.129862986562270077e-02 -3.282505067368900881e-02 -4.690719772823513656e-02 1.951812587079201078e-01 -9.949376797077749690e-02 1.138723684766445310e-01 -2.699209905880493171e-02 -5.989309940823506206e-02 -1.706048337208496135e-01
1.368306692805363045e-01 1.022518259755185732e-01 2.758026583479269433e-01 -3.638360880344711917e-02 6.564903067877179976e-02 -1.673863469300686524e-01 -1.437394356496732827e-02 -1.200099532153587750e-01 -2.079220410779881179e-01 2.185956376312057359e-01 -8.597647162004563859e-02 -1.496410859134687799e-01 -1.120149664071913576e-01
