-1.502286928253898868e+00 -1.205667057834238554e+00
4.974477882892795466e-01 5.981585555703895080e-02
-1.105468799223572995e+00 -9.285453009673353408e-01
6.441084499576443800e-01 9.805315571236548067e-01
-1.992849895858624709e+00 -6.438813282561643980e-01
1.068105759018674883e+00 1.610026464971721527e+00
2.336977121257423073e-01 -3.120555654892886999e-01
7.449383863574823295e-01 -1.125586111686753377e+00
7.452878099891655506e-01 2.103989733205249291e+00
-1.120445300483380313e+00 -1.647621308576131816e-02
-9.107417536748556586e-01 8.626889620186741769e-01
-1.492180920173572956e+00 3.833079311509084985e-01
-1.848462650844179711e+00 -2.018783344273218372e+00
1.286015261167783863e-01 9.693016010394209236e-02
-4.661681911692411862e-01 -1.455667267611361115e+00
-9.185262563004515934e-01 1.250811362082380751e-01
1.008924333847700749e+00 5.909201995209069080e-01
