-1.683063556967642482e-01 5.361355662980987757e-01
-5.129336097665804228e-01 8.320760797721125923e-02
-4.418081536028773959e-01 2.159004436796840565e-01
-5.990441562266173720e-02 4.039434321578187770e-02
1.135590801180487996e-01 5.889518825361580306e-02
-5.863500098945739758e-01 1.275152795710266407e+00
-2.090265200261814948e-01 -1.024697320652915222e-03
1.901709773694139072e-01 -3.083103064248404190e-01
1.581158277492785980e-01 -1.735963680093928208e-01
-6.053784585263567442e-01 7.805489707087304163e-01
1.198986990495260890e-01 -1.565177826824862839e-01
1.681134961127117855e-01 -1.406492938548855376e+00
-5.175537723952375879e-01 -1.610697051972052041e-01
1.060559285383880335e+00 -1.771792166390725662e-02
-8.361618584440090318e-01 3.954995561637517643e-01
7.466681020995618034e-01 7.399859748870093457e-01
-4.799377271407839415e-03 3.915096794328713076e-02
-3.885637031528680896e-01 2.684369163592905672e-01
9.749990525307031808e-01 8.232903112916037935e-01
-5.796258710051702123e-02 1.046963448804018489e-02
