-9.361180759976608368e-01 7.791641204442481539e-02
5.545523118158277587e-01 -7.409350499531751622e-01
1.210512612356320794e+00 -1.135949954533307382e+00
-1.013377660317115625e+00 -1.851432186706091443e+00
5.138242552836517207e-01 8.476021134135304502e-02
1.253022386401104082e+00 1.549696987579195717e+00
1.632679623910934907e+00 -2.081176875718843355e+00
5.183862002993508966e-01 8.140685381254322284e-01
3.255585130324374910e-01 7.407238599962496783e-01
9.223033944837101261e-01 5.077462555643298403e-01
-3.663707508700285165e-01 1.776307059423335999e-01
