-2.851049843651075055e-01 2.521424852047370324e-01 4.388626728141242772e+00 -2.763328408709118111e-01 -2.620789591974582722e-01 -3.007940240946195831e-01 8.345791507230494455e-01 -1.703091025193299024e-01 -1.943377172901083472e-01 4.916117097898395349e-01 1.562778328509587311e+00 -5.905240963000105703e-01 2.949289817511769884e-01
-9.275116922309452339e-02 2.924116826603712083e-01 4.430862198041241040e-01 -9.374198452457260800e-02 -2.148908335166787864e-01 -1.623253048455736147e-01 1.008883293059941594e-01 -1.711167424034275297e-01 -2.475155315709308967e-01 3.055285923139296478e-01 3.033996054970383160e-01 7.257866323790704288e-02 1.703340688655693436e-01
-1.821348854457356670e-02 -3.932742988237053483e-02 1.184611842750760841e-02 1.013880762359388177e-01 1.409490066592100077e-01 1.044981361932106750e-01 -5.033965451477903641e-02 1.901888663777600019e-01 2.020554719487819770e-02 -7.057953060710342452e-02 8.258537136062056583e-02 1.797233576485615658e-01 -8.442527443277550100e-03
6.635030200846783743e-02 -5.679209040235461831e-02 -6.831015437007342816e-02 7.919686914662030230e-02 -2.010582560004865182e-01 1.184729732066172048e-01 2.440977196842019498e-02 -1.629846353275641868e-01 -1.727140758836854806e-01 7.694420875563953710e-02 1.628733313121294990e-01 -9.361987804422408632e-02 1.996187191868707411e-01
-1.607791922023662778e-01 1.496832394179267445e-01 -1.264966222413603340e-02 -1.705038169836541051e-01 -9.102723424871002333e-02 -2.462377961248515823e-02 1.207348140956899518e-01 1.435865757672002418e-01 -1.580424881473999621e-01 1.568718617388334749e-02 7.529372204168560678e-02 -6.500954370036474139e-02 1.532296616480897378e-01
-8.955202575584203517e-02 -1.861335798267851338e-01 -1.359239655565041005e-01 6.785488502744277395e-02 2.204939151389895616e-02 1.736429402850129811e-01 1.810892817460864057e-01 1.625907407605319543e-01 -1.923850860181292310e-01 1.121519609725739608e-01 8.201938216292212203e-02 5.992623718176243175e-02 8.915181203085568995e-02
1.540036218865611928e-01 7.451732200421605501e-02 4.738501312251523767e-02 1.537014950897369701e-03 -1.204916119046658546e-01 2.263795087161143624e-02 -1.740518547279188699e-01 -1.433479374971347864e-01 -8.823777551071831926e-02 1.512514554933063748e-01 1.219545010665662454e-01 -7.187826780305138497e-02 5.596813622288113882e-02
-1.861294777495487163e-01 -1.271741757856508226e-01 2.594928903516121044e-01 -9.063185502625527301e-02 -4.353253559173882181e-02 1.332199279894051222e-02 -7.073995253721293563e-02 -1.027498119293360039e-02 -1.147825908819591761e-01 -1.683564192869781151e-01 -1.191769654803041673e-01 4.948213210477076657e-03 -1.681009733235950820e-01
-4.022031502896078470e-02 -6.528737213761408309e-02 -1.900202238264621021e-02 -1.624383579056968285e-01 1.625790007162279116e-01 -1.364713625561971531e-02 1.427222207377202845e-01 1.895335135364417944e-01 -6.785133352331348955e-02 -9.246117230711375663e-04 9.260805469535973722e-02 -3.308659978953886610e-02 -7.346609074692113384e-02
9.258925296051261078e-02 1.599732458470131125e-01 1.981569066206482765e-01 4.957115746034602283e-02 -5.014574895740125243e-02 1.884328668128082418e-01 6.180265121690942109e-02 -1.740752330910369516e-01 -1.684809866086540986e-01 1.032403231683246547e-01 -1.733372279386432568e-01 -1.988414243710749929e-01 -3.921758229848241323e-02
7.315025443316798374e-03 -1.770380027259158690e-02 7.390623516471331658e-03 3.313311437968347040e-02 7.138412657581490184e-02 -3.270275988877487799e-02 -4.690719782711585961e-02 1.950041463992334689e-01 -9.944315468958264681e-02 1.138723558418082704e-01 -2.699209905880493171e-02 -5.991993763831385961e-02 -1.706357441365697059e-01
1.371612220456241982e-01 1.017349471665401628e-01 2.758026583479269433e-01 -3.525548762243189971e-02 6.664642469262035962e-02 -1.663026411809444549e-01 -1.437394420902516658e-02 -1.213774808854343884e-01 -2.072395104544411948e-01 2.185955330181019729e-01 -8.597647162004563859e-02 -1.498170848306908387e-01 -1.123106383748217196e-01
