-1.748328072491759921e-01 5.257105841485355535e-01
-5.151357380263333896e-01 8.820380334581291726e-02
-4.427708599549600721e-01 2.115694605215105994e-01
-6.126291119423343118e-02 4.077962661312146270e-02
1.122593400608280084e-01 5.268216785577532757e-02
-5.993551876447198445e-01 1.281022984203293191e+00
-2.087855477043687180e-01 4.629846975337018576e-03
1.946714328109332981e-01 -3.026955859702379903e-01
1.619060225640872597e-01 -1.720979664115578900e-01
-6.106844694232673731e-01 7.758836705670302258e-01
1.238026033824655842e-01 -1.572541571464996790e-01
1.638852960551805127e-01 -1.410738857289608017e+00
-5.144386759446449853e-01 -1.513210856923357384e-01
1.056132215955820408e+00 -2.201299888844150329e-02
-8.406964168967360207e-01 3.979493551166545240e-01
7.466853611296431215e-01 7.432150893302515993e-01
-4.984950665099332524e-03 3.798547717404723162e-02
-3.918519348054563256e-01 2.680708628566420559e-01
9.771960494659851504e-01 8.309153700426988864e-01
-5.875027599192311073e-02 1.050319645511654451e-02
