1.370994838816085026e-01 2.321088097339953915e-01 1.514928542636081454e-01 1.277036358272580219e-01 -1.236843519098919097e-01 3.675762244249048960e-01 5.060699056755077474e-02 -6.454099317568184890e-02 -1.012606183074496596e-01 -6.468798512276285884e-02 -4.593128517595129745e-02 -4.567608753965601287e-01 -1.831354592034747653e-01 -8.389810618495756322e-02 1.885149030364061951e-01 7.128083330094202308e-02 6.838133723993142232e-02 2.399123618746719627e-03 2.024997895180901952e-01 1.171496413379380375e-01
2.322333161919288291e-01 2.117798407808838823e-01 -3.230403002541110680e-01 -1.583713380981957575e-02 -4.388955971455153759e-02 -5.990728646105980548e-01 6.893893046271559744e-02 2.484076582968325342e-01 1.301350609447529671e-01 -2.037676289628470860e-01 -1.223098867137798196e-01 -2.750962856751209551e-01 2.493284566713630246e-01 3.073244609980538833e-01 -3.683516008899989091e-01 2.239748588609900559e-01 6.538030807959004098e-02 -3.060906561402244597e-01 2.353054990815122705e-01 -1.064852400825342521e-01
-1.102116448824283917e-01 -2.724567068184587937e-01 -3.520736632015908363e-01 -1.529506144190823369e-01 4.699374744198066972e-02 -9.588641331421805525e-01 -1.911136316335008967e-01 5.101043553703001887e-01 2.201567225656408944e-01 -4.318865854650904557e-01 3.487375345328251885e-01 1.597464976673166615e-01 -2.628187209699693605e-02 2.715091277579033680e-01 -8.444767653378376648e-01 1.095388795314139324e-01 1.525053097402482433e-02 -3.204341095632592396e-01 8.491614611161360515e-02 -1.292029237514226991e-01
-1.716048349708758636e-01 -1.769198628655750949e-01 -1.741055827378948928e-01 -8.195480124613286482e-03 1.291998338453334005e-01 4.039391968182004002e-03 4.360894001743598029e-03 -1.020740531459738282e-01 1.578038705693257382e-01 -9.436175003626904104e-03 -1.267021153137661837e-01 -2.693719174382993090e-02 1.043718123135168041e-01 -7.665212769630265488e-02 -1.870245884367734406e-03 2.285443636668924028e-01 4.854372671825185614e-02 -2.945490049661778076e-01 -1.206538160232084600e-01 -9.639806487236157739e-02
-2.150660953325423119e-01 -1.098070952110153237e-01 -3.002414856366547591e-01 1.653596356562897218e-01 1.127850708647740730e-01 -3.483966607446665198e-01 1.680160216029646103e-01 -4.601791574088338194e-02 -6.999668885281348785e-02 -6.439225069504356247e-02 2.101925803229061640e-01 -1.753929383959013932e-01 -2.092846077035588337e-01 2.358015860770178510e-02 -3.441013690803007008e-01 6.535926296851193862e-02 1.159630076262068016e-01 -2.239266881934301734e-01 -1.245735506582930918e-01 -8.247968810493068459e-02
8.358802375001340990e-02 -3.330627142972947263e-01 6.273249650863567395e-02 -1.111095591519985631e-01 8.134663822542805012e-03 -3.846669073094297620e-01 1.061410904228904384e-01 3.228825201052681892e-01 1.599784345424689613e-01 -4.154723938567242425e-01 2.652998631418458930e-01 -1.180894356110270688e-01 -9.464882241861813372e-02 -1.283127096112783409e-02 -6.630801587436425948e-02 2.048132010129964931e-01 7.937552812489588605e-02 -2.141655182092075671e-01 -3.949176322517568283e-02 5.063266868585170055e-02
-2.137342344111702042e-01 -1.998958676975512438e-01 -3.378351315617751927e-01 -2.111343467644788141e-01 -1.918632579866196841e-01 -4.903026153076631699e-01 -2.240352789565456804e-01 1.134834245216464060e-01 1.286735959776194871e-01 -1.858028470492980866e-01 -6.315157075154456678e-02 3.872531677647126497e-02 -3.853270184828583994e-02 -1.218540842023499958e-02 -2.772779223039428254e-01 -4.349920170546334175e-02 1.258281773377936674e-01 -3.403571563684436585e-01 2.324240254467359497e-03 -8.912319591516640327e-02
5.752174439063448275e-02 -1.006256925609505942e-01 -1.910416245185717066e-01 -9.992794334033118508e-02 -2.410643214155489336e-02 7.346253344672860897e-02 1.305391436052378840e-01 -4.970930601644840685e-02 5.428987423325720707e-02 -3.947104884157048681e-03 1.476029198394680775e-01 -4.156905889688584238e-02 -4.524308713007161448e-02 1.602728067305056181e-01 -1.238264239138484601e-01 -6.947644665785154827e-02 -3.770572512033160129e-02 1.073244789435726931e-01 -1.038444749338083006e-01 -3.495994371053583877e-02
3.244539845845110376e-02 -3.335660697501591221e-02 -1.433140730744530411e-01 -2.055624217206543092e-01 8.279329291321098350e-02 1.262287084674661858e-02 -1.947890892694510989e-01 -7.167502716727365553e-02 1.234004223983789089e-01 1.124148278625892658e-02 3.660487276333532214e-02 -1.767633986826264436e-01 5.778745291809615769e-02 3.210475415245868033e-03 4.334792190820139363e-02 1.606918112532559062e-01 -1.111626519111360012e-01 7.789840353321643429e-02 -1.639068726441295434e-02 1.749215881275453799e-01
-2.057580449159013836e-01 9.037363706067107205e-02 -2.674108378214471449e-01 -1.255964881716080950e-01 3.001705409076022967e-03 -1.199631112154126850e-01 -5.236518905053388212e-02 -9.339522465274299745e-02 -5.120713295036237456e-02 -2.106561254069429789e-01 1.391648601407131647e-01 1.829624599141967956e-01 1.132095778702373566e-02 -1.114033665347833185e-01 -1.060205370209311125e-02 -7.041417768075958206e-02 -9.051928869554876078e-02 -7.060433523493228614e-02 -8.258544953890895046e-02 1.436447520236060205e-01
-1.166582689334826201e-01 -1.154359788166961498e-01 -5.677777406833354329e-02 8.613392310109059188e-03 7.047894760006145898e-02 2.107865512751861542e-02 -2.949844837252755744e-02 -1.923799939032603754e-02 7.602430368197914123e-02 -1.214474458399704970e-01 1.134882537942607100e-01 5.288958486515124569e-02 -1.837378757460894629e-01 -7.547945526548988093e-02 5.721164737681089935e-02 -6.689628828676877359e-02 9.025699310491359928e-02 -4.230246700456407466e-02 1.353614676555503771e-01 -1.570063976840535280e-01
3.258808711969681804e-01 -5.158875852692169639e-01 7.211852925570494399e-01 9.260305869379419075e-02 4.133355065332984801e-01 7.079997707792032857e-01 -4.649531868637936105e-01 -1.671979719194224001e-01 -2.199870625541493208e-01 -1.266061165183100246e-01 -3.640184433453522161e-02 -6.633260194450006919e-01 -7.644530676385150603e-01 -7.716038058249559128e-01 8.027707155424534946e-01 7.364623722569605402e-01 4.030123978175730731e-02 5.264380867637807881e-01 6.365911424883544667e-01 1.132239617718836799e-01
2.360011674344617838e-01 2.686373397639121308e-01 2.482573523110477021e-01 -1.139579982217069493e-01 -1.662148383864826551e-01 4.336524714777132417e-01 2.783610951888281781e-01 -4.098943942899650750e-02 -4.001316709429938306e-02 3.941876157698286365e-01 -1.887373249093906857e-01 -1.241092171672495276e-01 -2.569470380698453058e-02 -3.628678356504317914e-01 2.963283939670296463e-01 6.913296926645935703e-02 -5.828853271233257194e-02 1.500222182076132171e-01 2.910851812212270628e-01 1.481955527538422225e-02
-2.248184374575174990e-03 9.959239019512820812e-02 2.727936147363689556e-02 -1.366831876960967751e-01 1.689033947242488121e-01 2.475523081451050031e-02 1.315401486764925798e-01 -7.251750363975754954e-02 1.103982425653206312e-01 -1.400042951312678759e-02 -1.163271989602502332e-01 -1.854558651260413693e-01 1.731107444420572350e-01 6.092737122493900419e-03 -1.418654030147361300e-01 1.103247114049109821e-02 -9.542415969710227319e-02 -1.494993036373440942e-01 -6.252060795985470154e-02 -1.796895414893996401e-01
1.437297869574837850e-01 -2.389243797166277355e-02 1.294456779836116733e-01 8.949918023258160438e-02 8.251076087551759142e-02 2.052782237750880312e-01 -3.320348196931222767e-02 5.018332661036315617e-02 -1.250818952999792344e-01 1.531656124266232433e-01 1.012824439543847516e-02 -1.109673736653411374e-01 2.337614742754092756e-01 7.896084403670607099e-02 3.276249923927035401e-01 2.367608247808007105e-01 6.911331776139037486e-02 8.632638773328231430e-02 1.365124963888363352e-01 -8.918393267411234282e-02
-1.070570320489294958e-01 -2.293129657942898081e-01 -1.298635094225016329e-01 -2.036681780956036969e-01 7.966607286814525457e-02 -1.674571270672369216e-01 9.021356289689430596e-02 8.460139566044115600e-02 2.041133250452033532e-01 -8.822035741178310686e-02 1.773422616286530751e-01 -3.023576256295998355e-02 -1.143958169365365263e-01 -1.584352482847416477e-01 1.473925021939594959e-01 1.492167499578822554e-01 -6.953066835976087767e-02 -2.297894936895391108e-02 -2.287834377541396458e-02 -2.007233729047241955e-01
3.768266460962622910e-02 2.857828637731716359e-01 1.227200261624506183e-01 1.342720260812751421e-01 -1.401553697554735189e-01 4.879829875389433691e-01 2.332317765155092204e-01 -2.101185346302869572e-01 -2.758856461817794647e-01 6.799818508405411910e-01 -2.153251725693312857e-01 -3.523186276159619990e-01 2.722323611000631027e-01 -4.647373590708508972e-01 6.344079908383944977e-01 -1.727066936628086219e-02 8.451279187252300207e-02 3.522787079968233148e-01 -5.970214124321307492e-02 1.929598967825719158e-01
4.940726266940946854e-01 4.596749684893440824e-01 2.008140031191137931e-01 9.625033773073636209e-03 -1.770814845678963523e-01 9.895173634598054546e-01 1.902007307810975323e-01 -2.721337346076152519e-01 -3.112159662800628168e-01 6.019715828942319158e-01 -1.955267721929775104e-01 -2.996024008235629310e-01 3.886349363753879849e-01 -5.920170634051804548e-01 5.473016824089075305e-01 2.168329308954504986e-01 -3.708411974769710261e-03 5.326985706794806763e-01 3.517150615280212334e-01 2.385641759782030497e-02
-1.137640644297795989e-01 -9.228592470650437418e-02 -2.602968386403718415e-01 1.879330484647691139e-03 -1.071050968999731207e-01 -2.526045459552584416e-01 6.723141807503373035e-02 4.626461945311811236e-02 9.632798402277301109e-02 -3.099654465067744336e-01 1.260464146401418795e-02 -6.189152342893851078e-01 -2.370877690020586209e-02 -1.096291017281134234e-01 -6.068908715262082143e-02 4.325581427392375389e-01 -9.625299402138108584e-02 -8.536079083644448895e-02 7.074115942998102646e-01 -3.399520476641628569e-02
