5.129483831716634690e-01 1.829812448403539404e-01
-1.078259630938143587e+00 1.536607219313297801e+00
2.275245808692770488e+00 -1.646087421893881908e+00
4.433333209204151637e-01 1.136111338870173570e+00
5.485608153026119149e-01 2.086926993456982848e-01
7.066375094323763539e-01 -4.777293092440547673e-01
-8.697093796963126788e-01 2.199663430412641674e-01
2.699514471646753955e-01 -1.075303944619775187e+00
1.280116618874548584e-01 -7.148610826702249677e-01
-1.958693203823620443e-01 1.431026576134325934e+00
1.687713335201412423e+00 1.692284804016831457e+00
-2.809855050956331812e+00 -1.151014587972719383e+00
-1.729647012317724053e-02 8.743953309197652901e-01
