-1.339009138404194887e+00 -1.281969510393695444e+00
3.343740098318228604e-01 1.343595245004926830e-01
-1.268716895794501420e+00 -8.527473083137867560e-01
8.073864938845926043e-01 9.042246100339977888e-01
-2.156127924536789919e+00 -5.675746528162983751e-01
9.048277322924455079e-01 1.686333105901581808e+00
7.041966820187993414e-02 -2.357486184547302466e-01
9.082164302844305537e-01 -1.201893058776440038e+00
5.820097660622173263e-01 2.180296680294902867e+00
-9.571672565564267599e-01 -9.278316017542236060e-02
-7.474637097479081005e-01 7.863820149290213779e-01
-1.328902876320124271e+00 3.070009853709038117e-01
-1.685184607352443020e+00 -2.095090283608986859e+00
2.918499747101964137e-01 2.126090938522580409e-02
-6.294455842796998768e-01 -1.379371838129122008e+00
-1.081804109808494729e+00 2.013846955512118286e-01
1.172202377773578608e+00 5.146132524503934658e-01
