-1.793497752772263309e+00 -8.104954179137007220e-01
9.459847149415444578e-01 -1.805057614262184140e+00
4.502557491449678539e-01 -1.888441863716327829e+00
-7.354797220303195548e-02 1.568861230042149613e+00
-1.925091091155847867e+00 1.219932102202131718e-01
-1.699749492460596922e+00 1.480766622831013457e+00
1.247395753069186375e+00 9.824965399573778457e-01
5.028217404212921293e-01 -1.960015639168437795e+00
-1.805795952178089303e+00 4.692185491084734372e-01
1.804467312193571038e+00 1.477920378964334924e+00
7.131314953306979731e-01 9.230809432514429647e-01
-1.229960885609366894e+00 9.917746916890103348e-01
-6.674161617723860518e-01 -1.563589122715138613e+00
-1.908683012074955110e-01 -6.938980374862344647e-01
-1.361404920772773863e+00 -3.278415570116685052e-01
1.339733639291093015e+00 -2.442377746009387895e-01
-1.633569730863150549e-01 8.499852771703904075e-01
6.674514392926444994e-02 -1.470054574416951532e+00
