7.728370563667031484e-03 -1.519352177148149408e-01 -7.099352916678086656e-01 9.188591866443973633e-02 1.519598957940233308e-01 2.251734986154878826e-01 3.975592995927441087e-01 1.553492691990804031e-01 -3.707694350168255770e+00 2.683401788250827646e-01 8.701073855225422982e-01 2.720263625408676778e-02 -2.051023027794253439e-01 -1.124909732266942963e-01 -6.584707996226930871e-02 -1.010305753183479371e+00 1.874209218119415321e-01 -3.188790493407423626e-02
-3.394923792757154057e-01 -1.610226724070042970e-01 -6.571102339958408978e-01 1.566248176940402137e-01 1.392068668053262626e-01 2.224776977689156554e-01 3.921095086932995244e-01 3.553947256929358978e-01 -3.874469314098466732e+00 2.897064769729401079e-01 6.460526998969668977e-01 2.019014708756370347e-01 -3.570347628003593399e-01 -1.837468678622377893e-01 -1.953204955630855055e-01 -1.665642615739156840e+00 1.390012735026117593e-02 -2.697949419901229939e-01
-2.241861977002340411e-01 4.461562570305775688e-02 -1.161929673576527766e-01 3.932447591990503172e-02 1.624242811117736773e-01 1.035136164266029918e-01 2.438912582291711262e-01 2.276571978542147323e-01 -2.290316223996273326e+00 4.657874207314828818e-01 4.209486925749812425e-01 4.540498548337777995e-01 2.556913586154723351e-03 -1.175576339175871537e-01 1.350354464828133760e-02 -1.571257259613611845e+00 2.039098683115375121e-01 -7.909956815938391783e-02
6.886588717045073749e-02 -5.930164692006813926e-02 -1.368645570967089720e-01 1.725232877155929434e-01 1.209762076744132497e-01 1.205910601578367158e-01 -4.463349495565375330e-02 -4.857924071569907909e-02 -1.226762785085822927e+00 1.725385926138320869e-01 -6.470899914187441815e-02 3.788804087693525835e-01 9.570800046599904631e-02 -7.887756267768301910e-02 -3.684791730937717752e-02 -1.164253969813870970e+00 -1.095080995123023510e-01 1.631991829737313576e-02
-1.752960860798217224e-01 -9.579489577147082269e-02 3.789634740957804893e-02 -1.545171839465556141e-01 -1.843554835698760774e-01 -1.174665229939874517e-03 1.193532948268418714e-01 1.715847047706332840e-01 -3.565643212251938809e-01 2.788055179995314603e-01 -8.606277884259759536e-02 3.062306110801841785e-01 -6.531372959381025189e-02 4.470875455466168796e-02 -4.511333524909253573e-02 -1.197647615046054215e+00 3.727281431297098380e-02 -1.611996662542382053e-01
-1.981118912888602812e-01 4.017981028423547873e-02 1.278534223071411784e-02 -1.446690174781442295e-01 2.032777212928818869e-02 -4.818884867065285210e-02 3.593345737470857171e-02 1.194561656322438853e-01 -1.575434583324588911e-01 2.953166723618548817e-01 6.266359296732681994e-02 5.990625229195858936e-02 4.260298655135341672e-02 -6.485358732272825111e-02 -1.500212772507321102e-01 -6.550853900160920062e-01 7.598148297558436626e-02 1.066989229029847858e-01
-1.623319471443010475e-01 1.610023295630079732e-01 7.186256367455728933e-02 1.730643434529812730e-01 1.493010789231006552e-01 8.857822838738362015e-02 1.777825018957349679e-01 2.867253879396267427e-02 -2.176582964384624896e-01 -3.768575525946772642e-02 1.473866356043900538e-01 3.623062412081942685e-02 8.055103548452303974e-02 -1.781180473234568462e-02 1.158191661322181543e-01 -6.117118492695047260e-01 -1.704128047448023597e-01 1.623136761422014906e-01
-1.655397662251720942e-02 1.590572955961720714e-01 1.381838584902505274e-01 6.860736621679043579e-02 2.879416012886855739e-02 -1.002126256581432479e-01 -1.368170093090251838e-01 1.527649843980383448e-01 -2.201113143761167512e-01 1.509831819188469371e-01 1.283966948853488832e-01 -3.442825949131128670e-04 -1.026229804312210891e-01 -1.546220492318174378e-01 -2.977167248937321112e-02 -1.682003987007930634e-01 1.718441370227248299e-01 1.650168109782950143e-01
-3.930722407592213835e-02 -1.624197431998843366e-01 9.012101380293600916e-02 9.830245495884885887e-02 -1.874718120676552580e-01 -1.482848280990189428e-02 9.740040911765944498e-02 -1.652585179214221822e-01 -1.542793208958583850e-01 2.291639070080517815e-01 1.144580942877260477e-01 -1.411872712720026735e-01 -1.927672346210316245e-01 -5.629861683614343498e-02 -1.883382918296669650e-01 -2.072983375493072100e-01 -1.879708078370107005e-01 1.855545173855375485e-01
1.225889010972964488e-01 -1.744735937515897450e-01 1.394216343978838257e-01 -1.111842033360689458e-01 -1.177852576005875423e-01 7.554551678439126727e-02 2.060984852592362970e-01 -1.327589699760499953e-01 -4.563145598147681503e-01 3.816035465017303483e-03 -1.807124587247461167e-01 7.183358322399020779e-02 1.267606147266271688e-01 -1.252032245737087768e-01 -1.550603962520263612e-01 -2.382465625790816943e-01 1.942075006776385337e-01 -1.520672487785070803e-01
1.827998857996516735e-01 -5.746570949369081416e-02 -2.462064818486033729e-02 -7.844729270297913504e-02 1.750756780175539706e-01 1.879909610417878074e-01 8.206394990748344664e-02 -1.129266617073680368e-01 1.161167812477242878e-03 -1.092107171046214353e-01 3.090443176276467044e-02 -1.090166728259608364e-01 1.462271105081867084e-01 1.782714378725899218e-01 1.217670233820757064e-01 -2.410972670286261887e-01 -9.453053912835623906e-02 9.854148767307745194e-02
-8.559688538756288212e-02 -3.429042193521274207e-02 -1.882300593834110858e-01 -1.426607134734756699e-01 -1.915449354448379993e-01 -1.666118207511760874e-01 -1.525835748610431530e-01 -2.322645528257707634e-02 -1.008017297585277472e-01 1.323554159303256816e-01 -1.401457703070479732e-01 -3.459378262085627872e-03 4.698221774971028664e-02 -1.661776342959093988e-01 -2.202972974951040303e-02 -2.099008365979381785e-01 1.881637295479973992e-01 -1.781280224787922528e-01
-4.010185459285188492e-02 -3.512601184107333463e-02 7.918925800394213677e-02 -6.729471689782139110e-02 -1.181562557413601694e-01 -7.866711332997934625e-02 6.461001384056835883e-03 1.853164583250712927e-01 4.012569814670689794e-02 -5.708284621043392681e-02 3.750751223383598509e-02 9.864324670343876944e-02 1.131460396058370094e-01 -2.153416274675066383e-02 -4.043923901717332015e-02 -4.965077065619512980e-02 -1.825115112787119298e-02 -1.032427415669020243e-01
-2.113235321311561152e-02 1.733409425504351398e-01 -1.512334663038550076e-01 -1.168130904500296920e-02 5.510715662312586083e-02 -3.971673353303984376e-03 -1.022618615490974714e-01 -1.948932768937083893e-01 1.623240388045350813e-02 7.667087266681595070e-02 -1.842020003566273434e-01 -6.106605510589852015e-02 1.033760449379590579e-01 5.156821090316413003e-02 1.811529313780300965e-02 -2.857018789491152511e-01 8.960845241634070313e-02 -1.291938169299052669e-02
6.790668436952224107e-02 1.031785901942315065e-01 -1.188464668011448011e-01 1.065265235498989160e-01 -8.787385445754415658e-02 1.975509838402705887e-01 -1.412242435793935602e-01 1.546251541857038003e-01 -2.089515538755015167e-01 -8.097452953044015356e-02 2.470950368613476084e-02 4.467959252214889071e-02 -4.324548453321992031e-02 -1.591872756161294145e-01 -9.893231794361270759e-02 -1.981367638655931462e-01 1.058661410871277325e-01 1.609402221104389297e-01
3.423578732867758184e-02 -1.863438889823855749e-01 1.030794792907693547e-01 -7.672064167565528781e-02 -6.399173916271873319e-02 1.670070121488364048e-02 -9.101727073201054674e-02 1.709669791746527001e-01 -1.863371375579322142e-01 -2.072487173845884850e-02 -6.339122102360272848e-02 1.490900523933542943e-02 2.610980699337558941e-02 5.085588696694096772e-02 1.253981484998847352e-02 -1.120186100665180318e-01 5.602583238528233839e-02 -4.167220493625154593e-02
1.063355381049963244e-01 1.144122110964352623e-01 -1.016866568901572121e-01 -4.947391063303799297e-02 5.161985576949917193e-02 -1.308811580510371997e-01 8.871318881428319481e-02 -3.655650708997303100e-02 -1.293170319125550027e-01 -1.281731902008378388e-01 8.329112206104677396e-02 -4.726855018001188680e-02 -2.190237911101298313e-02 -3.395702812560603967e-02 -9.378787141962628693e-03 2.377241983733914543e-02 -6.962925885014915883e-02 5.633489478317702664e-02
