-6.241422824550124648e-01 1.398709805708231668e+00 3.810076732611250572e-01 6.460812084520065612e-01 -3.545854428854289253e-01 5.091298815967503222e-01 -2.373852084455414513e+00 -5.126929088509710741e-01 1.261894928990139553e+00 4.442298782793946188e+00 -3.772592590904760845e-01 -2.671911869429698161e+00 -3.758855879932560651e+00 5.071104563546745547e-01
-5.961541001499120335e-02 5.110907828282404974e-01 2.345741533665757772e-01 4.195443796458091928e-02 -2.658158826819955745e-01 -1.230393394085220124e-02 -8.335969182719888959e-01 -1.763896134701823173e-02 5.656929712434664026e-01 1.733804402563587921e+00 -3.233261402213843949e-01 -8.732531081927846772e-01 -1.391985156689350633e+00 -3.171410622734590484e-02
-1.351362011012544884e-01 6.672489449423628372e-02 1.477981749011189894e-01 1.547976483590691177e-01 -1.775661849675223836e-01 4.965931465835687897e-02 -1.295638487345407153e-01 -1.013404091319074080e-01 2.291095184387349215e-01 2.251007384562869473e-01 -2.337273187853461942e-01 -3.995635900988994682e-01 -2.040264393246756514e-01 1.435450231907743901e-01
1.682992666641401902e-01 2.043608063598748859e-01 1.694675611627601275e-01 -1.761084473126523497e-01 9.414449256581287895e-02 8.565329060413513773e-02 -2.623732354641196765e-02 7.678045244415965254e-02 1.880220857025393377e-01 2.207278155109737294e-01 -5.905593861308048448e-02 -8.523518492208953523e-02 -2.688954568250144228e-01 5.817903554760527063e-02
-2.023476316823568655e-01 -1.322879405220078464e-01 -6.079575623358306202e-02 1.124105701807293772e-01 8.154050741049696793e-02 -5.836969550475414742e-02 5.816234503720590888e-05 -1.904371576202335548e-01 -1.283211414369604120e-01 2.809296447119546403e-01 -9.142740905233635862e-02 -9.697750528361107070e-02 -5.692430237333811344e-02 -6.577149452391906070e-02
-1.356262199230825853e-02 -8.746870779995569167e-02 -1.764009459246196621e-01 -1.296767324022459755e-01 4.921593771247556419e-03 -1.651378616571968216e-01 -4.665941008276084517e-02 -7.453468662404215406e-02 -1.857670828985803768e-02 -1.524125440267896925e-01 1.574709229842434222e-01 -1.945418668967571416e-02 1.300508585353468971e-01 2.028147318577970537e-01
-6.504493577269301885e-02 -4.681118216940729874e-03 8.117013720175973723e-02 -2.759100828679405398e-02 -8.057025870368357545e-02 9.504917644996863091e-02 1.357709000777221342e-01 1.661483685308630109e-01 5.409697240722734918e-02 -7.660824996411779580e-03 1.880848298578028932e-01 3.057011497901259561e-02 -2.126144329984622217e-01 -1.612321033586879837e-01
9.760355520406052698e-02 -1.674492881328324134e-01 -1.944791187788574016e-01 -4.365156814361949300e-02 5.222867809772658611e-03 -1.744806779260426460e-02 -1.965618951394591807e-02 3.077376910724313394e-02 7.880434710661955722e-02 -4.554170282567179470e-03 -5.589318785362466097e-02 1.781918228905587098e-01 -1.225308009061231440e-01 1.164319294857361908e-01
-3.297366330894688224e-02 -3.754487125793014302e-02 -1.711653616272393874e-01 1.473022883077163836e-01 7.752017594374036036e-02 1.657505154450872875e-01 -4.051312539757277037e-02 6.577230702568544196e-02 -1.348568792343383393e-01 -6.547602559009821528e-03 -1.220299465702335412e-01 -2.071582081651014429e-01 1.456931253632957890e-01 -1.022983096199366199e-01
-2.133441078096938170e-01 6.384088566062941228e-02 -2.561669268468713873e-04 2.464058888862713514e-02 -1.879562375363923732e-01 2.611233829336914725e-01 -5.638190315282750470e-02 -2.074026948677827886e-01 1.318321888105396800e-01 4.710263717700797215e-01 8.403793622563139609e-02 -2.853683830903493979e-01 -1.624327361436922468e-01 8.504600849220529668e-02
-1.084071714219999975e-02 8.702825184619435162e-03 7.473514395075432637e-02 -1.187597205108956722e-01 3.717929150678800365e-02 -1.027112493292394318e-01 -8.096392886759239127e-02 1.769949192898165602e-01 1.675653302412909718e-01 1.479724205927742675e-01 -1.941822491278486773e-01 -1.599637746501730018e-01 -1.154034536794521226e-01 1.387622107551754191e-01
1.311343275431583744e-01 5.208367254316694644e-02 9.194718058755006751e-02 1.205283195334354018e-01 -1.781528348096976244e-01 -1.601001415365610747e-01 1.281355021450364673e-01 -1.907747492310960247e-01 -9.247527809192476744e-02 -1.543501668427961215e-01 -2.004868039187231998e-01 1.154221332712733333e-01 -8.894135266951068430e-02 -1.224723166643733874e-01
-1.661093964421130609e-01 1.287711065076319050e-01 2.045831760784202757e-01 4.185083012107763609e-03 1.433046088016841080e-01 2.473657508738768759e-02 -4.854382372286693281e-02 4.775980951244282458e-02 1.829964013733302863e-01 2.228618868501261452e-01 1.724389674893853364e-01 1.010277473422710286e-02 6.545264531768714422e-02 -6.323823146336184087e-02
