-1.793685300748814604e-01 5.168078497533322713e-01
-5.156762758857458273e-01 9.269445426683138589e-02
-4.444089006508593620e-01 2.121649562220916385e-01
-6.229285465483523632e-02 4.179372862689940266e-02
1.103620558014821035e-01 4.859510056745440509e-02
-6.092561143375881949e-01 1.290710355211822646e+00
-2.075449103365546166e-01 8.513752674791298658e-03
1.980510253512325902e-01 -3.005853329706492105e-01
1.647177232905545907e-01 -1.727829748909284480e-01
-6.144505989214923414e-01 7.760726023730620815e-01
1.262671000869504678e-01 -1.582779556497335982e-01
1.581954500193282764e-01 -1.408666859736932953e+00
-5.108057499104027288e-01 -1.440018629191320565e-01
1.051108100756323438e+00 -2.545625508678373353e-02
-8.434813860580837597e-01 4.032957207480175610e-01
7.483997957445732707e-01 7.412185687327484951e-01
-5.232712130447615857e-03 3.692748259915966391e-02
-3.942649553199516488e-01 2.708552429410074902e-01
9.811481270361528395e-01 8.318949431691085028e-01
-5.939285368572190527e-02 1.158859955496702870e-02
