1.730763089380800812e+00 8.391241819679029490e-01
1.571043904784940937e+00 1.243373907437593795e+00
-1.539341170325572383e+00 -1.930682203785410112e+00
1.137320101838424025e+00 2.091297731760799750e-01
1.809256490529970840e+00 -1.445892085699816088e+00
-2.767139924346985191e-01 -7.434147915538842355e-01
1.698383275196270192e+00 3.346363348867840981e-02
1.472392796907226797e+00 7.233057603893859877e-01
1.811622082737220918e+00 3.004833804960564958e-01
2.086842553271698542e+00 -1.200922297918440185e+00
-4.159336209323971079e-01 2.084609618829170175e-01
1.729583383771142069e+00 1.683940909808535613e-01
1.643265580492524025e+00 6.194758615408668678e-01
2.318096302662460695e-01 -3.287802118278031482e-01
-7.076693375467830727e-01 -9.245821017453434987e-01
-9.723145872027114667e-01 1.955762348885761392e+00
3.294482170053392722e-01 1.562107009326327622e+00
1.357641701366321341e+00 1.663764662546705297e+00
-8.637296491694939071e-01 -5.504544428589779326e-01
7.161628680252956070e-01 -6.131549407165548526e-01
-1.606493151250559803e+00 9.339826033905600511e-01
3.837731448965680525e-01 2.515462312421100077e-01
1.024089683413209162e+00 -1.435584742156497784e+00
1.505430501720623981e+00 -1.861619143853175395e-01
9.495217404115989801e-01 5.067480856240632603e-01
6.031372232895750862e-01 9.451007820703276607e-01
-1.827022954981404768e+00 -1.185213803442980440e-01
-1.192380509569303193e+00 -6.514576575104540357e-01
-1.352223707481099435e-01 -6.896597045063805886e-01
-5.553539948863750464e-01 8.180254889622080583e-01
-1.644482613527037840e+00 1.926069720774891136e+00
6.825465565430750559e-01 -1.787020967646648417e+00
4.110805840645624931e-01 -1.570803500625358895e+00
