1.738249312004843672e-01 2.538120281429456226e-01
-1.497603043751571716e+00 1.858946271422698970e+00
1.856669431618416688e+00 -1.323846423019076735e+00
3.033086206276068841e-01 8.136428408638732845e-01
9.687208639530707766e-01 -1.169877370307081943e-01
1.126131662283366586e+00 -8.024150799049607485e-01
-2.437154985303423005e-01 -1.025279985938937349e-01
1.191053334364200189e-01 -1.290051952111971989e+00
5.472339557046770331e-01 -1.037991915060079595e+00
-6.126239080057365172e-01 1.753268898245599505e+00
2.101289182843398606e+00 1.369804803322870246e+00
-2.391264778226440235e+00 -1.473344872382108317e+00
-4.360732840040261737e-01 1.197391583258201386e+00
