-1.540221355358726285e+00 1.113460244787998210e+00
1.508835793745094467e+00 5.680358944927598186e-01
1.918904965854872635e-01 1.149887141879637475e+00
-1.787632333676321572e+00 9.956366877050667474e-01
5.806511458474379328e-01 -1.378365754711788682e+00
4.256694631940962648e-01 1.202777725793876762e+00
-1.196156965267076489e+00 -1.675125331027193631e+00
-1.423018984835741740e+00 -7.794666305136820350e-01
-2.994254568870340916e-01 1.328443256259488781e+00
7.318623769923025824e-02 1.046581822010218765e+00
-8.926724240192845938e-01 7.886336619106096846e-01
2.068517443753364660e+00 -3.533695228537341304e-01
1.612671940024765327e+00 -1.783616344411345533e+00
-1.852882522122015096e+00 -1.835390754724586682e+00
1.275250517333704536e+00 1.336385685629563280e+00
8.182777845105216885e-01 1.531255346238481252e+00
-6.268540868745058336e-01 1.085907156751690028e+00
1.368817807394285602e+00 4.115352728581777031e-01
1.031173376025201094e+00 1.344148925021873442e+00
7.842145887850361374e-01 1.189354774603631260e+00
1.744897041606899624e+00 -1.149206208901100368e+00
-1.336321694798574100e+00 4.743381118684575348e-01
1.689825980478996126e+00 1.259413438390638795e+00
1.431750574623705141e+00 -1.386803071840017054e+00
-7.797692918175963550e-01 1.735002622779473480e+00
1.063253306516531271e+00 8.877912430811104594e-01
1.211954556438889163e+00 7.244968039878824095e-01
-6.634905572830238629e-01 1.522641599588965278e+00
-8.401853350014409916e-01 1.793223149320144483e+00
7.542871125990051606e-01 -1.228891696048710624e+00
1.586416798658388139e+00 1.170931348316559539e+00
1.694892745637183840e+00 5.792571905110951436e-01
-1.256111803903294355e+00 -1.714342459109125194e+00
-1.636531787263928894e+00 1.236890735740466540e-01
9.800269865564310845e-02 3.316627631279576160e-01
-5.481988890664963449e-02 8.538172829623137394e-01
3.211976505983855645e-01 5.929183389884601363e-01
1.258862399538266619e+00 -1.649149325889829765e+00
1.233489418390712355e+00 -1.040633729105430838e+00
2.043745679865469178e+00 -1.787513658245089843e-01
-1.689852140685021153e-01 1.886269595402490840e+00
6.190289323412168782e-02 -1.815524837211813569e+00
1.734134721744595709e+00 -9.081028355887986736e-01
-2.300263197847723096e-01 -1.430333949936207549e+00
1.815304447793515852e+00 5.755996176232155426e-01
1.453039207249875009e+00 4.875184842625203130e-01
1.617440675861967048e+00 1.485506894857548943e+00
1.665964725116360512e+00 1.048350979524081961e+00
1.975310317360445822e+00 6.585427116241008294e-01
7.968976099663315216e-01 1.711226415390147526e+00
1.934701468857511042e+00 1.905885729456932687e+00
-2.148103217442906665e+00 3.475837865221874656e-01
2.005910087842876610e+00 5.880379863754280345e-01
