-2.716526732311746462e-01 2.743171947776824604e-01 4.388626728141242772e+00 -4.095692872645625426e-01 -2.275306807563642897e-01 -2.681589279811076310e-01 -3.916187729830159503e-01 -1.436181926542255405e-01 -1.741393717154262333e-01 5.017470824301215604e-01 -6.883009061026947872e-01 -5.918460321956940939e-01 2.892116109877779229e-01
-1.729843294969217737e-01 2.938225364372205051e-01 4.430862198041241040e-01 -1.108754126582097710e-01 -1.962315174205269963e-01 -1.419978380173760324e-01 -2.272909210961618909e-01 -3.556001439769772565e-01 -2.374621619754923585e-01 3.096409611064729339e-01 -6.893568837846436592e-01 7.143773466309571996e-02 1.668187033861192325e-01
-2.102807131894920967e-02 -4.066661531738052088e-02 1.184611842750760841e-02 1.171448784535856769e-01 1.459237451362932758e-01 1.088583024407027006e-01 -1.124647623389576079e-01 1.994235391889721820e-01 2.320918139487385817e-02 -6.927658331546132642e-02 -2.086007999007850368e-03 1.795866896811325608e-01 -9.212594286081308981e-03
6.233516387106317197e-02 -5.618115001954698123e-02 -6.831015437007342816e-02 7.855698414402174923e-02 -1.999394774799966301e-01 1.198271818853527820e-01 3.204780563071697730e-03 -1.791722203858797935e-01 -1.721526652281823444e-01 7.718135895222483223e-02 9.466743503948192584e-02 -9.370972305562294546e-02 1.993866063225420704e-01
-1.653011357333341314e-01 1.499127117029595835e-01 -1.264966222413603340e-02 -1.684529271809199202e-01 -9.051384575358881190e-02 -2.394403520525143977e-02 1.164883995477079964e-01 1.326085835378456035e-01 -1.578031200591594740e-01 1.577614834230526772e-02 2.937245372110368694e-02 -6.506003153497150193e-02 1.531139300444616935e-01
-9.252731120892206118e-02 -1.863710616293169919e-01 -1.359239655565041005e-01 6.804739030131781719e-02 2.276617120123953716e-02 1.743971362446122553e-01 1.719617977694560262e-01 1.560281333978459362e-01 -1.919917077393691052e-01 1.122998573377488041e-01 5.551064381766070838e-02 5.988659057772462158e-02 8.902094962780197906e-02
1.472076898125326272e-01 7.430736192772628701e-02 4.738501312251523767e-02 4.306762669581062040e-03 -1.184854274151488085e-01 2.464545772180463251e-02 -2.009670098279396078e-01 -1.550668864804538027e-01 -8.710296307361013735e-02 1.517232765256735783e-01 2.731573821675298622e-02 -7.197280346749383717e-02 5.561825266688920355e-02
-1.891357568635720354e-01 -1.272426270316868724e-01 2.594928903516121044e-01 -9.043935461559943212e-02 -4.272740212926637998e-02 1.420095117335297939e-02 -8.674200478867620523e-02 -1.704545873276214901e-02 -1.143498140191973600e-01 -1.681871329347244537e-01 -1.585308187097586863e-01 4.898665357851262475e-03 -1.682529624833029869e-01
-4.281885837296685315e-02 -6.537159751965927745e-02 -1.900202238264621021e-02 -1.623414055527925282e-01 1.630688278110842548e-01 -1.314156848866379970e-02 1.341867954584112232e-01 1.861864223441263566e-01 -6.757915938082668939e-02 -8.161263865517510291e-04 6.387747165410356809e-02 -3.311213488976024605e-02 -7.355392321100061304e-02
9.222918666291368694e-02 1.600658746381105890e-01 1.981569066206482765e-01 5.016918020786307469e-02 -4.993823849075903348e-02 1.886487903619665507e-01 5.595128055301380743e-02 -1.739427654329870065e-01 -1.683658956718839805e-01 1.032930347315166864e-01 -1.824342631010312799e-01 -1.988525150606334502e-01 -3.925504992454787595e-02
6.279540089179037540e-03 -1.758776661595208915e-02 7.390623516471331658e-03 3.323466152175420102e-02 7.157293345455399691e-02 -3.246680002728677406e-02 -5.347698734819573280e-02 1.931658806941443651e-01 -9.935088601780861506e-02 1.139105533325840691e-01 -3.726092741624360827e-02 -5.993629750844487597e-02 -1.706761008123707790e-01
1.309721592432178394e-01 1.016532830079007743e-01 2.758026583479269433e-01 -3.291259052363903342e-02 6.892487375817825390e-02 -1.640228219529166753e-01 -4.742109501517274839e-02 -1.337200980892139790e-01 -2.059503693811902403e-01 2.191405954132787937e-01 -1.816007449794914963e-01 -1.499244301378707955e-01 -1.127079860038035092e-01
