-1.830948388561039197e-01 5.117775929860730599e-01
-5.172920877083887481e-01 9.631660454500309831e-02
-4.460939939583393188e-01 2.092182848415733432e-01
-6.328271608305745255e-02 4.207902378028299806e-02
1.094671036692759919e-01 4.471466688814708379e-02
-6.180533388522748695e-01 1.294920090809551727e+00
-2.073529825535554705e-01 1.221970684418408754e-02
2.011295881408578512e-01 -2.973026934718961400e-01
1.673465399407144671e-01 -1.720119572949876940e-01
-6.187180217651887526e-01 7.736469884058739810e-01
1.286479364459707786e-01 -1.591120614287569734e-01
1.538678661637365996e-01 -1.412865732168168575e+00
-5.090259955257168123e-01 -1.379948615827567282e-01
1.048152923086660193e+00 -2.854805199801478330e-02
-8.467599011450016588e-01 4.053486553948279503e-01
7.500951655382379624e-01 7.446391037887130082e-01
-5.383087648532064798e-03 3.634726256438890885e-02
-3.969009990688093792e-01 2.707335639257125171e-01
9.843734790559625081e-01 8.380606576915925476e-01
-6.006328930319709131e-02 1.152088030647681859e-02
