-1.245135159319387397e-01 -1.491235746362851722e-01 -4.878874071897436604e-01 -4.278335495188650417e-01 -1.032969920887756715e-01 4.721035375330297490e-01 -6.206285431787268436e-01 -2.015511769717752769e-02 1.400772696830162589e-01 -9.901293997227782195e-02 -1.350125545311878505e-01
-6.402399269239843482e-01 7.155440197006803782e-01 1.338361027974402262e+00 1.691628574025778597e-01 4.481170410834398043e-01 2.543999484942591760e-01 2.023964517927461682e+00 1.926697739846860297e-02 -7.791370066561462658e-03 3.513305481877498360e-01 -3.384491833634696301e-01
-7.609319286885368738e-02 1.447274790981826209e-01 2.345011401692228548e-01 2.013070726198804006e-02 5.988400774631705975e-02 -6.636018946990782097e-02 4.990680979795775740e-01 -3.746666640117795460e-02 -9.336655089946709063e-03 1.527460858885053840e-01 -1.806362213576236941e-01
-2.093455746554463981e-01 3.124345345486992942e-01 1.556949402011385264e-01 9.160650331701768179e-02 -1.491760888167009136e-01 1.004709930214624791e-01 3.672251631281225892e-01 -2.272227566853259051e-01 -1.567752977007553228e-01 -2.209104528560130315e-02 9.799172902253266981e-02
-5.030788025012578046e-02 -7.058950406403900757e-02 -8.056638534845331212e-02 2.013685705455798558e-01 4.112124733653737402e-02 8.319619928333414627e-02 8.629410298173056937e-02 -7.191719359632539610e-02 -5.678710109588954585e-02 5.332396001623430221e-02 -2.054837552930798561e-01
2.428874584557934660e-02 -1.818353616800386652e-01 -3.664919139139496407e-01 8.001284373507214220e-02 -1.238388971064039168e-01 1.336075276515544252e-01 -3.227811882249405628e-01 -7.437522133003614255e-02 -5.111020227917453806e-02 -2.268156464832182112e-02 2.712328206236932354e-02
3.224248136411912435e-01 -4.399481515630209172e-01 -5.171946132120336381e-01 -2.116287152234917202e-01 -2.301639388870591330e-01 1.422286278206054688e-01 -7.614759113520628286e-01 5.543567707875523415e-02 1.835952423934700262e-01 3.121978387540619640e-02 1.148418563728190872e-01
1.235157493343857528e-02 -1.380131853224669525e-01 -1.047253730520984472e-01 -1.058910173407222668e-02 1.146151411320425056e-01 3.402069875905053969e-02 -2.012611718845618847e-01 1.235770153468114113e-01 -7.463411524478119619e-02 9.141232773003753198e-02 2.405112665346182121e-01
2.020019876539945747e-01 -1.729026216914764935e-01 -5.219336047246549981e-01 -2.336562730427097778e-01 5.499299912249472171e-03 -3.821423709261939639e-02 -5.612822147911831205e-01 5.328922465214386978e-02 -7.314212028439147362e-02 -2.592113547695678033e-01 1.692319712614246685e-01
1.438585555247124115e-01 2.302414033976356300e-02 -2.777413077789602641e-02 -2.633388229622650734e-01 1.157441802486812721e-01 5.333588022502073756e-01 -3.111298147708688733e-01 -1.808440809801913352e-01 -7.496002701836190774e-02 2.128996897495557261e-01 6.870039234446152776e-02
