5.691314141103785973e-01 -8.896057246889503556e-02
-1.133619713191862388e+00 1.806209412229156985e+00
2.219950874590728596e+00 -1.376580251499500029e+00
4.986992663421031535e-01 8.663447861489624868e-01
6.062292895589984631e-01 -6.416522533151908236e-02
7.636877611543624322e-01 -7.494791261769044866e-01
-8.144097201606190772e-01 -4.955602625939016515e-02
3.272070476634084679e-01 -1.345258993664091074e+00
1.844436076724462470e-01 -9.852370408172430594e-01
-2.511643047527406525e-01 1.700533896691712510e+00
1.743008269303730096e+00 1.422777633621759907e+00
-2.754537597158498219e+00 -1.420609536574578335e+00
-7.295909598451237599e-02 1.144641011598438896e+00
