5.367807200267933343e-01 -1.205036644181497696e+00
-1.671652169494856066e+00 1.306918007388219394e+00
-3.880579341971350238e-01 2.095049174776111300e+00
-1.055183438434474485e+00 -7.870811526937135927e-01
-4.891310651061509529e-01 -1.819632442129350602e+00
-5.443047044393721778e-01 1.747531728823900510e+00
9.720225219678366724e-01 -7.970974872923163312e-01
-4.415870223827913499e-01 -3.891420572778960252e-01
4.688797146625832413e-02 1.435624996421995148e+00
7.568974491365585422e-01 -1.305665489352421660e-01
-1.910990766407939967e+00 2.261502394512068470e+00
-4.429895566971267518e-01 1.099265456161145627e-01
-2.066284302025878983e+00 -8.964834959227577782e-01
1.396680203958383215e+00 5.412938477995573594e-01
8.510146166521320721e-01 -8.740666755889711093e-01
-6.010712117761485285e-01 8.286357186985268131e-01
1.203909061706419648e+00 -4.771813861840110693e-01
-1.816714026242983282e+00 6.992049301005336392e-01
-1.245797014835404060e+00 6.202699195126736287e-01
8.133626524809994818e-01 -1.853900607523318422e+00
-1.764127226270667759e+00 2.234487601998214057e+00
