-9.148205986545876467e-01 1.041916034591397339e-01
5.900211741509715502e-01 -7.896141964242150424e-01
1.255219682897894318e+00 -1.223314199696710292e+00
-9.355717323665457830e-01 -1.883807641221650453e+00
5.169715697144287025e-01 6.246310910841174069e-02
1.248427188490486950e+00 1.564392875944416339e+00
1.755006209937153949e+00 -2.208339346255936420e+00
4.593686503863808612e-01 8.171129290417827873e-01
2.903570002729181643e-01 7.481306846978449387e-01
8.808529375769553749e-01 5.003557430200207268e-01
-3.679433132906093640e-01 1.910448460458739062e-01
