-2.983395732479113271e-01 2.732014182811247638e-01 4.388626728141242772e+00 -3.116542106735548656e-01 -2.964595171832083431e-01 -3.351054499688959631e-01 8.345791789906055191e-01 -2.192707238454525975e-01 -2.209987922589419784e-01 4.916168439610414942e-01 1.562778328509587311e+00 -5.815110569874266666e-01 3.076013932033354048e-01
-1.006849941398333392e-01 3.039397718660991621e-01 4.430862198041241040e-01 -1.167458538042718125e-01 -2.339576148772027631e-01 -1.852039968005125270e-01 1.008883538818754894e-01 -1.891396410281969143e-01 -2.610997648603167187e-01 3.055321809124837418e-01 3.033996054970383160e-01 8.036053603613609042e-02 1.782953402613245697e-01
-2.002236833408359631e-02 -3.631167338306416636e-02 1.184611842750760841e-02 9.679339187477153938e-02 1.360558415719942127e-01 1.001007901660482535e-01 -5.033965161496217755e-02 1.957156730737113493e-01 1.626836280562084930e-02 -7.057889326401023400e-02 8.258537136062056583e-02 1.806547954707111159e-01 -6.756738806491095241e-03
6.583557092600630933e-02 -5.609383104783609991e-02 -6.831015437007342816e-02 7.762097579199747632e-02 -2.022252838820292609e-01 1.168836582392604045e-01 2.440977390935041014e-02 -1.673556357798824390e-01 -1.734879301546402852e-01 7.694446474724446483e-02 1.628733313121294990e-01 -9.300698373021827614e-02 2.001518184450754301e-01
-1.610323359757605821e-01 1.500068397855491564e-01 -1.264966222413603340e-02 -1.713118408820293870e-01 -9.157327957834586474e-02 -2.544713583098180340e-02 1.207348151882363385e-01 1.386697006828090661e-01 -1.583799772323519761e-01 1.568732130871572719e-02 7.529372204168560678e-02 -6.466510101822027512e-02 1.534984212425821448e-01
-8.984921544074613020e-02 -1.856921324366566650e-01 -1.359239655565041005e-01 6.700969109264531820e-02 2.132157907305822289e-02 1.728065229553023829e-01 1.810892825989829924e-01 1.598913325663916252e-01 -1.929143812390208268e-01 1.121520908779079645e-01 8.201938216292212203e-02 6.019663460595960774e-02 8.944676306976823144e-02
1.532020191951131705e-01 7.574711182545851296e-02 4.738501312251523767e-02 -6.778816704248300960e-04 -1.225097259627355856e-01 2.046398850880046597e-02 -1.740518526989947856e-01 -1.464160486713125264e-01 -8.975111795040520424e-02 1.512517876962362062e-01 1.219545010665662454e-01 -7.123359524508962592e-02 5.675076707938011417e-02
-1.864724025478368130e-01 -1.266766765069106127e-01 2.594928903516121044e-01 -9.162727731815668852e-02 -4.435558406887921135e-02 1.233159839213489838e-02 -7.073995146985859184e-02 -1.124693991271960049e-02 -1.153678656790524532e-01 -1.683562638306827230e-01 -1.191769654803041673e-01 5.286163097435205710e-03 -1.677566327419542647e-01
-4.042039172679978698e-02 -6.498649848611189050e-02 -1.900202238264621021e-02 -1.630014593095980568e-01 1.620838340593061255e-01 -1.420264691620254545e-02 1.427222212865955631e-01 1.893616118581156471e-01 -6.821589663984881091e-02 -9.245259652322571206e-04 9.260805469535973722e-02 -3.291245290666867940e-02 -7.326870520296011047e-02
9.250405718222805274e-02 1.601007078113993176e-01 1.981569066206482765e-01 4.933015120597448316e-02 -5.035566540679651398e-02 1.881948487496347966e-01 6.180265145539191873e-02 -1.739764181260828324e-01 -1.686349908682288068e-01 1.032403600001415012e-01 -1.733372279386432568e-01 -1.987657855330526302e-01 -3.913329395507968156e-02
7.225957208071627502e-03 -1.758555751660427838e-02 7.390623516471331658e-03 3.285624209465409090e-02 7.118582003067300268e-02 -3.298311983625870636e-02 -4.690719747345348245e-02 1.940295560657331053e-01 -9.957140582719828381e-02 1.138724013312976402e-01 -2.699209905880493171e-02 -5.980833179071688710e-02 -1.705426610534941378e-01
1.362508709298918541e-01 1.031316323296270487e-01 2.758026583479269433e-01 -3.777079998479560691e-02 6.435446071784678423e-02 -1.687714240669637156e-01 -1.437394190518858327e-02 -1.233217320267402245e-01 -2.089584283375464646e-01 2.185959102629356499e-01 -8.597647162004563859e-02 -1.490850588355205897e-01 -1.114218506177366980e-01
