1.961260830630637386e+00 1.432156203982973164e+00
1.802138935266821562e+00 1.834203865675144263e+00
-1.380439599562261588e+00 -2.524398269285158758e+00
1.125554136253591908e+00 8.030371267778309008e-01
1.578753403128519084e+00 -2.038899357911081012e+00
-4.627707454312120217e-02 -1.488308975652816168e-01
1.572550984987219458e+00 7.104394497267905173e-01
1.241889781889389699e+00 1.302980333443790051e-01
1.952657087721690443e+00 7.201355165718280604e-01
2.317241224883738848e+00 -6.072281254231536307e-01
-6.437226067606316438e-01 -3.942180639740497372e-01
1.535595517381156849e+00 5.936901444337686629e-01
1.482245955208516097e+00 1.199914457517184535e-01
4.623127099028810916e-01 2.642273065161798717e-01
-9.381724249482423783e-01 -1.517589373955752219e+00
-7.418112144004356256e-01 2.548745791604272615e+00
1.685711825094134975e-01 1.143323524943767433e+00
1.127095564227788671e+00 1.724388934611445157e+00
-6.232349274117037208e-01 1.273053034077857859e-01
5.662271788836710229e-01 6.457212334038732460e-02
-1.836996238652031987e+00 3.409753311834812783e-01
2.509657724837697224e-01 8.467468810717735384e-01
1.254587819718200326e+00 -8.426370996610703656e-01
1.274923192519683113e+00 -7.788569044575431866e-01
7.885051897140293864e-01 6.311081240121478586e-02
8.335886531781355746e-01 1.081172182048690589e+00
-2.057526040931682232e+00 -7.115287061398474222e-01
-9.446455932684258983e-01 -3.324135352014885303e-01
-3.657254582158762646e-01 -1.282666977595698921e+00
-7.858709155401406576e-01 6.647589707296484018e-01
-1.805508885196323021e+00 1.506024253052766326e+00
8.435846377712905575e-01 -1.284126898548746398e+00
6.415836680820665716e-01 -9.777960642856495799e-01
