-1.910222426188948885e-01 -1.107986802312156627e+00
-9.473090663586761773e-01 2.936023357087799712e-01
-1.847503355624667554e-02 -1.338577333741878747e-02
9.746779828307943205e-01 1.350773363839089081e+00
-4.748979796460484071e-02 -5.289245187987831054e-01
-1.949094704101233810e-01 1.361507215545019633e+00
1.332389362729486271e+00 1.064511508831659459e+00
-1.223419232855318395e+00 1.784531121779371343e+00
5.584261136495708433e-01 -1.765162983933652008e+00
8.737332683347550644e-01 2.141353253078389862e+00
