1.961260830908625685e+00 1.432158763163882575e+00
1.802138935544809861e+00 1.834206425313136934e+00
-1.380439599840249887e+00 -2.524400828923455631e+00
1.125554136531580207e+00 8.030396864163089621e-01
1.578753402850530785e+00 -2.038901917549377885e+00
-4.627707426407827451e-02 -1.488283386486638493e-01
1.572550985265207757e+00 7.104420093652685786e-01
1.241889781611401400e+00 1.302954737067240631e-01
1.952657087999678742e+00 7.201380762103061217e-01
2.317241225159062612e+00 -6.072255658381230381e-01
-6.437226070386199428e-01 -3.942206236123099727e-01
1.535595517659145148e+00 5.936927040722467241e-01
1.482245954930527798e+00 1.199888861132616530e-01
4.623127101819795026e-01 2.642298661544401073e-01
-9.381724252262306774e-01 -1.517591933593744891e+00
-7.418112141224473266e-01 2.548748351242470012e+00
1.685711822299820195e-01 1.143320965332542238e+00
1.127095564505776970e+00 1.724387336146688154e+00
-6.232349271337154217e-01 1.273078630459590355e-01
5.662271791616593219e-01 6.457468297885483877e-02
-1.836996238930020287e+00 3.409727715449977770e-01
2.509657727628681334e-01 8.467494407102515996e-01
1.254587819995300446e+00 -8.426345401015642445e-01
1.274923192242582992e+00 -7.788594640952256620e-01
7.885051894360410873e-01 6.310825276274727169e-02
8.335886529019236324e-01 1.081169622413141740e+00
-2.057526041207005996e+00 -7.115312657771784011e-01
-9.446455929904375992e-01 -3.324109760801272628e-01
-3.657254584949746756e-01 -1.282669537233691592e+00
-7.858709152621523586e-01 6.647615303681264631e-01
-1.805508885474311320e+00 1.506021693797066519e+00
8.435846380492788565e-01 -1.284124338913761987e+00
6.415836683600548707e-01 -9.777935046564651955e-01
