1.380138784539531593e-01 2.346469809048418731e-01 1.550146370067736479e-01 1.286845488409171512e-01 -1.229488963334215840e-01 3.768719602192990292e-01 5.060522692413493145e-02 -6.863340468098645675e-02 -1.041509366569809275e-01 -5.573767963598658809e-02 -4.733705957760881572e-02 -4.600180438879615252e-01 -1.842001754132825964e-01 -8.125627595468630504e-02 1.915411482660255016e-01 7.575899591932627741e-02 6.855174916510106686e-02 5.194123879000100280e-03 2.068950902573853945e-01 1.181193589581901043e-01
2.359709599904492583e-01 2.118863864616959414e-01 -3.183492055833391787e-01 -1.385489848117732285e-02 -4.052949793094798303e-02 -5.998370870393608945e-01 6.640694858858714467e-02 2.427148331794249658e-01 1.248827488165677180e-01 -2.022494700811642565e-01 -1.244971750918867220e-01 -2.822939740738744652e-01 2.432652586884524459e-01 3.160563935097803756e-01 -3.695511118017362207e-01 2.306288980385460818e-01 6.526965526517758409e-02 -3.026567141936156169e-01 2.416815360636505039e-01 -1.038138856799805387e-01
-1.194316245410769056e-01 -2.787982023273519183e-01 -3.530951588450546574e-01 -1.526792056341046422e-01 4.966272144582781906e-02 -9.783353117315294334e-01 -1.951020583814163933e-01 5.120651538935884206e-01 2.204047080139521220e-01 -4.455465831214758810e-01 3.510421935439856367e-01 1.637920050186953691e-01 -3.270694143306475399e-02 2.867480940345629170e-01 -8.556892438275662816e-01 1.096426064457341892e-01 1.448857020919169965e-02 -3.238114487617266835e-01 8.606597945489773138e-02 -1.278537199762852516e-01
-1.756768473251510976e-01 -1.781645469949086347e-01 -1.732434494574728034e-01 -7.833586160247745650e-03 1.303801815603605196e-01 1.770278278252165362e-03 2.916626769270634894e-03 -1.026221142301159128e-01 1.571324919301604339e-01 -9.963258771547843853e-03 -1.260460615516603156e-01 -2.540198648076884280e-02 1.023361812322953063e-01 -7.026836184650969708e-02 -4.524558885373118275e-03 2.296170298294920586e-01 4.835529692421373926e-02 -2.948377087662139573e-01 -1.191104493177862073e-01 -9.566745335058259025e-02
-2.168858500529269040e-01 -1.109941696316844723e-01 -3.000230343430678182e-01 1.655663712283710065e-01 1.135357381043775038e-01 -3.519928210602789043e-01 1.670622123306162443e-01 -4.611574234755653340e-02 -7.035820750805645007e-02 -6.664894555689622468e-02 2.105019682167116324e-01 -1.750490314582346940e-01 -2.110141154228469818e-01 2.745798070520392639e-02 -3.463766191985337417e-01 6.600346511000973471e-02 1.158040445469003532e-01 -2.243324310410507449e-01 -1.237175278156720376e-01 -8.201502595219781200e-02
7.855892618174180331e-02 -3.363204958560127578e-01 6.143942192310299782e-02 -1.112789930693239976e-01 8.791378657637807792e-03 -3.951566812422039332e-01 1.046825495134579426e-01 3.247041420674426915e-01 1.608672713196161452e-01 -4.231907575513142450e-01 2.666373487877840009e-01 -1.155972966729240797e-01 -9.735711248974288079e-02 -6.304170904693571359e-03 -7.201694348905193777e-02 2.043522048244521272e-01 7.898412984143796112e-02 -2.165084618033881747e-01 -3.942575391642885729e-02 5.087314777120572479e-02
-2.193092028263472770e-01 -2.032576500791194174e-01 -3.390160977783562291e-01 -2.112690060270392134e-01 -1.910243698520432132e-01 -5.006648287367678751e-01 -2.257019095235840989e-01 1.152692109391135061e-01 1.295189433626931230e-01 -1.932929649225019753e-01 -6.167374414608067790e-02 4.166863793725665566e-02 -4.127770547346423791e-02 -5.060994904518486236e-03 -2.831584996134656196e-01 -4.405333309327479768e-02 1.254272766090617497e-01 -3.426908790877270516e-01 2.367524554520782781e-03 -8.880070706365747468e-02
5.558298438653636736e-02 -1.014012430751915772e-01 -1.906785828784705317e-01 -9.974162236455112740e-02 -2.350421486128131260e-02 7.155893898769696837e-02 1.297852215922472574e-01 -4.994106650615818405e-02 5.394300775095301620e-02 -4.830388214227567673e-03 1.478995652062598254e-01 -4.101858942577445849e-02 -4.650586113352378481e-02 1.636579179450930455e-01 -1.254351284146651146e-01 -6.883560640746547166e-02 -3.782037066842518919e-02 1.070936293922784416e-01 -1.029824006086486193e-01 -3.457513671745210404e-02
3.054199899078063885e-02 -3.375005091516788958e-02 -1.428626573263382660e-01 -2.054048547391184310e-01 8.317707540852657677e-02 1.203502625074931789e-02 -1.952767966293192381e-01 -7.202311893871661541e-02 1.230726988907704794e-01 1.141035423909298081e-02 3.682672466985190823e-02 -1.762629969602736713e-01 5.686388304199452293e-02 6.070144402967139231e-03 4.231787833230041956e-02 1.614657524064615490e-01 -1.112412382807310696e-01 7.779040608053690298e-02 -1.541046346580790712e-02 1.752066398507631517e-01
-2.081439462752976144e-01 8.897375517963711233e-02 -2.676872135611947368e-01 -1.255719471094390582e-01 3.510537208501997991e-03 -1.241602415022769607e-01 -5.319493904782728044e-02 -9.288041710065976508e-02 -5.105786515695025229e-02 -2.135556485947099625e-01 1.397419756819085757e-01 1.840720885474165791e-01 9.965167287432429022e-03 -1.079427895281638849e-01 -1.311201138735415550e-02 -7.040926395820318318e-02 -9.069126458462184459e-02 -7.144364002377262546e-02 -8.231804988024324365e-02 1.438938853818395036e-01
-1.178442893377339012e-01 -1.160690685925961502e-01 -5.699500446563635775e-02 8.588036149004198150e-03 7.045360344516371498e-02 1.866850917820285505e-02 -2.964721152582726338e-02 -1.898158341011151745e-02 7.613828694930348251e-02 -1.231109155232374408e-01 1.136501345335229202e-01 5.296274726394400306e-02 -1.846286703704785592e-01 -7.373158872611206005e-02 5.588816278722370107e-02 -6.642821761989825546e-02 9.015755776798101140e-02 -4.285540706470214456e-02 1.359325088610511545e-01 -1.569755526994779660e-01
3.221858796283570414e-01 -5.154101556950472229e-01 7.193665687518541185e-01 9.168033200553005191e-02 4.099576669630262682e-01 7.066280206764710137e-01 -4.620801682272449029e-01 -1.655438147246361957e-01 -2.179904582255720313e-01 -1.274661743788486068e-01 -3.639208464594400477e-02 -6.638659295550943806e-01 -7.645323918079540704e-01 -7.720068113880235172e-01 8.021167780283583459e-01 7.387449979377678222e-01 4.018240713114077517e-02 5.240273654742682030e-01 6.389877590147963193e-01 1.116471714757780037e-01
2.400475787181778065e-01 2.726752893521321996e-01 2.511006507656847742e-01 -1.133591401183391550e-01 -1.665575830893942233e-01 4.472732730954893099e-01 2.797015441398395530e-01 -4.454298712660235970e-02 -4.213013582311429112e-02 4.054112362419372562e-01 -1.905097964740441741e-01 -1.276803649946697539e-01 -2.401525971538493592e-02 -3.666205488454267192e-01 3.025372199094752967e-01 7.200877383099604789e-02 -5.788727899040096991e-02 1.532504716457880056e-01 2.935283585911522830e-01 1.504189515573131110e-02
-2.506317414990744119e-03 1.001009528372745067e-01 2.804539934294624989e-02 -1.364832817007847754e-01 1.690606091068336814e-01 2.684304788859495292e-02 1.315096328681629456e-01 -7.336218711772092560e-02 1.098210931955069247e-01 -1.192441563339287358e-02 -1.165393451980728245e-01 -1.858757924863033428e-01 1.728835312045254591e-01 6.980604088965949687e-03 -1.413166169912548897e-01 1.199268308061555120e-02 -9.539531106975948638e-02 -1.489664937302057901e-01 -6.153097159172455505e-02 -1.794859156625237262e-01
1.462059264504192990e-01 -2.162434433920799176e-02 1.310786385919399943e-01 8.985807871945628023e-02 8.238935393089086290e-02 2.129312285781963798e-01 -3.250251098224903740e-02 4.814251826605112083e-02 -1.263254932768844152e-01 1.594447908589363416e-01 9.107243820731200992e-03 -1.130407515847372951e-01 2.347047660206419972e-01 7.677445574302863007e-02 3.311535002183148002e-01 2.383302732287493897e-01 6.934327391202708968e-02 8.820899182542439598e-02 1.378234534636840203e-01 -8.902446482005851869e-02
-1.083089024526347477e-01 -2.298420713367635981e-01 -1.300751311682613598e-01 -2.037149485880752064e-01 7.968740716495834042e-02 -1.691071114501478401e-01 9.003126971913544274e-02 8.491573196198343165e-02 2.043035407711569773e-01 -8.933802521216824277e-02 1.776037051753831530e-01 -2.971142561241695706e-02 -1.148920361562532355e-01 -1.570635235884320358e-01 1.463688936481676306e-01 1.492924887817904112e-01 -6.960438402753547915e-02 -2.345304473833724132e-02 -2.268008898750289298e-02 -2.007156639690678979e-01
4.446808723035914485e-02 2.924712045335398636e-01 1.274254907380150403e-01 1.352615962096860858e-01 -1.405280205000926652e-01 5.110727500740315232e-01 2.352728670864432658e-01 -2.159133230739233023e-01 -2.793354750629573613e-01 6.988824423028436872e-01 -2.181225642540842724e-01 -3.576713199079621375e-01 2.754259191252519390e-01 -4.713577080147823284e-01 6.449203369782330331e-01 -1.312820274522541984e-02 8.520280592342822923e-02 3.577403370531842541e-01 -5.625938412734102223e-02 1.933579862624587309e-01
5.033809385408180015e-01 4.691556759111437103e-01 2.073793511219907404e-01 1.097291638646167265e-02 -1.777087928762968450e-01 1.022364213734172633e+00 1.931601363577718777e-01 -2.802016401640581855e-01 -3.159579801040581781e-01 6.288470285553011685e-01 -1.994035371642462751e-01 -3.068987473908447172e-01 3.933162703854557463e-01 -6.014759231536109807e-01 5.622075544153696258e-01 2.225667971783659160e-01 -2.730166026220993709e-03 5.403277295120085810e-01 3.564853037657482182e-01 2.434741358516831489e-02
-1.269244911503665807e-01 -9.353151097102774258e-02 -2.546307387565204250e-01 3.707460876365310711e-03 -1.036643378947048888e-01 -2.507560575099398448e-01 6.353034978982430303e-02 4.099681334021331586e-02 9.197380023284694450e-02 -3.028485435831968497e-01 1.332330845328337510e-02 -6.173064399610732611e-01 -3.111627445128439459e-02 -8.702043638795298186e-02 -6.620556322305520824e-02 4.409828093088967726e-01 -9.670967396300608754e-02 -8.422284302808535905e-02 7.172871436466962125e-01 -3.121245103291651196e-02
