-1.321806233079744208e-01 9.145178443119654776e-01 -1.260368918219416212e+00 -2.539889666709866378e-01 1.512882592978521679e-01 4.149480566781899027e-01 2.745681954329996510e-01 5.761014918802530582e-01 -8.468988790917428844e+00 7.653225712064105624e-01 -1.492580353088233946e-01 3.510461170638483064e-01 -1.182237612345820033e+00 -1.124692544771117991e-01 -6.922258701857432472e-02 -6.268769870520902732e-01 2.188358707190009994e-02 -1.860794951511665074e-01
-4.567615053443291884e-01 8.217003911712570385e-01 -1.115445806460275691e+00 -5.525594994262650328e-02 1.391740215266703273e-01 3.802469081479212809e-01 2.166432941062164108e-01 4.356425862772376756e-01 -6.228742719102262626e+00 1.287465702735552275e+00 -4.531560426093393379e-01 6.373997882194666342e-01 -9.405486347337086439e-01 -1.837290248540281168e-01 -1.999790659043429730e-01 -1.616432855792560019e+00 -2.465200836724766309e-01 -3.966389059013002982e-01
-2.874222804677401544e-01 8.117881759807663578e-01 -3.647844046341969793e-01 -1.068344083243379927e-01 1.624388952835421340e-01 1.892048393850442600e-01 1.497683254534094843e-01 2.167565011777211337e-01 -3.638700280691963940e+00 1.413750062698459153e+00 -3.344808134305882197e-01 8.324623539850583009e-01 -3.224274547456448814e-01 -1.175468865245424960e-01 9.278214618218604687e-03 -1.370973891646925180e+00 -8.386113041925427267e-03 -1.486227397788814353e-01
3.344897669193067080e-02 4.612795608571613193e-01 -2.772267244744797132e-01 9.404906122679794478e-02 1.211570099190243388e-01 1.690692387216367887e-01 -1.136194157443934788e-01 -5.256358898942107422e-02 -2.493571009676623262e+00 9.299412194977256796e-01 -5.494403980481465943e-01 6.960444288019406178e-01 -1.307577241859386175e-01 -7.886991963486178481e-02 -4.019557809258530318e-02 -9.120634908001583607e-01 -2.781913222447270906e-01 -2.350069316726951379e-02
-1.946082034501605829e-01 2.251299699439771596e-01 -3.914545262071417175e-02 -1.966256012373890361e-01 -1.842161089690040054e-01 2.547572129381787953e-02 6.203599983071926560e-02 1.720378444964175968e-01 -1.448316967196542571e+00 8.081667134171390821e-01 -3.914577956819192961e-01 5.568373468852594321e-01 -2.241389084842519974e-01 4.471425319735890247e-02 -4.762925232910243667e-02 -7.327763556710861215e-01 -8.790352734448643457e-02 -1.833031008153906127e-01
-2.059905261616336580e-01 2.280758762448555355e-01 -1.932606884739196396e-02 -2.020127701403511833e-01 2.022419731652809125e-02 -3.702488836415604445e-02 5.315245192497464709e-03 1.227312286570187844e-01 -8.647525679036007773e-01 6.117043109719794147e-01 -1.145170664155881202e-01 2.349150675904339569e-01 -5.014503055132389642e-02 -6.485089115596399945e-02 -1.520461071596263536e-01 -1.569885972007552533e-01 -2.344995669462846704e-04 9.715263834888326899e-02
-1.723257188126975648e-01 2.369939375795754033e-01 3.266831035163186847e-02 1.151898684414379564e-01 1.491295500740394964e-01 1.020810187339244723e-01 1.572864808226838718e-01 2.797020209176025521e-02 -4.481571067427773114e-01 1.035500622233652412e-01 3.106810389516368245e-02 1.347905682294477658e-01 3.121824361914462415e-02 -1.781055995215040030e-02 1.145353279897941418e-01 -3.686988989939822270e-01 -2.081051253123919753e-01 1.514044811199794505e-01
-2.476296832178234708e-02 1.955518736115669509e-01 1.056526065699124883e-01 3.137356288960652106e-02 2.867963234618479268e-02 -8.897714883215890325e-02 -1.483977962213366697e-01 1.698920431333367786e-01 -4.223343194807597234e-01 1.831604766617247471e-01 7.031702343660831134e-02 4.262148609350257383e-02 -1.558234080479463657e-01 -1.546208453192581267e-01 -3.027779371128084401e-02 -1.184153596342848447e-01 1.587778913670022662e-01 1.557849951373942443e-01
-4.313896034986076933e-02 -7.614652409321578941e-02 7.422037158556404890e-02 8.145220025640131922e-02 -1.874663589399663544e-01 -9.277619906958904650e-03 7.690540007941530642e-02 -1.585586020416725472e-01 -3.485255953194889011e-01 2.339754070117914253e-01 5.137120108998598222e-02 -1.123061550691997479e-01 -2.394814360115969099e-01 -5.629769851668910141e-02 -1.888537304466749722e-01 -1.471170953053061448e-01 -2.035123405101036398e-01 1.806819016937016298e-01
1.189132206007800507e-01 -8.855604343828697711e-02 1.247199174490618567e-01 -1.290260753304080799e-01 -1.177912487251416285e-01 8.063428470115563407e-02 1.799700980738025979e-01 -1.427158250824187846e-01 -5.024838587709845594e-01 3.705575227201395039e-02 -2.502577022498269077e-01 1.245024243179843615e-01 1.081406179968330550e-01 -1.252027360796529876e-01 -1.557786124610934797e-01 -2.201029566186863407e-01 1.727842706724044830e-01 -1.563045898579359383e-01
1.798478215510070366e-01 1.797874297985098402e-02 -3.605480279697951401e-02 -1.020456233586758688e-01 1.750207603033502035e-01 1.919181238179580862e-01 6.205525767002796622e-02 -1.291492688996480342e-01 8.048890757889065606e-02 -7.383915501709129026e-02 -2.259572886334781233e-02 -5.141848484975592576e-02 1.491765917810419229e-01 1.782716832303465337e-01 1.210318525401940515e-01 -2.225252799330103282e-01 -1.129057336120620897e-01 9.543381723253827054e-02
-8.683694237940713101e-02 2.680211743851317746e-02 -1.937513022603345458e-01 -1.613139960867398803e-01 -1.915586242932912908e-01 -1.646547452555116031e-01 -1.633122040711725842e-01 -1.998259990818120752e-02 -2.760176179234581362e-01 1.866909216462447618e-01 -1.819620352810378261e-01 4.529925130990607174e-02 2.187759863833796392e-02 -1.661774118478039630e-01 -2.265042936145397756e-02 -1.768802105110857670e-01 1.692900212180055430e-01 -1.799971511115951717e-01
-4.240066902571437701e-02 1.220243340798726761e-02 6.928413625751211891e-02 -7.606316429369723575e-02 -1.181191970421424375e-01 -7.518038934667337081e-02 -5.216658793886312477e-03 2.022729192644314167e-01 -3.170628388436369516e-01 -2.279487929160689541e-03 1.206812473921207648e-04 1.314563787410306106e-01 6.550969612963672417e-02 -2.153346765548675920e-02 -4.090139390575268236e-02 -2.379276010977502548e-02 -3.755356718781356629e-02 -1.064514076172876911e-01
-2.262255499054862534e-02 2.072300707810517395e-01 -1.580097445858134053e-01 -1.537017307773595742e-02 5.513908903819379759e-02 -1.559315511319044317e-03 -1.101486964515130257e-01 -1.814120341437810424e-01 -3.251808337883525524e-01 1.357888238617696586e-01 -2.223972678881232790e-01 -4.231992692651866117e-02 5.818538672104242582e-02 5.156889144368130562e-02 1.778713875474575642e-02 -2.441936855003639661e-01 7.278536969946902691e-02 -1.527921872185602006e-02
6.556298001132626618e-02 1.297387230226906552e-01 -1.285069538280436685e-01 9.938722973537235383e-02 -8.787561647336104842e-02 2.009182922199658217e-01 -1.423444203700106325e-01 1.661068326901653514e-01 -4.771143490064185810e-01 -2.415192233930893440e-02 -1.515398195880172938e-02 5.899145422336350697e-02 -7.899184694463450007e-02 -1.591869561638615815e-01 -9.916014576719260620e-02 -1.443550599802650714e-01 9.428095070601888450e-02 1.580126116507777900e-01
3.147601837800501068e-02 -1.679572236625023751e-01 9.176194862301131905e-02 -8.290446542249574335e-02 -6.399942785941159507e-02 2.064099710067297117e-02 -9.383022436594092019e-02 1.861466064369357576e-01 -4.600332216220294201e-01 1.428940234377715918e-02 -1.027793823570401915e-01 3.157858707410036297e-02 -1.376789104541475961e-02 5.085637937732857827e-02 1.239798533022828768e-02 -7.285460716323380326e-02 4.802282244286611157e-02 -4.507512653695680549e-02
1.024244497130268883e-01 1.411745071956819197e-01 -1.169031018349402373e-01 -6.088577205829519279e-02 5.161211007006444307e-02 -1.256491711243228893e-01 8.117445128395081588e-02 -3.551052680237298809e-02 -1.415185869219591219e-01 -1.046229998155478180e-01 4.996926600819375647e-02 -3.839552420986788728e-02 -3.640543539451653737e-02 -3.395614042041896624e-02 -9.589316072442930633e-03 2.644054279438668928e-02 -7.791974002324256188e-02 5.215926895978283129e-02
