-1.468196074472945423e+00 1.672296021688507661e+00
1.214732833582675253e+00 1.610317274249763342e+00
1.522707957823086877e+00 6.659133446753841001e-01
1.229539609480793327e+00 3.996541055627197969e-02
1.113242330262667945e+00 -1.227181399764875724e+00
1.120804644936340910e+00 -2.624782467525217378e-01
1.001881753099663541e+00 -1.728550519032654720e-01
1.141960399081964228e+00 -1.729051734666125162e+00
-1.788453332799237794e+00 1.720202609870904453e+00
-1.924626667459045787e-02 1.549408626819555046e+00
1.763135588106665708e+00 6.180231250269669907e-01
3.189590370810585496e-01 -1.184162125605616289e+00
-1.634949149865411844e+00 1.333347768988761173e+00
1.578535417775643657e+00 1.058634187338706178e+00
8.078975987224478184e-01 -3.643439098069115589e-01
