-4.280284620275393026e-01 -4.436352707612597479e-01 -2.867732825843740674e-01 -2.617630405675783201e-01 -7.783210029511463679e-01 -6.839062829845538038e-02 -2.894646442605517400e+00 -1.039122299231037827e-01 -6.114839629658030518e+00 -3.094248373992182222e-01 -1.378194324336347587e-01 3.606591487275272456e+00 1.015507758894115486e+00 4.316475694435213839e+00 -7.344498638500540633e-01 -4.703905288488242076e-01 -3.531152332106481939e-01 6.363393084435715608e-01 5.802068349349632781e-01
-3.243756230401322327e-01 -2.629202831124848733e-02 -1.328257115402436683e-01 -3.961475909199010381e-01 -3.721802833869299887e-01 -1.029554332515997539e-01 -1.081382828528468565e+00 -3.057856547333272501e-01 -1.948397049028466110e+00 -1.234175203487418992e-01 -3.055547577444012175e-01 2.783134731522934668e+00 1.748979959547081464e-01 3.032405508424744323e+00 -2.610629887699120744e-01 -4.969940797772188779e-01 -4.384309680249821595e-01 3.570883154250246161e-01 -3.606213907204034591e-03
-4.391436695904340493e-01 -6.262243321375217386e-02 -7.304996653127800166e-02 3.889080500331947715e-02 4.806334615305192515e-02 1.175690460578629470e-02 -3.394466546028279130e-01 1.290041725655203253e-01 -4.825316280423059823e-01 -1.171994891333130034e-01 -1.689282228559998988e-01 1.358312604447243999e+00 5.796779472230083330e-03 1.603616520364211429e+00 -2.730196584918151426e-01 -1.422423971136168586e-01 -1.402907058472099844e-01 -1.101681040420150609e-01 5.289509475217810119e-02
-1.704072789831245494e-01 -5.645732794391530862e-02 8.276537098852043695e-02 -4.963245708754780716e-02 1.415172918671956381e-01 1.923839854587383255e-02 -7.893613060185886154e-02 2.504791988943900344e-02 -2.153885862639647875e-01 -2.198094166186268517e-01 1.983347171379009483e-02 7.112831461813489131e-01 1.197382433781414013e-01 6.004277024397964846e-01 1.329537220132679942e-01 3.836460158030151335e-02 8.405055966079105767e-02 1.650253283955069317e-01 8.298566646666705182e-02
6.964503962558013517e-02 -5.795750593373416061e-04 9.787599578893893537e-02 -1.472328244335043279e-01 1.010909304946774889e-01 -3.455282740014017223e-02 4.756488825957291833e-02 -3.214751751646098554e-02 -5.217723009542180046e-03 -2.047143776916016122e-01 -2.086934284817127949e-01 5.043353439759048484e-01 -2.177865046810031294e-03 5.350557385046764702e-01 1.562978340809651479e-01 2.594499718855567891e-02 -1.259537659925119221e-02 -1.006528185297084210e-01 -1.532432506037451903e-01
1.142297401192302608e-01 1.501224238347232953e-01 1.052088367895160637e-01 7.367721434367402455e-02 -4.128588325232841749e-02 -8.095052289565343728e-02 -1.910412358373732855e-01 -3.360077913905187841e-02 -5.060487785556282148e-02 1.603586060687798298e-01 1.677057686372188661e-01 4.827032512056092517e-02 -1.598579366399816570e-01 2.030008495718274575e-01 8.245017823190289863e-02 -1.978558482067870050e-01 -3.160051546487679247e-02 8.286134199355910113e-02 -1.814430916289349605e-01
1.602232053937632239e-01 1.827038323898878547e-01 8.597807042230276586e-02 -1.717443876471973774e-01 -1.755258281527183606e-01 -5.800158072953616462e-02 -2.030634718027155006e-01 -6.295675142612863762e-02 -2.276072129618006701e-01 1.848928255175695812e-01 1.239508649355919589e-01 -1.263579136634721545e-01 1.580817760209373146e-01 -6.515317949095565664e-02 -1.229324835972583768e-01 6.390010556744041281e-02 1.696147731167074180e-01 -1.473268754619146415e-01 -1.945082533115663204e-01
-5.452683039991448877e-02 -1.922332166744164239e-01 3.997246719973700235e-02 1.427341269569367133e-01 -1.290488225108665232e-01 -1.555383487604625470e-01 -7.639515518934608673e-02 1.828698691980988889e-01 -1.774958239461129073e-01 1.851416355154197335e-01 -5.616666974417269809e-02 2.514066904003443848e-03 -8.216388024596280037e-02 1.900549775685959064e-01 1.792920604944956420e-01 5.272073653280724692e-02 -1.280478018045475008e-01 2.003715979956380844e-01 -1.563940390330696428e-01
1.305242795054534742e-02 -1.417010339658282270e-01 1.522749593339315921e-01 1.701504018882598057e-01 1.149853814058183210e-01 -7.802931262166715176e-02 -1.316215280861092740e-01 9.669196508694336001e-02 -1.455407029832683774e-01 -4.448465158229875094e-02 -1.909015316037309118e-01 -3.005421205641518184e-02 -1.912181264680611892e-01 -3.597801409853773613e-02 -1.807679572377273725e-01 -4.632276332530384233e-02 5.667978461541975377e-03 1.030047218375997053e-01 -1.380704268883089503e-01
-4.257847863090005736e-02 5.104512570356796453e-02 -1.711134650579270167e-01 -2.691228521458541995e-02 -5.863143400956502549e-02 1.769687043076909605e-01 -2.021384658933656209e-01 -3.982239394935731258e-02 -8.684558400416729496e-02 8.385995943153434773e-02 -7.731634684720459227e-02 -4.893435725981282874e-02 -8.204428067554725423e-02 6.739845420283498145e-02 1.720116795782042352e-01 1.100332597756802366e-01 -9.791660505258301117e-02 2.905514985452078286e-02 7.976600405397468729e-02
8.489222286635847436e-02 -2.893701068514671626e-02 -5.226716623606456058e-02 9.300521543544137959e-02 -3.908206459061190630e-02 -1.084053038285047177e-01 -6.856777161064010750e-02 1.657523605160841074e-01 -2.505787512954385510e-01 -3.647922707871414927e-02 3.865108743683712267e-02 1.958362551541176222e-01 -1.173443016462267230e-01 3.060189339139463005e-02 6.215447974713991797e-02 2.255252347419303693e-02 -2.222244602206434883e-01 -6.902191062422000090e-02 1.161678339638904101e-01
2.253989927469109839e-02 1.062183914459323072e-02 -1.485172286347913873e-01 7.028309425441667257e-02 -2.361659964527893993e-02 6.467102147200876061e-02 5.366068336066071032e-02 -1.150919228617535289e-01 -3.109203653371639398e-03 -1.066678269145878433e-01 1.794527529823609080e-01 2.446399985766065099e-02 1.582571518365315510e-01 1.629625228895129063e-02 -1.143375382167019227e-01 -1.126615929128929258e-02 1.060061982383509252e-02 -2.990878525031766960e-02 -1.503344736319575103e-01
-1.081147888316645045e-01 -8.914225783443768814e-02 9.850771152024240251e-02 1.596481991032134840e-01 3.403725016675748782e-02 -1.879019107659885557e-01 1.000060901166488214e-01 -8.031272332913430567e-02 -1.001430333502774661e-01 6.167614942576468348e-03 -1.048463819793368640e-01 2.235530697025659430e-01 -1.340750119126470630e-01 2.907173200364473326e-02 -8.973440380008761152e-02 1.083846324394490291e-03 2.263647422507233248e-02 5.473694895173776553e-02 1.552619222169088903e-02
-4.658671282037175898e-02 5.292940945403948327e-02 -4.136017524590514249e-02 1.068444837628983735e-01 1.143133450745735802e-01 -8.557955794115215675e-02 -5.735706408239299448e-02 4.874583589700498543e-02 -1.511884523954482584e-01 7.186120852916133561e-02 -5.274724405626524115e-02 1.026809325781330440e-01 -1.439259743609448694e-01 1.422600783160175020e-01 -6.142277816738830887e-02 -1.907096953113602070e-02 -4.222774502738411984e-02 -7.824893583798543661e-03 7.884426706791508588e-02
-7.699336225294542424e-02 5.969676752311449397e-02 -1.775541573988884403e-01 -8.173406480838071864e-02 9.623955484819357586e-02 -1.800129750345349222e-01 4.086071293008236571e-02 -1.909717545819133722e-01 -2.764815697870949898e-02 1.526533832484177622e-01 -1.980473645591726006e-01 3.675690127220056225e-02 -1.732918642607387816e-01 1.764115826425277089e-01 7.197183186354980111e-02 9.357372692367907363e-02 6.434520603603191558e-02 -1.956829166517377594e-01 -1.821927097074541591e-01
4.508781386622273679e-02 1.992526967841495300e-01 1.481835192233584841e-01 7.850162726293910542e-02 8.988513261073100002e-02 -1.100672103581679384e-01 9.645659993204167004e-02 -8.570604427139356940e-02 -1.669030638078331519e-01 -1.773554846763858439e-02 -6.951255015558321926e-02 -1.128921214492570602e-01 -3.113313463925352839e-02 1.813436014762185855e-01 -2.741732639026186330e-02 -2.352090192421976700e-02 8.105464179534968561e-02 1.063938834644382464e-02 -1.475863488805776169e-01
1.605730174286818523e-01 -2.264843438027402955e-02 1.148398621649102946e-01 -4.595324418059433536e-02 1.224241943986779380e-01 -4.500062871567019063e-02 -1.139318960881401943e-01 -1.224349778619386042e-01 1.714118249576381814e-01 3.232820807671323016e-02 -1.818300116000398647e-01 -2.289287127399806943e-02 -1.062779787965565104e-01 -1.415105163188384862e-01 -1.262979993076506768e-01 -1.798772450482367113e-01 5.251215098395514702e-02 -1.301615723980778516e-01 4.462906267153150808e-02
7.101737669893186389e-03 7.358275656760593364e-02 -8.513773870715724001e-03 -1.021887846691640206e-01 1.376568072782761165e-01 -6.739012798929237824e-02 -7.326699471498604455e-02 4.243098497300844263e-02 -1.154701414136382748e-01 1.582223625776961740e-01 1.634079302507144282e-01 4.019195481379930213e-01 1.737386318028336651e-01 2.934520292661976226e-01 -2.369236722531523759e-02 5.331923911794329146e-02 -1.426065669755634535e-01 -8.056040446501032404e-02 -1.726061333373017093e-01
