-1.565065037999658071e-01 -1.333930081497080922e+00 5.527208590293570367e+00 -1.233105666731261763e-01 3.956207991877899038e-02 1.418174195323600728e-01 -3.109623650571360365e-01 1.654200542758876569e-01 5.515482038054476677e-01 -7.860638880096076919e-01 2.720504434220510359e-01 4.299433568787729976e-01 -1.196910533748288152e+00
-4.370817052115032464e-01 -2.645319929509693524e-01 2.045023511659763926e+00 -3.025931706905999885e-01 3.990676632324281492e-01 5.869485255586693873e-01 2.344390361983941795e-01 4.587286984929789813e-01 1.475829657789407556e-01 -2.032038483589271582e-01 5.810960577748047057e-02 2.042928494525761141e-01 -1.846807994975272482e-01
1.468512101532534579e-02 -9.913863354777240067e-02 1.693582681913995414e-01 1.413995010073596792e-01 5.933325833280544276e-02 5.571735873475717332e-02 -1.762363509267596273e-01 1.209378118676071590e-01 6.294467937243081179e-02 -1.804004078734894323e-01 9.249163860142545213e-02 2.014363583832915472e-01 -6.449917072589131384e-02
5.972184388915158931e-02 -8.145313690465226519e-02 2.245652526183611331e-03 7.835917448499127302e-02 -1.948658429798218739e-01 1.372636019851065370e-01 8.952809903650068776e-03 -1.587215173039610849e-01 -1.488865285587853415e-01 5.509095508846557215e-02 1.515613736774872045e-01 -8.634416212923266831e-02 1.804886129747448331e-01
-1.721280678596665004e-01 1.260299852092625905e-01 4.518053183113274196e-02 -1.789109174582788897e-01 -8.437018979420113363e-02 -1.498790321528901959e-02 1.220707499972987914e-01 1.464350881111966818e-01 -1.405261252136651984e-01 -5.665761371357251434e-04 6.169329602866981815e-02 -5.651297657273950809e-02 1.338384096403250623e-01
-8.083943128397678979e-02 -2.102661657223389435e-01 -1.569977826128907406e-01 7.840696689809108222e-02 3.239060141982578241e-03 1.527380561336593723e-01 1.666013351790140151e-01 1.406580138730006979e-01 -1.766813185807383779e-01 8.957912341335198814e-02 8.159323679408091168e-02 6.815824466521930303e-02 7.124625058024179614e-02
1.575147093493164674e-01 2.496828330571340335e-02 1.788527899231129661e-02 9.337106347766405481e-03 -9.599933588217995917e-02 3.698534989606467455e-02 -1.886027882647632603e-01 -1.335774537056932665e-01 -5.505522059146288755e-02 9.812809697165769673e-02 9.061053797962193013e-02 -5.434952932319444402e-02 2.315194619703551601e-02
-1.906896782900233678e-01 -1.537114308606462032e-01 2.786417175992351170e-01 -8.963718296550976516e-02 -2.582977523752246971e-02 3.233136709323029823e-02 -8.231989192274363765e-02 8.002276456865323791e-04 -9.668309892670740036e-02 -1.917165077912997007e-01 -1.253319371935607274e-01 1.520431450998086659e-02 -1.891495264080474137e-01
-4.477058273141956701e-02 -7.616534354489701286e-02 -4.148945335649138061e-03 -1.665119117330690346e-01 1.862961139395029053e-01 5.114420410478898865e-03 1.448289546031895636e-01 2.060692914933802133e-01 -5.963828684070868885e-02 -1.269562623173002731e-02 8.132715042953948814e-02 -2.699506115335910394e-02 -8.594573385410085586e-02
9.760968896848204457e-02 1.499376202384444801e-01 1.884682708899173831e-01 5.497437012022605984e-02 -5.936093109584289484e-02 1.800449316799058730e-01 4.753129175549449664e-02 -1.844582331579989742e-01 -1.631984167308174472e-01 9.548567425550674725e-02 -1.747001436649593120e-01 -1.942885859077411459e-01 -4.893165143377834619e-02
7.647454932396873829e-03 -2.263158187176148722e-02 1.923132582971615392e-02 3.491218918107651809e-02 7.036811802275196037e-02 -2.970425557782473483e-02 -5.644789028254964397e-02 1.947977766626649843e-01 -9.475365696830694018e-02 1.096528486929139318e-01 -2.690487610855481909e-02 -5.609927370637152882e-02 -1.769868286340832153e-01
1.250255855947722816e-01 2.135899410519199321e-02 3.594032522626104953e-01 -3.992075490155944789e-02 1.355543996407449492e-01 -1.123190535024799347e-01 -2.087185079574352398e-02 -7.584061393984020683e-02 -1.606134084567346909e-01 1.452347068694621324e-01 -1.062989503968107818e-01 -1.223250262785725573e-01 -1.717661758573651720e-01
