-1.212923558708152605e+00 1.227113951831009464e+00
8.207577809217153630e-01 1.814794995426268542e+00
1.601244840769295408e+00 1.511559415527638506e-01
1.418474680762009221e+00 1.606410457751565601e-01
6.938644257914730051e-01 -9.163923928179154021e-01
1.238499074623883311e+00 5.597910628353361395e-02
6.992274756008169945e-01 -2.111488434970222941e-02
8.374551430805294849e-01 -1.270224731537331619e+00
-1.143760135722884153e+00 1.427435060944039824e+00
-4.116331370954007807e-01 1.667370722433808794e+00
1.391738724597569643e+00 4.030387320291749509e-01
5.424154817496680270e-01 -1.109552991219695528e+00
-1.213730634519416096e+00 5.529555906560980061e-01
1.145754667522921766e+00 1.188695047976904062e+00
5.872737010318119788e-01 1.813321947511927629e-02
