5.509655640751630612e-01 -9.136411420497531077e-01
-1.685865214595410055e+00 1.016911253999130071e+00
-3.738449179633743236e-01 2.385056970505694096e+00
-9.994735278177127036e-01 -7.575500974424438372e-01
-5.033454976397919722e-01 -2.105588025022998355e+00
-5.585165281576262020e-01 1.457479443175248912e+00
9.862300180566040408e-01 -5.031321023472080656e-01
-4.273739762156280597e-01 -9.913534241871867214e-02
6.110101763344050196e-02 1.725631711280313230e+00
4.659482563980056891e-01 6.076330186508788200e-02
-1.896778294132201337e+00 2.551529510783851595e+00
-4.287771115627355134e-01 3.999600042736964900e-01
-2.052071255858640697e+00 -6.064767810644073887e-01
1.410893250124536813e+00 8.313005626940270787e-01
8.652276462011965208e-01 -5.840593607331047155e-01
-6.152841524364652814e-01 5.386248413635231769e-01
1.218122074534103261e+00 -1.871734684303348328e-01
-1.830927072410145406e+00 4.091982152422070085e-01
-1.259939414606917385e+00 3.259600020789110153e-01
8.476628467677146395e-01 -1.212382442651304792e+00
-1.749914188948034521e+00 2.524494636545757231e+00
