1.460915783075654104e-02 6.765361812353980486e-01 2.758185519224076288e+00 1.357094824878662509e+00 1.461739019073020840e+00 -2.298486775684093764e-01 -1.647769378927212147e-01 4.872919445756159207e-01 -6.135947249076642684e+00 7.164390308327152068e-01 -6.404099004033191322e-01 -2.269596311867001781e-01 -6.464680014659915375e-02 1.479063764291455030e-01 4.858242643774935421e-01
-2.067523445844453855e-01 6.507280950060967406e-02 1.489746774212575842e-01 -7.898279145536274415e-02 2.184281208155744725e-01 2.397091792621536266e-01 -5.016630718261835264e-01 -1.790555588686173760e-01 -2.376981351863208136e+00 -4.678289575542531331e-01 1.437445758275259500e-01 -1.135525588001406599e-01 -3.923534593336486243e-01 -2.696903277391703990e-01 -6.332324178974200191e-01
-7.925073068459317915e-02 -4.949942271248123499e-02 3.883883637680224932e-01 6.525367695013249659e-04 1.316582681089275841e-01 2.196648054014835316e-01 3.401356082961886629e-01 2.724178163724961799e-01 -7.513520286795897229e-01 -3.111968539182739801e-02 3.000055491710191813e-01 1.821228374568298336e-02 -7.425486844321360635e-01 -3.456151684321210477e-02 2.801488927624045111e-01
-3.179084926530519883e-01 3.094394322709484446e-01 2.069116821766287806e-01 2.001479939005665343e-01 -4.834849632706895162e-01 1.616328619308129710e-01 7.117087559932416818e-01 3.474119426536952937e-01 2.404184367197158334e+00 2.332074117899058940e-01 6.064660467241476116e-01 -1.982534614867284550e-02 -2.367784158245128667e-01 3.645161519191219557e-01 3.938482420733154798e-01
3.204607971259622601e-01 2.782149746287349568e-01 -7.469147341791712580e-02 -3.073191875625365388e-02 -4.260950434789218533e-01 -5.747397837753005501e-01 -7.013298653257317161e-01 -5.377021109889149608e-01 1.414874344354597024e+00 -1.689774368866088505e-01 -7.019147724110125219e-01 -5.410498290364559315e-01 3.604637217393677484e-01 -1.417911260918594263e-01 -1.222104864600925822e+00
1.015027495019296955e-01 1.021952516073898337e-01 -3.887152356496456074e-01 -7.544240316083982156e-01 3.878537082175174122e-01 2.119524359637587618e-01 1.810899581939258429e-01 -7.642941391274821195e-02 1.696039942926695909e+00 -2.607785764755854996e-01 5.757948012410091243e-01 3.787550441112296773e-01 7.106732777948494839e-02 3.221801991379815572e-02 -3.651279691631556523e-02
-8.079288397701608893e-02 1.166789170033138562e-01 -2.857531646493017274e-01 -2.168063663199012725e-01 -5.083871147589014844e-02 1.581590786038652163e-01 -2.235225782594930238e-02 -1.251698908904653185e-01 1.332205571940821454e+00 1.775251587232575812e-01 -5.825614155972319574e-01 4.345980396867058504e-01 -5.660903798610898985e-01 -4.873990807875761000e-02 -3.087839045068566102e-02
2.095900965012371109e-01 1.390336145003894797e-01 -1.125430516457175179e+00 -3.488975520001130204e-01 -5.436663801251383488e-01 -8.080593891582720234e-01 4.604565143805765259e-02 -9.178418728177573094e-02 1.659285708672841642e+00 -1.673960461420695711e-01 2.756837925120753097e-01 -9.284691564327164637e-02 -4.497541141274596921e-02 1.827618266727800145e-01 -1.954720154567997747e+00
-6.214308164578045135e-01 2.300020271776567760e-01 -9.148823029452873845e-01 -4.497066784250659532e-01 -1.233354745193987051e-01 2.564849522634879975e-01 3.992714236862717619e-02 6.071838384362915342e-01 1.716647045890543621e+00 2.037895808283100296e-01 3.052749095188503903e-01 1.280944182102554951e-01 1.699991732576076608e-01 5.782403558280303502e-01 2.361797894047058255e-01
1.950824880117335014e-01 -1.940951509905257943e-01 -3.711204212703731464e-01 -5.020855243515769395e-01 1.157207236507509507e-01 -1.768283520223301042e-01 -2.034763975297418093e-01 5.426727075239582559e-02 6.430567886855272919e-01 1.826583064297649384e-01 -3.232034396280354938e-01 -1.461917400129701672e-01 7.510108223445606246e-01 -1.026974009193136125e-02 9.368974618532279752e-01
-3.061680022087243103e-01 -1.120095971166072540e-01 3.662363895520998613e-01 5.512568111730632436e-01 2.378873632246983616e-01 -1.447464026669036674e-01 7.527051651103930929e-01 4.729518967914843053e-01 -1.905700841658696465e+00 6.709473221721892755e-02 6.978052076637792922e-01 9.254557468999746739e-02 -5.678282229661195668e-01 9.720519326179422048e-02 5.597629238826625775e-01
-1.840065709161312069e-02 -8.544722556349954035e-02 2.316419958859621542e-01 3.017842972389989664e-01 -6.006399835012661281e-01 -2.799548376478410705e-01 -6.550502947729982539e-01 -4.696655207175762792e-01 2.217464132296453061e-01 -3.288598950065764748e-01 -1.933935715121491428e-01 -3.025843732700357336e-01 2.312212822314105645e-02 -1.698667556892748676e-01 -1.442814642354562693e+00
7.910419300326829162e-02 -9.016181293157198018e-03 -6.089506875199128810e-01 -2.722409447371166857e-01 -5.429375033194441258e-01 -3.482588273064210482e-01 -3.284771581942223517e-01 -2.272128399967832391e-01 6.391994034348671416e-01 -3.113246594950458968e-01 -5.762783628203690389e-01 -3.835091334988380840e-01 -6.781600886500242786e-02 -2.628269202243223579e-01 4.081722057117615626e-02
-2.147549392374460131e-01 1.839897277767742756e-01 -4.641576408447558033e-01 -1.773523835557375417e-01 -1.372462945978840387e-01 1.164084510038756598e-01 1.126022633607856316e-01 8.182729497161105037e-02 2.192123810705438047e-01 1.190905579077814608e-01 -2.310895348888120093e-01 1.171867415346606045e-01 -2.670953852798820805e-01 2.117040618745946734e-01 -3.609909456352565771e-01
