-2.676150218267768222e-01 2.734313862057794475e-01 4.388626728141242772e+00 -4.093374540680874141e-01 -2.119290095954795006e-01 -2.495876495177230259e-01 -3.916710394720202548e-01 -1.376274220068904319e-01 -1.736221502647146697e-01 5.017470390562718263e-01 -6.883009060967566484e-01 -5.925229675899811310e-01 2.896856905980855768e-01
-1.703814658251910918e-01 2.933182918069559553e-01 4.430862198041241040e-01 -1.106976592605927873e-01 -1.877714739888061979e-01 -1.297919361413778505e-01 -2.273308134791710566e-01 -3.527783957399142634e-01 -2.372396041519521659e-01 3.096409317257627358e-01 -6.893568837808198291e-01 7.085207406109983452e-02 1.671526586941735615e-01
-2.049949147121443369e-02 -4.079104057210829887e-02 1.184611842750760841e-02 1.171716711173182712e-01 1.481637946375489456e-01 1.112591479243234538e-01 -1.124708255133643198e-01 2.003410591749921477e-01 2.329079024712278276e-02 -6.927658881817291836e-02 -2.086007998229688978e-03 1.795168837427998099e-01 -9.154123303633245404e-03
6.251234164081828637e-02 -5.621265011768940278e-02 -6.831015437007342816e-02 7.857027652706449761e-02 -1.994305146152008101e-01 1.206680424993213097e-01 3.201803839539088016e-03 -1.790286395175385570e-01 -1.721422091940822408e-01 7.718135689285565704e-02 9.466743503974232865e-02 -9.375588688222805112e-02 1.994105396758065751e-01
-1.652106701690770618e-01 1.498977006724075689e-01 -1.264966222413603340e-02 -1.684456886604200343e-01 -9.027928344816964212e-02 -2.351092577239055972e-02 1.164867807797024812e-01 1.326647635251893553e-01 -1.577994972111216865e-01 1.577614726838879808e-02 2.937245372123636553e-02 -6.508598765948188369e-02 1.531265991251403447e-01
-9.243143029447094261e-02 -1.863901868530880301e-01 -1.359239655565041005e-01 6.805370513233240104e-02 2.309074857967537489e-02 1.748447658586642361e-01 1.719603793231188615e-01 1.561390695632475789e-01 -1.919825596806530588e-01 1.122998562670408096e-01 5.551064381780181772e-02 5.986624793213717044e-02 8.903301246334008323e-02
1.474597819965437484e-01 7.425482578242398324e-02 4.738501312251523767e-02 4.322415139440516016e-03 -1.175784158761998266e-01 2.581451699366057659e-02 -2.009705310661079325e-01 -1.547366578384393176e-01 -8.707526740702292711e-02 1.517232737580286317e-01 2.731573821712374520e-02 -7.202127192729938787e-02 5.564902377827916913e-02
-1.890231312087666538e-01 -1.272644035273712282e-01 2.594928903516121044e-01 -9.043164546728535425e-02 -4.236243016894794544e-02 1.472921957563976154e-02 -8.674373481342655123e-02 -1.692581037293173010e-02 -1.143402586336213361e-01 -1.681871342069502229e-01 -1.585308187095929855e-01 4.873230831724470642e-03 -1.682384965779056829e-01
-4.275492454355365318e-02 -6.538456099858500070e-02 -1.900202238264621021e-02 -1.623372830176449955e-01 1.632902844327403791e-01 -1.284379703868586409e-02 1.341858689375532432e-01 1.862625337771629808e-01 -6.757276981181839504e-02 -8.161270961363181319e-04 6.387747165419813133e-02 -3.312523340975565694e-02 -7.354596416783949764e-02
9.225652452746849197e-02 1.600603712712440063e-01 1.981569066206482765e-01 5.017095972005152643e-02 -4.984442192969299606e-02 1.887762768348593134e-01 5.595088070459292018e-02 -1.739110188180073013e-01 -1.683632466329686717e-01 1.032930344272953715e-01 -1.824342631009936433e-01 -1.988582048470751151e-01 -3.925162807359045686e-02
6.310634102251431142e-03 -1.759315547817315306e-02 7.390623516471331658e-03 3.323705216650302968e-02 7.165898327695652270e-02 -3.231875679819834479e-02 -5.347752241832064851e-02 1.931878825382409848e-01 -9.934925774916458785e-02 1.139105529683363816e-01 -3.726092741619807525e-02 -5.994470537082526723e-02 -1.706718448853049852e-01
1.312584494354883946e-01 1.015936179397037425e-01 2.758026583479269433e-01 -3.289481638241060352e-02 6.995506695374542616e-02 -1.626951703457770737e-01 -4.742509356130693993e-02 -1.333449762141431794e-01 -2.059189025678340168e-01 2.191405922703453246e-01 -1.816007449790711659e-01 -1.499794660562900617e-01 -1.126730421998681508e-01
