-1.703758903960625126e+00 1.191812218558419900e+00
1.672373487675933523e+00 4.897073053957105571e-01
3.554289487805611381e-01 1.071635189943130229e+00
-1.624094929891779948e+00 9.172689770578541513e-01
7.442016356716416592e-01 -1.455501448041079282e+00
2.607145669720294379e-01 1.149203363670740607e+00
-1.032619593345263098e+00 -1.753492520620274941e+00
-1.586559675056838925e+00 -7.014406660270380289e-01
-4.629628606731839291e-01 1.406810966910737370e+00
-9.035116593057071488e-02 1.124949533554711945e+00
-1.056209827834099890e+00 8.670013727784109392e-01
1.904980040078284809e+00 -2.750018114267712699e-01
1.449115804180742817e+00 -1.707029172923216542e+00
-1.689345118337483687e+00 -1.913758465369730377e+00
1.440325602590571297e+00 1.398184451566846676e+00
9.819044395462130925e-01 1.461307221433349568e+00
-7.903914882628635397e-01 1.164274866509056761e+00
1.533075410799993321e+00 3.994568737431045680e-01
1.194759932845531392e+00 1.270404938074058965e+00
6.206771849996450818e-01 1.267722485267640753e+00
1.581359637902848725e+00 -1.070838498249373494e+00
-1.172784474488977935e+00 3.959703121040192286e-01
1.526288576694482924e+00 1.337781149035814909e+00
1.268211853781649801e+00 -1.308564786382458767e+00
-9.433066956018227867e-01 1.813370333424622061e+00
8.987219808251620812e-01 8.727735370114966251e-01
1.375491959039514711e+00 6.461290929256373605e-01
-8.270284069249249637e-01 1.600967866682727170e+00
-6.766479312093072185e-01 1.714855438607315818e+00
5.907479592785931377e-01 -1.150713831741877247e+00
1.422879509152364719e+00 1.249298298800484375e+00
1.531355342307771927e+00 6.576248988883168778e-01
-1.419649191273057109e+00 -1.635976059248431369e+00
-1.471643077343011363e+00 1.722372903010170042e-01
-6.553470512129738745e-02 4.100304737798418087e-01
-2.198652976821844351e-01 7.921663659786990497e-01
1.576595259963534112e-01 6.712486377684880878e-01
1.422401224121977004e+00 -1.727387220780258303e+00
1.397820885386411582e+00 -1.044184203361659957e+00
1.878683003971465038e+00 -2.405505134953059843e-01
-3.328035336375517739e-01 1.938339973772220226e+00
2.269624989021370443e-01 -1.753699758636027450e+00
1.570597241713613812e+00 -8.297485626609757414e-01
-3.942354139708031946e-01 -1.413777994750182287e+00
1.978842091419238836e+00 4.972490192003526377e-01
1.616576610914735479e+00 4.091507736157629083e-01
1.453903266427600371e+00 1.563874643874180403e+00
1.830162358204621587e+00 1.031131823121752777e+00
1.811772913768980864e+00 7.369104223002709286e-01
9.604350197987334692e-01 1.632859380240485603e+00
1.769655431991258077e+00 1.845817895854697799e+00
-1.984565813673805135e+00 2.692160759495451083e-01
1.842372684435591434e+00 6.664056985378685738e-01
