1.704856079826156390e-01 2.725304569601079696e-01
-1.502534543907588782e+00 1.840227842623744392e+00
1.851255055295308427e+00 -1.342564851833280448e+00
2.987332504284173629e-01 8.323612696780150477e-01
9.723916442277011907e-01 -9.826930822710154556e-02
1.129901769380316168e+00 -7.836966510921543616e-01
-2.491298672393157387e-01 -1.212464274064506964e-01
-4.988634795890750651e-02 -1.306521147681376283e+00
5.505910744072691765e-01 -1.019273486426507835e+00
-6.180380166061665292e-01 1.734550469431395348e+00
2.095874806520207745e+00 1.351086374508666532e+00
-2.385938484227190681e+00 -1.454626443567773597e+00
-4.403247939953300327e-01 1.178673154444389359e+00
