-2.823552403720540616e-01 2.474699687322801933e-01 4.388626728141242772e+00 -2.625046240426651134e-01 -2.499611063295833213e-01 -2.884822311704720588e-01 8.345791471584081966e-01 -1.659439574117264893e-01 -1.872191354210737124e-01 4.916110550668801316e-01 1.562778328509587311e+00 -5.914468559305510187e-01 2.926944152618523032e-01
-9.109668245556484800e-02 2.898818184601491543e-01 4.430862198041241040e-01 -8.492052481482638415e-02 -2.082927517158211228e-01 -1.542590255620271689e-01 1.008883262077436421e-01 -1.703414360849969389e-01 -2.439295748756400706e-01 3.055281362599618356e-01 3.033996054970383160e-01 7.178199291734883858e-02 1.689434130996480266e-01
-1.783880543756212467e-02 -3.999990381420834296e-02 1.184611842750760841e-02 1.032081862195191185e-01 1.426883292279738646e-01 1.060934244156350320e-01 -5.033965488056416082e-02 1.910463214716300318e-01 2.126051341754838994e-02 -7.057961208166387002e-02 8.258537136062056583e-02 1.796279912938894552e-01 -8.741395340337245259e-03
6.645800386674292903e-02 -5.694397172206248914e-02 -6.831015437007342816e-02 7.979390856564440304e-02 -2.006602495433344180e-01 1.190276082639227517e-01 2.440977172375637799e-02 -1.630199303771599217e-01 -1.725116828904934285e-01 7.694417628448897706e-02 1.628733313121294990e-01 -9.368262187006604069e-02 1.995261566583674540e-01
-1.607261493763733062e-01 1.496134558306506934e-01 -1.264966222413603340e-02 -1.702007480905784464e-01 -9.084357442110267689e-02 -2.433866384973566721e-02 1.207348139579779989e-01 1.435323346869687988e-01 -1.579552835837254032e-01 1.568716905496144592e-02 7.529372204168560678e-02 -6.504480489410839616e-02 1.531832224701394074e-01
-8.949016972323206587e-02 -1.862306994858140552e-01 -1.359239655565041005e-01 6.818019511647097075e-02 2.230231864338693207e-02 1.739388767830883920e-01 1.810892816385576976e-01 1.626369348399304693e-01 -1.922451419289792907e-01 1.121519444516808905e-01 8.201938216292212203e-02 5.989855495292244203e-02 8.910018882975846710e-02
1.541703307248398214e-01 7.424566291648564131e-02 4.738501312251523767e-02 2.396014597403317049e-03 -1.197855496861085084e-01 2.341192453408149493e-02 -1.740518549837366258e-01 -1.431551696408372432e-01 -8.783573775248278148e-02 1.512514131952225060e-01 1.219545010665662454e-01 -7.194426797158570697e-02 5.583069348695680889e-02
-1.860579845552021439e-01 -1.272833223726095031e-01 2.594928903516121044e-01 -9.025035632170323729e-02 -4.324784330982306413e-02 1.367105189026094660e-02 -7.073995267177277113e-02 -1.024211824975345547e-02 -1.146281808294180027e-01 -1.683564390421087575e-01 -1.191769654803041673e-01 4.913615563991124285e-03 -1.681611101099449168e-01
-4.017865336351422734e-02 -6.535367682151038693e-02 -1.900202238264621021e-02 -1.622208769463732436e-01 1.627515602234489711e-01 -1.345009701948762099e-02 1.427222206685178629e-01 1.895703071762996905e-01 -6.775470561083422882e-02 -9.246226340796788977e-04 9.260805469535973722e-02 -3.310442837103901720e-02 -7.350068544302590379e-02
9.260701775717876394e-02 1.599451665848171944e-01 1.981569066206482765e-01 4.966422883218690743e-02 -5.007264260753285789e-02 1.885172398570964525e-01 6.180265118684238890e-02 -1.740609856290583624e-01 -1.684401320600144580e-01 1.032403184830890941e-01 -1.733372279386432568e-01 -1.988491680055615440e-01 -3.923235017741914799e-02
7.333654197835333399e-03 -1.772943571585804123e-02 7.390623516471331658e-03 3.323753644158384396e-02 7.145140455691588455e-02 -3.260523170698417794e-02 -4.690719787169581045e-02 1.949935561222495006e-01 -9.940977740754877723e-02 1.138723500745783823e-01 -2.699209905880493171e-02 -5.993136300593168014e-02 -1.706518746040630585e-01
1.373505517460391068e-01 1.014264155899265302e-01 2.758026583479269433e-01 -3.427994249756397688e-02 6.744831678965645949e-02 -1.654236904255649843e-01 -1.437394449950687124e-02 -1.211584357841105769e-01 -2.067828178637464431e-01 2.185954849849515713e-01 -8.597647162004563859e-02 -1.498920280549673745e-01 -1.124667254344252493e-01
