-2.859440038968448228e-01 -1.143946418527862718e+00
-1.042239101003160417e+00 2.577142032869191857e-01
-1.142963757471937986e-01 -4.342427865772648110e-02
8.797561989045473707e-01 1.314813953839900407e+00
4.749323881477679477e-02 -4.935015938240636113e-01
-9.997785758160784852e-02 1.397378931444295258e+00
1.237466458291111016e+00 1.028562213729494301e+00
-1.318358894965869776e+00 1.748719060178537843e+00
4.635043523716220193e-01 -1.801122600149357433e+00
9.686550296309999197e-01 2.177312869127255190e+00
