3.132641260685388729e-01 -5.773127986811451562e-01 4.379402248891571814e-01 2.172656052052140685e-01 -6.937537990747919547e-01 -2.941734623415706573e-01 1.939518491153254531e-01 9.475411835452655085e-01 1.850772060821432419e+00 -4.375574668108090370e-01 5.232972692776487467e-01 2.328965962753305474e-01 1.002304187391877877e+00 7.662470844954267779e-01 5.818451657957399714e-01 -2.588815597566189175e-01 5.339175526202373234e-01 -1.589528914132859239e+00 -2.714254663291238989e-01 9.000883216883760474e-01 4.438663501640520148e-01
1.331553538584031582e-01 -1.766206898100489142e-01 2.762321243641062130e-01 2.856652989825084199e-01 -4.057489649929680864e-01 -3.134541218355733627e-01 2.762733905426962289e-01 3.084443092522483609e-01 8.679752327567441528e-01 4.053119211589838872e-02 3.451828113569826995e-02 3.862254496443214280e-01 9.221269014062588587e-01 4.229825182339981837e-01 1.118819192453124889e-01 -4.100431113528875127e-01 1.243551443015984970e-01 -5.915025225144335819e-01 -1.963276229652022864e-01 2.960317509698111027e-01 3.719802984872659923e-01
1.574054582852083550e-01 -3.468148542512450860e-01 1.650454895441213210e-01 -2.456451897969709128e-02 -1.649389481084648779e-01 1.770701113922025158e-02 2.236987246702003829e-01 8.565055423199113838e-02 6.657258962508816671e-03 -4.270665048660379770e-02 -1.435334384868459656e-01 1.458992918592851296e-01 4.905327648348481451e-01 -5.480059502604547883e-02 -3.894881009288028717e-02 -1.689043282847141891e-01 2.151684575269473265e-01 -2.372130531429005873e-01 1.398931823520712103e-01 3.307924179931782949e-02 1.260254217032290985e-02
-7.028094029628118022e-02 1.326001431021223143e-01 1.875198700437850363e-01 7.455409917526441277e-02 -1.636424877352265772e-01 1.914315132121509333e-01 -1.452430781119568304e-01 8.831065305918815722e-02 -1.892114030000159250e-02 1.465995641396531102e-01 2.081258933844213344e-01 1.463536706055987291e-01 8.142271743033191803e-03 -5.779876978816383959e-02 1.280374757268238073e-01 -1.083000598510579504e-01 -1.044569672654328298e-02 -2.106918946217744004e-01 -1.597215774979536540e-01 -1.426098029679125079e-01 -1.431117791412219453e-01
-1.675863085081502335e-01 -5.707551614945122892e-02 2.718526375149147092e-02 1.000939283922373663e-01 -1.653888950854873197e-01 -4.551201049849485508e-02 5.633730440569657827e-02 -1.327729637667539597e-01 4.355302517644594335e-02 -6.399929824721742322e-02 1.971715594971569230e-01 -1.621671130622390211e-01 1.227918251059239782e-02 -7.589383687408218782e-03 1.069138019531847006e-01 -8.651058907491408767e-02 -1.109295757256859166e-01 -1.103115920000218714e-01 -1.567838217969890618e-02 1.985271089167816860e-01 1.354900004253600521e-01
-8.553109997140387333e-02 1.721424849608341190e-02 7.882411541581058056e-02 1.252068196597602989e-01 -3.171376512774862905e-02 -3.932464868060603358e-02 1.122930591412647089e-01 -1.847398193527911500e-02 -6.733011628324084286e-02 -2.330765986467572826e-02 1.834444201222636961e-01 -1.390833682505750735e-01 -1.844390613199724293e-03 6.773192221633868304e-02 -1.497554721744682798e-03 -1.228627193986478183e-01 -1.958401169525809393e-01 6.921238345601002373e-02 4.302015688301782936e-02 -1.883001553503652614e-01 -7.312867976283433935e-02
1.105778600688793190e-01 3.892913620834220767e-02 1.934720301999470760e-02 -1.274482667133638170e-01 8.360512760884009076e-02 -1.534896712927634119e-02 7.734912969526284987e-02 1.206684223582970422e-01 -1.025805802383544796e-01 1.070264868407964087e-01 -8.737284296603065048e-02 2.009124491559082237e-01 -1.274014169790389506e-01 1.539883598273828202e-01 -1.761786523653500747e-01 -1.046585627621230835e-01 1.349495883474909931e-02 2.397000583969982265e-02 -4.582734513027278411e-02 -1.501917124378852608e-01 -1.006773667773731423e-01
-8.494957449011245054e-02 9.322419269652804097e-02 1.639465717039754189e-01 4.487257190515239053e-02 -1.848312252141669776e-01 1.098875842099206190e-01 -7.534075569471200551e-02 -5.181911427397826314e-02 1.405272553161823236e-02 -1.006614801164558565e-01 1.690012763101731430e-01 -1.291979011184032633e-01 -1.605053787472062246e-02 -8.424715180765569855e-02 1.425315976073672844e-02 2.395356838305153988e-02 5.399798333714320858e-02 3.794873329709601241e-04 -3.793220681648432763e-02 6.217008225998635340e-02 -3.914677714466611308e-02
1.125592823828041045e-01 1.121129599616110251e-01 -8.210624042416718449e-02 -4.783564905849631982e-02 5.025292888051802187e-02 -1.429708924760798583e-01 8.005292034869891660e-02 -4.288225064842513673e-02 4.191707668495509020e-02 -1.465054725614195197e-01 6.922846244199235000e-02 -5.637378941794220222e-02 -4.174496604381236660e-03 -3.210599707983460144e-02 -6.729408352590138601e-03 7.569033350075268785e-02 -6.969489808687584498e-02 5.124808589207306697e-02 -1.769154585021473491e-01 -7.246718618090977615e-02 9.978299916952718118e-02
-1.773438586859156230e-01 4.290404593766945773e-02 -1.884415129147055668e-01 -6.200980516653923670e-03 1.532519135883433636e-01 -2.011671172812646846e-01 1.287667508309964411e-02 -1.654281134601305603e-01 1.563375411804239501e-01 7.132266811039446319e-02 9.980852300496384499e-02 7.112208360756225312e-02 -1.855525338677001257e-01 -1.802461875813022307e-01 5.289618051499130058e-02 1.960277149077787051e-01 1.522584974647254175e-01 6.156078380381422438e-02 8.878761264006994336e-02 -1.016726660334981436e-01 1.029922478453312445e-01
-8.263960292846159184e-02 -1.635385045883202271e-01 -1.481448668433119759e-02 -6.105787948922503094e-02 -1.360966183548997510e-01 -3.845685151471332774e-02 1.622100500680916657e-01 -1.766529442190723984e-02 -7.269748714502236378e-03 8.084017085713184059e-02 1.362660087246086657e-02 -1.446886159017685691e-01 1.763846472901883511e-01 -1.751691847629310156e-02 1.204019729741774014e-01 -4.840576252158770160e-02 1.263293406778490113e-01 -6.139758385655441630e-02 -1.145418298418664493e-01 -1.118321263251009640e-01 1.790767395551931540e-01
4.344565612576025554e-02 -1.987052121598213428e-01 -3.988207009058183233e-02 -7.949784349321541155e-02 -1.805520402218231402e-01 -1.496841305045815973e-01 -1.617570570221684434e-01 8.234586610003562235e-02 -7.386155612102421331e-02 3.533314296165997181e-02 5.919455208005938718e-02 9.390752748828098961e-02 4.525415856176315949e-02 -6.540499765404485244e-02 1.667759617413486495e-01 -7.197106140652051454e-02 -4.615434452666023445e-03 9.163615407610400249e-03 -4.515938799293746364e-03 2.164571761345599199e-01 1.946118876045779822e-01
1.774506259224239990e-01 1.611461061548206120e-01 3.451748757048403449e-02 1.298034594646648755e-02 7.683882722645225816e-02 -1.252755423851008021e-01 -8.465572531479952090e-02 -1.646356035847618138e-01 -1.108084249501599394e-01 -2.045155084453522121e-01 6.784104004285552991e-02 -1.359852369493545765e-01 1.411604279738700729e-01 8.050655982417630196e-02 1.982703700619085629e-01 -4.992741227010807220e-02 1.760880610087734444e-01 -3.876199298658205422e-02 -7.090912599948817618e-02 -1.388777064119570415e-01 1.584475181634422691e-01
1.197149005641971325e-01 -7.612939167308187260e-02 -1.691946180701255076e-02 -6.476082954004876158e-02 -1.920442594852683205e-01 -1.853559317745368529e-01 -4.930685937285183423e-02 -1.088537114913207399e-01 2.330606446864579712e-02 -1.265485115257906079e-01 -1.161175878406451728e-01 7.228137629350667170e-02 1.050141889069688000e-01 -7.016485045398448972e-02 1.477754809486321874e-01 -1.015168434051511165e-01 -6.065308495239769837e-02 7.528558665385082227e-02 -1.846845279828814301e-01 1.789828574501444447e-01 -1.683822076200809370e-01
-1.374327789397430076e-02 8.685681785995763571e-02 -1.810568548197502570e-01 1.307603535259597161e-01 1.907368269024826146e-01 -2.169190623184378761e-02 -1.483401552226571718e-01 -1.631661116977822512e-01 -1.539058809605214906e-01 1.061793382364628335e-01 -3.321931857935985638e-02 1.695581290539925623e-01 -1.745391211360255296e-02 -1.670699097419449108e-01 -2.688519904173910721e-02 9.991548254128473916e-02 1.334939293923506631e-01 -1.898665038163989682e-01 -1.304014488210402389e-01 2.233109886922284362e-03 -1.479739905311733550e-01
1.493437006198615191e-01 1.702461614465175244e-01 -6.991734521707150540e-02 -2.383610448107078422e-02 1.899542083116052479e-02 -8.893584055769321317e-02 1.725222218931930437e-02 -1.143190995253948739e-01 -6.911619484130469837e-02 -2.728904412472751492e-02 4.537496063024404336e-02 1.676108539233981190e-02 -8.782824653681053917e-02 -1.025610390609262845e-01 -1.494043517665800680e-01 1.108361354514250247e-01 -1.591472866975020550e-01 8.684319855778466213e-02 -1.018274435757010321e-01 -8.269828984360198809e-02 9.807982185440621004e-02
6.488925397210074109e-02 9.401922190283427960e-02 7.310489964046242017e-03 1.455321592498790284e-01 -1.551862077182703803e-01 5.643913213476991347e-02 -1.512534116566436049e-01 9.876571150218796391e-02 -4.432092198947010925e-02 6.821940583322211316e-02 8.438483684973435706e-02 6.593845634852225912e-02 -1.056799489965922351e-01 1.375174365059650960e-01 -1.018773090586263808e-01 5.454172616010171878e-03 7.140837007603061115e-02 -1.110886496940172025e-01 5.019487237784392430e-02 -8.140095790263340847e-02 -1.284545640818229029e-01
1.246623519595423391e-01 1.800129955641496804e-02 -6.726107526087095334e-02 3.672845553633175691e-02 -1.904912669171773820e-01 -1.503151563079585529e-01 -4.114386651471334255e-02 1.948558130231158869e-01 7.651655374661852152e-03 -1.735127866151776610e-01 1.073420687360346348e-01 1.145817346894913713e-01 1.166548337685608672e-01 2.883909652062709508e-02 8.072694291110875386e-02 -1.167536274439015531e-01 9.394775058698416614e-02 1.222830165282374065e-01 1.028514885623304786e-01 -5.599688730762566319e-02 3.798307573506374407e-02
5.368454919112922163e-02 1.576014638596856254e-01 -1.563249659309647877e-01 1.393206909140460303e-01 1.136472443529622234e-02 -5.547698641416703991e-02 -1.430871389699500673e-02 -1.909525506416805407e-01 -1.102290517277496051e-01 6.067977213082893090e-02 6.466346382483433020e-02 -3.639492194575405406e-04 1.872914653999332157e-01 -7.438054123218266686e-03 -7.205369919618347108e-02 1.371511809918037339e-01 -9.431602975882077966e-02 3.806982229887057728e-02 7.894867627190207959e-02 1.336418745799813068e-01 1.137343685523384829e-01
-3.490442015928593711e-02 -1.957717268080807760e-01 -1.813953226597792012e-01 1.242374521046848423e-01 1.755968663232123916e-01 -8.260010023470501506e-02 -3.852315693285082374e-03 1.184241259864007995e-01 1.093876513165881331e-01 -1.039325430174458109e-01 7.986553963220707764e-02 -6.567299510062644952e-02 -1.563704234822622247e-02 3.176824582497752431e-02 1.090537301854254681e-01 -1.531028868581991442e-01 -1.758994055029903525e-01 4.734830558358016708e-03 -2.033753625959805189e-01 -1.411434788417043340e-01 -1.007498471941234847e-01
