-2.922120635344175876e-01 2.633371782630686275e-01 4.388626728141242772e+00 -2.978603403947051587e-01 -2.825388524762034170e-01 -3.212960394425652955e-01 8.345791629342019791e-01 -2.246217161013220887e-01 -2.092770015946827933e-01 4.916139021656779629e-01 1.562778328509587311e+00 -5.871196196055726846e-01 3.011768570327305050e-01
-9.705611766426701370e-02 2.985185515937583967e-01 4.430862198041241040e-01 -1.077022523053991071e-01 -2.261821566280285134e-01 -1.759363581765110152e-01 1.008883399224000804e-01 -1.557654613071559613e-01 -2.551012149156846043e-01 3.055301240975171750e-01 3.033996054970383160e-01 7.551827403496021163e-02 1.742492960999088014e-01
-1.917907304699115884e-02 -3.772174257738562797e-02 1.184611842750760841e-02 9.858051596696627839e-02 1.380303609929809106e-01 1.018632470903659826e-01 -5.033965326210346203e-02 2.072070887425377927e-01 1.799711777985741473e-02 -7.057925837437031835e-02 8.258537136062056583e-02 1.800751649408481037e-01 -7.610174326570515353e-03
6.606894857014315725e-02 -5.642323284599485428e-02 -6.831015437007342816e-02 7.824294973140419329e-02 -2.017466971401375431e-01 1.175298536180631181e-01 2.440977280687258583e-02 -1.638256698633406561e-01 -1.731449768738440587e-01 7.694431800130901999e-02 1.628733313121294990e-01 -9.338835087283706149e-02 1.998804679483625613e-01
-1.609183524107937191e-01 1.498537306608398734e-01 -1.264966222413603340e-02 -1.709919692631335919e-01 -9.134820806221698175e-02 -2.511145840320514258e-02 1.207348145676530038e-01 1.419741728109051304e-01 -1.582298098965434219e-01 1.568724383476281098e-02 7.529372204168560678e-02 -6.487942505098140411e-02 1.533614532240975548e-01
-8.971286031566298724e-02 -1.858995371863305102e-01 -1.359239655565041005e-01 6.734152304022980595e-02 2.161787863750938912e-02 1.731448834601851117e-01 1.810892821145237419e-01 1.610533443756390626e-01 -1.926808332360366860e-01 1.121520164269333986e-01 8.201938216292212203e-02 6.002837898429941310e-02 8.929694226378699640e-02
1.535713543368391332e-01 7.517014770351840292e-02 4.738501312251523767e-02 1.896628429364790550e-04 -1.216902406902048012e-01 2.134146077575500150e-02 -1.740518538514542468e-01 -1.415154394143310901e-01 -8.908447461334022266e-02 1.512515973242302414e-01 1.219545010665662454e-01 -7.163474950396257757e-02 5.635357508519483333e-02
-1.863155705787618854e-01 -1.269106531851500463e-01 2.594928903516121044e-01 -9.123588893683327872e-02 -4.401989379562245425e-02 1.273282866175916468e-02 -7.073995207613181790e-02 -1.001455938100584767e-02 -1.151093706981084069e-01 -1.683563529312274432e-01 -1.191769654803041673e-01 5.075874224695003240e-03 -1.679316405508210208e-01
-4.032846263746116960e-02 -6.512777582183655600e-02 -1.900202238264621021e-02 -1.627805912105399488e-01 1.622852147943493750e-01 -1.397811675030596716e-02 1.427222209748280068e-01 1.901533554176730312e-01 -6.805516607051689815e-02 -9.245751127280049534e-04 9.260805469535973722e-02 -3.302081678045815094e-02 -7.336893253699726392e-02
9.254316509419054093e-02 1.600408478798641954e-01 1.981569066206482765e-01 4.942470254311698979e-02 -5.027026629581556744e-02 1.882910801922854926e-01 6.180265131993049887e-02 -1.734071740380863924e-01 -1.685671046233076231e-01 1.032403388916230402e-01 -1.733372279386432568e-01 -1.988128521342286403e-01 -3.917609751803542012e-02
7.266245904787080497e-03 -1.764139953923271262e-02 7.390623516471331658e-03 3.296565324150804721e-02 7.126729641637274959e-02 -3.286900605720272789e-02 -4.690719767433805532e-02 1.943992660271738337e-01 -9.951448122739527113e-02 1.138723752535622524e-01 -2.699209905880493171e-02 -5.987777713500051086e-02 -1.705900639835142008e-01
1.366703110991552284e-01 1.024763717331143714e-01 2.758026583479269433e-01 -3.678559454580623833e-02 6.528514020416384400e-02 -1.677749587325466640e-01 -1.437394321380304311e-02 -1.182468814613724106e-01 -2.082012467301473380e-01 2.185956940792666559e-01 -8.597647162004563859e-02 -1.495405696925066197e-01 -1.118729171407858436e-01
