9.430405478032140021e-01 -5.514718885342232424e-01
-9.405827401819433220e-01 2.763358548976231899e-01
-1.650399987121734524e+00 1.627514656542238702e+00
5.773502968361844401e-01 1.843085334244364937e+00
2.467270474161526173e-01 -1.625338377150747915e-01
-4.767096047566832806e-01 -1.384268308810542025e-02
1.194674342096926800e+00 1.475599617891409476e+00
3.732528728588000843e-03 1.122942487611677809e+00
7.430284868852374824e-01 -1.935189210468825527e+00
1.040436437042243201e+00 1.541198131142144545e+00
