1.349455441477044881e-01 2.258951068725237321e-01 1.439558108778465628e-01 1.255782657449124318e-01 -1.251409032976208147e-01 3.477239641293418670e-01 5.036624234250638987e-02 -5.563555910347290495e-02 -9.499564426705978115e-02 -8.470178610802066299e-02 -4.281018608919092555e-02 -4.499461417408828767e-01 -1.814702468236724930e-01 -8.921193528421375585e-02 1.813352056326527351e-01 6.303704957998289282e-02 6.796995675481493082e-02 -3.593729533041130700e-03 1.943274753048003234e-01 1.150988276752242523e-01
2.230220662585273850e-01 2.105687502455538540e-01 -3.329821021090557109e-01 -2.010521229847553673e-02 -5.114337021123906146e-02 -6.011754234595764190e-01 7.422553087456043586e-02 2.607888809442128197e-01 1.414609476902879137e-01 -2.104682798862343440e-01 -1.173998947564817985e-01 -2.598055065042719214e-01 2.620447731348265474e-01 2.881016552790615637e-01 -3.676890673053627157e-01 2.103733396917617238e-01 6.541179246500232469e-02 -3.137479794075264672e-01 2.224126877439880079e-01 -1.120335000369008238e-01
-9.247559937538979424e-02 -2.607313512572375092e-01 -3.504152605678643728e-01 -1.538644390926271754e-01 4.161413720373470515e-02 -9.241158741120792941e-01 -1.832909135338128548e-01 5.069276065155539079e-01 2.204878813774870938e-01 -4.074010766435034459e-01 3.448412274062942484e-01 1.524471018546726953e-01 -1.316496689104027298e-02 2.393675100210811146e-01 -8.234421153586997111e-01 1.085164928436849752e-01 1.674027939316842517e-02 -3.145432059392122004e-01 8.191186915181222772e-02 -1.321556731636677473e-01
-1.636932800110932618e-01 -1.754146919219583267e-01 -1.762799533287955078e-01 -9.144656229124675101e-03 1.269233421271305784e-01 6.686730707014260609e-03 6.975737733982270011e-03 -1.003541777641321631e-01 1.597009690410541305e-01 -1.019744481747990490e-02 -1.276031986094426363e-01 -2.965375137818209578e-02 1.080557319756605961e-01 -8.969245930606546680e-02 2.478584572972506068e-03 2.265898370731042610e-01 4.890121661312846202e-02 -2.945375993167926865e-01 -1.235919735968165484e-01 -9.803846416120882978e-02
-2.116655623280211396e-01 -1.077637088856867459e-01 -3.008156484242420214e-01 1.648424973583864361e-01 1.112568285255048639e-01 -3.423551497953410960e-01 1.698799181957201532e-01 -4.556981743585631489e-02 -6.902835259525261224e-02 -6.079924556516461825e-02 2.097728261070640754e-01 -1.758509399904717441e-01 -2.057746008806460858e-01 1.538434793365609649e-02 -3.400070159238970380e-01 6.393347392891832182e-02 1.162608589422077371e-01 -2.233583597315357272e-01 -1.264003488585112300e-01 -8.347826954192009985e-02
9.357305729997439370e-02 -3.267533176577411269e-01 6.532632766854340467e-02 -1.108824596830698117e-01 6.863825539836836305e-03 -3.652707562487257920e-01 1.089958734070841512e-01 3.193891154928212850e-01 1.584191640307777427e-01 -4.008907765099384846e-01 2.628773443700040402e-01 -1.227996627483429470e-01 -8.900613759586482876e-02 -2.666358694433228899e-02 -5.530641601220152165e-02 2.052551218696785640e-01 8.016363506966346641e-02 -2.096801414316110945e-01 -4.005489572790155162e-02 5.010285526177465920e-02
-2.026801744104209657e-01 -1.935375199075529129e-01 -3.355606650671277280e-01 -2.110122241519839792e-01 -1.934783199680087384e-01 -4.713461514845280753e-01 -2.208173053800659980e-01 1.101580141833571613e-01 1.272893075981282596e-01 -1.718743688606016173e-01 -6.580075543305111130e-02 3.314336174127980456e-02 -3.293818353785150227e-02 -2.714913042197788715e-02 -2.660431100000391624e-01 -4.279813441641550781e-02 1.266364837049981096e-01 -3.359953722933087250e-01 1.866512115431803731e-03 -8.985512942381622403e-02
6.125372188724600292e-02 -9.950210936129061379e-02 -1.919502497388188289e-01 -1.004058051204972796e-01 -2.529004047309593023e-02 7.627102329953834581e-02 1.319431979990115245e-01 -4.896271028717373575e-02 5.523951330418051114e-02 -3.084819806869261438e-03 1.472084435838368899e-01 -4.247813718151891016e-02 -4.281709023825974736e-02 1.532539762038775399e-01 -1.210771745812835171e-01 -7.074262445071967387e-02 -3.748982899824091636e-02 1.075330252131872638e-01 -1.055599491745782825e-01 -3.580581551006183083e-02
3.620262217169825658e-02 -3.302278904644296437e-02 -1.443926269999539491e-01 -2.059698327770724535e-01 8.208248005314275342e-02 1.297150845719211541e-02 -1.939500555559930950e-01 -7.070590332941659173e-02 1.242853222064590341e-01 1.005926698453076147e-02 3.634261966265963512e-02 -1.776108198275984651e-01 5.946605730258591044e-02 -2.645449450300227899e-03 4.495667655088667058e-02 1.592563985064921750e-01 -1.110143905925570496e-01 7.790191225993434165e-02 -1.826588386178706544e-02 1.742884407379901857e-01
-2.010861819113939908e-01 9.292796281021924176e-02 -2.669450039240571226e-01 -1.257286382904078959e-01 2.001707498145930460e-03 -1.124884528677650847e-01 -5.076714571854695768e-02 -9.425439349259989719e-02 -5.132110383022308459e-02 -2.054937073214290755e-01 1.381750765394889613e-01 1.809102541400519903e-01 1.405156650899853921e-02 -1.186583993182076108e-01 -5.902511003775527676e-03 -7.057145336881957831e-02 -9.017874222087410296e-02 -6.911219518198813416e-02 -8.325351408618036908e-02 1.430918196769384587e-01
-1.142592042945298758e-01 -1.141947347522366957e-01 -5.627472104741425979e-02 8.654177413294560778e-03 7.054703833571984717e-02 2.548700982743712373e-02 -2.920861863969441072e-02 -1.973930763112130213e-02 7.580969907564723276e-02 -1.183953609763968989e-01 1.132188334800206114e-01 5.281875251441228020e-02 -1.818182944243232346e-01 -7.928006286767491639e-02 5.972376747282434617e-02 -6.796845061441729452e-02 9.045227246188011772e-02 -4.116571343246995529e-02 1.340947340536026711e-01 -1.570452160853866852e-01
3.346296014493245208e-01 -5.162436244305855793e-01 7.257442625918280044e-01 9.472640806309309824e-02 4.204821989508393809e-01 7.117459106634933530e-01 -4.708055082358988397e-01 -1.711720529070863417e-01 -2.246930250894552394e-01 -1.240615411334110019e-01 -3.665585364093804088e-02 -6.625201562779535758e-01 -7.637715630303778536e-01 -7.712619283339772203e-01 8.044313412509247474e-01 7.317603316525309598e-01 4.059232900850362480e-02 5.323644424267428565e-01 6.315782965946280525e-01 1.168041427080696582e-01
2.279013168329579453e-01 2.600925323441165005e-01 2.423268078486325583e-01 -1.151455543236930557e-01 -1.655119715620882170e-01 4.070492617707710536e-01 2.755631925799028048e-01 -3.362847394845037974e-02 -3.571580532591443757e-02 3.712991308146253444e-01 -1.852287880701594669e-01 -1.170436348873049454e-01 -2.951497810408266337e-02 -3.547285100533082991e-01 2.836314422303613525e-01 6.418941406890743551e-02 -5.912724380977462529e-02 1.435532793766726711e-01 2.869015758971188990e-01 1.437084991484674848e-02
-1.768788648649115194e-03 9.825065380397422776e-02 2.561038447870399998e-02 -1.371309216842418188e-01 1.686185308096048996e-01 2.023779855781998246e-02 1.315108836613931020e-01 -7.063539358747562835e-02 1.116877644963875649e-01 -1.869421692997451367e-02 -1.158114810170019077e-01 -1.845438757750154091e-01 1.734010016072431715e-01 4.344633065778975671e-03 -1.432587900709887674e-01 9.310838269561293526e-03 -9.549411250721399902e-02 -1.506814463207103438e-01 -6.433291052237199992e-02 -1.801310613424456364e-01
1.387358354612454325e-01 -2.868236204736899705e-02 1.260320464299942156e-01 8.878479913311673744e-02 8.274776138875461484e-02 1.903288829657822367e-01 -3.465839942658693190e-02 5.441103841214786629e-02 -1.225527455067762783e-01 1.403659380103123022e-01 1.214786592870595837e-02 -1.068599425587409141e-01 2.316228718884967286e-01 8.368949243211780409e-02 3.204183253145554411e-01 2.340658660861754670e-01 6.863112093230727684e-02 8.253938571270562352e-02 1.342803381101052573e-01 -8.951117104745233422e-02
-1.045094921615801892e-01 -2.283413574186364259e-01 -1.294374761125185735e-01 -2.035961298361048111e-01 7.965934040795676074e-02 -1.644689542245637848e-01 9.053666447551922403e-02 8.401416158013003121e-02 2.037763259107946423e-01 -8.620115864784844151e-02 1.768769005756142820e-01 -3.123488661247522669e-02 -1.133944397011297234e-01 -1.613099474162857649e-01 1.493245755516336426e-01 1.490176557760812259e-01 -6.938022173634120215e-02 -2.205634891584560067e-02 -2.332521708516530762e-02 -2.007420933036923039e-01
2.405762695404021004e-02 2.715704461087961596e-01 1.128085888311872037e-01 1.322888454245562950e-01 -1.393829986207074101e-01 4.429396846590216152e-01 2.289347443485775513e-01 -1.980656536571038795e-01 -2.688289599680005471e-01 6.415223140173705874e-01 -2.097838606974749831e-01 -3.417596070485245940e-01 2.649424750222816316e-01 -4.502552471593507244e-01 6.129524566401708396e-01 -2.414493414223600407e-02 8.307853571399825832e-02 3.412354003515699064e-01 -6.535833184030905019e-02 1.921132328249691990e-01
4.754435182714505936e-01 4.395148274771821240e-01 1.869756427159799395e-01 6.926037228506993181e-03 -1.757608350008651177e-01 9.254952311039691404e-01 1.839526247854592067e-01 -2.553488674721141605e-01 -3.015171681884785682e-01 5.473354075353359383e-01 -1.878511664406241344e-01 -2.852367755191441145e-01 3.779474859362642047e-01 -5.712799277784514906e-01 5.168955950754982043e-01 2.073970568538404391e-01 -5.735686735919538239e-03 5.172797886735212014e-01 3.439392144755117342e-01 2.280481286220171350e-02
-8.807716757502154215e-02 -9.387661885449398447e-02 -2.732809658040331602e-01 -2.571211688221618046e-03 -1.135787753710024023e-01 -2.632033056565383777e-01 7.348029862236415966e-02 5.929558268304082475e-02 1.070628111511290753e-01 -3.317758790985283479e-01 1.270553264928982011e-02 -6.208062649869998673e-01 -1.046100767628872427e-02 -1.558295786115640458e-01 -5.370098546513059345e-02 4.170061195929202214e-01 -9.545242454816650624e-02 -8.950633343227200334e-02 6.887003888296658882e-01 -4.011541936558862126e-02
