2.057680371594238777e-01 2.890528003278911573e-01
-1.553419443514104437e+00 1.823705499267269214e+00
1.799759904048524151e+00 -1.359087195196380549e+00
3.435119332885043231e-01 8.488836130438147665e-01
1.022626960404322771e+00 -8.174696486613067248e-02
1.180246353258372904e+00 -7.671743077283994516e-01
-3.006249939712499208e-01 -1.377687707699088160e-01
2.767336626756303763e-01 -1.308653022364110630e+00
5.999906068798844805e-01 -1.002751143131782374e+00
-6.695323055608622953e-01 1.718028126068294359e+00
2.044379655273431684e+00 1.334564031145566432e+00
-2.335205734436939462e+00 -1.438104100204541158e+00
-4.897739544389407840e-01 1.162150811081277268e+00
