-9.136887576117197485e-01 1.051657534194182231e-01
5.913770680141579028e-01 -7.917027448655237221e-01
1.257062723308189467e+00 -1.227155924177928847e+00
-9.322745334015765106e-01 -1.885220995089599949e+00
5.167868766379927203e-01 6.153019067607018444e-02
1.248530535349430259e+00 1.565071562052126275e+00
1.760618710743089510e+00 -2.213974080966440106e+00
4.564977933543855615e-01 8.172840742744048592e-01
2.887952210214983495e-01 7.484993404490595248e-01
8.791137934475358184e-01 5.000932111862084195e-01
-3.679647806839783652e-01 1.914845244379775047e-01
