-7.081327262449486730e-03 2.539320355366790349e-01
-1.317764055506076781e+00 1.858826264029239228e+00
2.036435942749241335e+00 -1.323966430412856221e+00
1.209210272084848548e-01 8.137628482572062394e-01
7.885430192672603367e-01 -1.168677296377190061e-01
9.459645551028249555e-01 -8.022950725112394377e-01
-6.394898660431092008e-02 -1.026480059876646311e-01
-6.966364910449397707e-02 -1.289931945086199017e+00
3.671069617544751584e-01 -1.037871907672391236e+00
-4.328573690645377559e-01 1.753148890851820019e+00
2.281055693974225917e+00 1.369684795929090759e+00
-2.571039558467940189e+00 -1.473224864988328831e+00
-2.561599960373081575e-01 1.197271575864441884e+00
