-7.029320896809836822e-03 1.472705532185919486e+00
-7.510087777830201095e-01 5.019836313089039992e-01
-4.721264500290867083e-01 8.148895983261615905e-01
-8.476234037739129035e-02 6.383801509363389304e-01
2.345241489779254784e-01 6.940237008906351424e-01
-8.415852329054712699e-01 1.251069108748535275e+00
-3.596909336631621823e-01 -4.163903419462686162e-02
1.153176212937247480e-01 -9.698105065568412009e-01
1.311171416395029432e-01 -8.161710024385127049e-01
-4.713965386398790147e-01 1.100633904492835047e+00
9.231089056920754876e-02 -7.301432632635779241e-01
2.244339484112279348e-01 -1.977514144450015277e+00
-9.347161200909800405e-01 -5.099253570202687547e-01
1.283062759417225251e+00 1.518078911897719763e-01
-1.393535974480494932e+00 9.851588214659083853e-01
7.528636618498346644e-01 1.192086551889441903e+00
1.023921460256774357e-01 8.099192103151060529e-01
-5.840179397277995843e-01 8.455711539587822401e-01
8.643096382915557152e-01 1.170280419787914639e+00
-1.053316144468609966e-01 3.280319551184165405e-01
