1.357268278475468881e-01 2.864530805974597194e-01
-1.479012905012634160e+00 1.826305218997368085e+00
1.874307761155070473e+00 -1.356487475465967707e+00
2.704053458194623505e-01 8.462838933131613395e-01
9.483451668580777927e-01 -8.434668459665706219e-02
1.105940150127612709e+00 -7.697740274590864074e-01
-2.260771449118069154e-01 -1.351690510392767053e-01
2.051483456565833252e-01 -1.311252742084035416e+00
5.259091058247370443e-01 -1.005350862859380134e+00
-5.949847317693159887e-01 1.720627845798707201e+00
2.118927512379966238e+00 1.337163750875979273e+00
-2.409315764048103325e+00 -1.440703819934954888e+00
-4.157483777922964530e-01 1.164750530811630158e+00
