-3.980418995466850629e-01 2.510459654742257518e-01 2.328679122146475877e-01 -1.772498571486585961e+00 4.673735916398150114e-01 4.676848002836468399e-01 7.440971844036107230e-01 -2.092610884625312639e+00 1.633988555618079541e+00 -1.443619162001262834e+00 -2.003676896171482369e+00 -7.488869895056773363e-01 -6.842751926065530066e-01 -1.795845318447384376e-01 4.731337824874451981e-01 5.178288269864355087e-01 -8.246505608576343294e-01
-2.040167266553104819e-01 -1.416909621290757433e-02 1.727950424863889667e-01 -2.905639103462237527e-01 3.713670394625565030e-01 2.631041037232437763e-01 4.742781505858466029e-01 -8.700830772729192253e-01 5.606925961216870924e-01 -9.266998761612361690e-01 -1.320312249420829698e+00 -1.991333231373633716e-01 -2.511571540140273284e-01 -3.381791533941624350e-01 8.168563221832994548e-02 1.540181293261702888e-01 -3.838588678240507646e-01
-1.302907081998086192e-01 2.398122486565684996e-01 1.984652687949592653e-01 -2.465363504522421201e-01 1.571231127950503681e-02 6.545280205930227579e-02 1.655330454550133223e-01 -1.508114087428898131e-01 2.499687324778846198e-01 -9.969899158117320748e-02 -4.090719717637972958e-02 -9.932451796330366012e-02 5.462948137193023024e-02 -1.607915580584989568e-01 9.932321665978013914e-02 7.985185132678285572e-03 -2.717857804218590800e-01
1.834536466923464837e-01 1.684288881236142288e-01 1.295229640240162516e-01 -2.117450951586627717e-01 -1.276449579809706414e-01 -9.108827970725158485e-02 1.257455601124866373e-01 5.642773091942882013e-02 9.343363075156424502e-02 6.306604414624797372e-02 8.885031191053714694e-02 -1.965355294554467502e-01 -1.791581454929958017e-01 1.375205754861685559e-01 -1.735869284298912629e-01 -8.827556395447244686e-02 -2.224762787320329893e-01
-1.964338249129836123e-01 1.447144117624843962e-01 -7.154332371899371767e-02 -1.434217269567332753e-01 -1.342136003068619410e-01 7.099040340332470056e-02 1.991004258393253012e-01 -4.010579212780019526e-02 1.942191138300381203e-01 -2.243344241637790573e-02 -3.325587927384668265e-03 6.251257088436730502e-02 1.167434166569979448e-01 9.857930828399355527e-02 2.034370734017838522e-01 1.020189336309653416e-01 1.552568201041654716e-01
-1.177686149052190323e-01 1.990448657476531075e-02 3.882264672309612696e-02 1.209677027929453308e-01 -8.646418738734793072e-04 1.186898486723313578e-01 -3.977442214278468363e-02 3.078251528024287045e-02 1.400709834565830314e-01 1.096199542809494221e-01 4.930459493006096594e-02 -2.099549675350270428e-01 -1.292628222747111699e-01 -2.828350350712829312e-03 -9.174769398286097832e-02 -1.639825600472984979e-01 1.265652117440312086e-01
1.774508070711397212e-01 -7.683458292892456076e-02 -3.644751975901223962e-02 1.184057420096727153e-01 -1.721893304748540743e-01 5.693392135928256048e-02 -1.472820361608890294e-01 -1.062400686173035763e-01 1.475253541421794323e-01 -1.813648870230185339e-01 -1.906486958935556530e-01 -3.818002999442843270e-02 -7.902568782073791584e-03 1.433553036055341678e-01 8.884672870075570328e-02 7.517272952147889542e-02 -1.495183956066205022e-01
1.912223500425758171e-01 -3.252360753405979243e-02 4.325296167593947749e-02 -4.891223704639404563e-02 -1.781942050210048589e-01 -3.704081528874208877e-03 -1.293259908241109202e-01 -1.995807387210442319e-01 5.866268428582517569e-02 3.165022571484801123e-02 -1.864474392812414116e-01 1.452037061830060462e-02 -6.453953579802909624e-02 -4.935201327508281083e-02 1.136700870102290845e-01 -4.541858223212830344e-03 1.523001387924024508e-01
4.148393389146928789e-02 -8.164665240588257419e-03 5.290261132527643295e-02 -7.769932320024891537e-02 -1.435916459917735699e-01 7.983815016019396582e-02 5.830401217415413784e-02 9.904822641704555397e-02 -1.366543009002830211e-01 1.456708797237479536e-01 9.298943506274987003e-02 1.587999740748983757e-01 1.461020381900625664e-01 6.741895497614507071e-02 1.305558004176508302e-01 1.110804303111596718e-02 1.068711284368513703e-01
-1.475714964852055666e-01 1.810752649007996984e-01 -3.331020569731357739e-02 -4.571500906645958179e-02 6.294644066425668372e-02 1.865021350300558323e-01 -7.214907852846035030e-02 -3.707404680830210797e-01 3.115416123135149595e-01 -2.016351419139448264e-01 -1.150155547412209656e-01 9.795981558772536013e-02 1.146262359373326385e-02 -2.597849067698745212e-02 -2.985607661681265526e-02 -1.290810908479184949e-01 5.678723774681904840e-02
1.533545802777225298e-01 1.207829089481363694e-01 7.606492836893317955e-02 -5.142390934825786381e-02 -6.829153164258353059e-02 -1.458969925943433277e-01 -1.829808932870425481e-02 1.707715884649283963e-02 1.751504363305869671e-01 1.515852063452290677e-01 -6.565159921165494850e-02 -1.668007361612352801e-01 1.057096938649028095e-01 8.907811455852762683e-02 -1.765429221767446655e-01 -2.106869251265419685e-02 7.263870991150141176e-02
-1.893936538001878278e-01 1.738617077208019224e-01 1.826307243311353634e-01 7.896400278513979187e-02 -1.621129089590964412e-01 -1.660396611291658775e-01 -4.906891065355293430e-02 -2.011977088216416742e-01 -5.140568810465410976e-02 -2.105360735923301474e-01 1.693319279374260466e-01 1.247544366300455260e-01 -1.717595486456468534e-01 1.529430775524304176e-01 -1.091270443058598022e-01 -1.197102265427561207e-01 7.121876698492553281e-02
1.727073516061529423e-01 -1.485377065911305250e-01 -1.974434589835959153e-01 -5.537573049550199161e-02 -1.876040672541705312e-01 4.732121807325968821e-02 1.509485414253885771e-01 -1.405897976234613822e-01 -1.419580934944924266e-01 -7.682920079266297719e-02 1.631486828171478387e-01 -1.532915290047788259e-01 1.804848413072697166e-01 -5.771065048486508087e-02 -8.589944978830149278e-03 -8.122675029963416504e-02 1.709261626742416551e-01
1.815333766924183689e-01 5.694569062790930114e-02 -1.270083916307837568e-01 1.929383188119061787e-01 -1.563518667074633162e-01 3.609828456115511675e-02 -1.323408319604086891e-01 1.502057623331594094e-01 1.857097304153734196e-01 1.115237288345984762e-01 -8.801588874194966883e-02 -1.066719480233953715e-01 1.010244977898058782e-01 -8.572372642760262007e-02 -2.891614470332555878e-02 -1.802178002977960214e-01 -1.499844510515271623e-01
-1.912686676221769522e-01 -1.661046658851978441e-01 -1.721976298874761946e-01 -3.375891442680839516e-02 2.248977041794876508e-02 9.688012920875695155e-02 -1.419209743411267433e-01 -4.502833244645106786e-02 6.445475325223956609e-02 -1.685103874266177526e-01 -2.535191531383964095e-02 -5.486109684156360161e-02 1.777914696101859648e-01 -1.786009083680085985e-01 -3.380966555647051119e-02 -3.057202641351068964e-02 8.677147666961690375e-02
-7.996052298182214357e-02 -9.419664849473564916e-02 -8.634515268824193013e-02 -6.534093384827496798e-02 2.088069946995450288e-01 1.432309001937541182e-01 -5.523171076400049118e-02 -3.248016171020128712e-02 1.152313499266585245e-01 5.006817706023827808e-02 -1.173206512685771169e-01 -6.805853305221130911e-02 9.097355590189135088e-02 -4.665376880766018697e-02 -7.048704215169392107e-02 -7.283095731776463057e-03 1.506949625928171166e-01
