-2.988153680739110696e-01 -1.110618919335075061e+00
-1.055128870819676656e+00 2.911898516028352812e-01
-1.296292442727124961e-01 4.568540844970667494e-03
8.668847862251850556e-01 1.348141865499914660e+00
6.056992875634394091e-02 -5.284851727265715837e-01
-8.708785485245126856e-02 1.363895929399651097e+00
1.224592618505209396e+00 1.061910574956204778e+00
-1.331290751961964336e+00 1.782499692323333385e+00
4.506329881945549953e-01 -1.767795100956567778e+00
9.815263938472317262e-01 2.143985369600849289e+00
