-1.487150599925462502e-01 5.688642084079044148e-01
-5.069037176555208912e-01 6.059026999033621103e-02
-4.350403244942994685e-01 2.118384561989596904e-01
-5.482300964068324151e-02 3.485314934717026469e-02
1.205041845237204562e-01 7.720752886719599306e-02
-5.436865514592810200e-01 1.234135786438326665e+00
-2.124275910301886283e-01 -1.944711331980721394e-02
1.739344684062825164e-01 -3.144675913352920071e-01
1.444214488590975232e-01 -1.679306889754437759e-01
-5.860849953631332987e-01 7.767817717127820654e-01
1.075562390858499223e-01 -1.488719701140025775e-01
1.911777344537767265e-01 -1.412525350421878434e+00
-5.298822404663244834e-01 -1.932752698740778097e-01
1.079384568268058509e+00 -1.391978321489503300e-03
-8.219401256209346585e-01 3.707436800332916671e-01
7.399724328949129903e-01 7.475872617312530055e-01
-3.983003257503668279e-03 4.338388087126340831e-02
-3.771031714696072012e-01 2.538552194053529387e-01
9.601089396622425332e-01 8.185667286534907827e-01
-5.458525136437502451e-02 5.306618551320627097e-03
