1.831284603358625251e-01 5.359047380235880675e-01 -3.855368761736260308e-01 2.024484585731831654e-01 -5.359926022733246809e-01 -5.148596677579474479e-01 -5.629396637285975086e-02 -4.272103740400794436e-01 -1.649524931589820831e-01 3.251130689750504343e-01 2.158870794122456638e-01 -5.494983637640096091e-02 3.230823648663808112e-01
-1.800201240736019614e-01 -4.436737774697475656e-01 4.560940715748523222e-01 -4.963700710341735489e-02 1.879243692183364678e-01 3.302591942866535124e-01 -7.002957094690404061e-02 3.359579637766607618e-02 1.233558668631802302e-01 -2.369217499766091417e-01 4.008312279715836590e-01 -3.970198656524777658e-01 -7.922432426075623479e-02
-7.207574215935477757e-02 -3.363889503879786136e-01 2.176394792525211397e-01 5.733161823465288826e-02 2.971013992388087388e-01 2.625310260948996999e-01 -1.080469593035135734e-01 2.919723351078499229e-01 1.248618695301290105e-01 -3.043993139623518696e-01 2.510308274918823801e-01 -4.078470749966237735e-02 -1.541420732839130503e-01
-6.203872056601530960e-02 -6.827440996822443653e-01 4.075040952817082784e-01 -8.083545165544987754e-02 1.025373261286370991e-01 5.665974333909261640e-01 2.382392333534856868e-02 1.296969738455729382e-01 7.102642889207226584e-02 -3.176098290918296652e-01 3.150814481532925870e-01 -3.006929600302680750e-01 -1.201697727365835106e-01
-1.690781943172870450e-01 1.144852082857221454e-01 -1.835543919317740580e-02 -1.825498943787240147e-01 -1.063762350460890210e-01 -3.405584365377289230e-02 1.231477071872858070e-01 1.562824636110987375e-01 -1.278577802270301766e-01 -2.209624661509358712e-02 7.161836969809762254e-02 -9.584984216678685276e-02 1.417567208536533174e-01
-2.137458909437106591e-01 -7.715949433345520303e-01 3.397818956191097639e-01 -9.266235176160435294e-02 2.949796102557137312e-01 6.368547510350236474e-01 1.839670090706856664e-01 4.498015970370147221e-01 4.030234935380910127e-02 -2.674359915313364588e-01 2.316055918612826281e-01 -1.099294971263766463e-01 -2.108213136508170216e-01
1.166122646537460367e-01 -1.364668787694353347e-01 1.170762049785985248e-01 -4.761968637950071692e-02 -5.824672439824606779e-02 1.446628837319800243e-01 -1.875959927042107900e-01 -4.503686937705190380e-02 1.741262517814915964e-02 -2.180148133902578417e-02 1.358933002266452805e-01 -1.438890854326123347e-01 -4.406898206383158545e-02
-2.107616349618725571e-01 -2.228564450406156916e-01 3.576758469205958413e-01 -1.141862278171718176e-01 -5.035583646608933657e-03 1.699392944371996006e-01 -8.044917816398268473e-02 2.490937947798475480e-02 -7.209178068031450726e-02 -2.247048767421370719e-01 -2.031946504882254159e-02 -8.667261945677821877e-02 -1.978348900703451319e-01
-1.079890239606431795e-01 -3.455466309074337050e-01 3.217314034314029958e-01 -2.396099382308636006e-01 3.087929830837136680e-01 3.241708038069622821e-01 1.392372146468947303e-01 3.120416036555179184e-01 3.342881488712954458e-02 -1.577543590864801948e-01 2.640533853221898597e-01 -1.977255520778456177e-01 -1.996012516157749384e-01
1.983378448914936143e-01 9.871459942264371179e-01 5.254145273059540600e-01 1.855979397739455639e-01 -6.305271272889086953e-01 6.831572209853672417e-01 3.167039489946709557e-02 -6.123205450153553775e-01 -4.126016937122560790e-01 6.729239848830965709e-01 4.515489697213261322e-01 -4.664592242332238348e-01 5.894643257756299048e-01
1.644630882857866516e-01 7.736772741435004042e-01 -6.133509791825182411e-01 2.381086571645175121e-01 -3.681596202829111042e-01 -6.136545024919025648e-01 -5.416610749123317720e-02 -2.064289924223436101e-01 -3.833443299593948250e-01 5.990380546062719080e-01 -1.318815124580664244e-01 6.403709753504384372e-02 2.662857086539615059e-01
1.246898558065813317e-01 2.111730003932194011e-01 3.591159369121768585e-01 -7.167139385120506467e-02 -2.808743048054135882e-01 -2.118168770792277222e-01 8.493050420059890335e-04 -2.036883170310452851e-01 -1.447776788317029772e-01 1.689524749349756993e-01 1.374139950099990126e-01 -4.721395160009601022e-01 6.298782524999511911e-02
