1.671244992666654772e-01 2.538919914778908216e-01
-1.491618217914553846e+00 1.858866308087935515e+00
1.862605241855081140e+00 -1.323926386354061790e+00
2.954852678154409329e-01 8.137228041985015148e-01
9.624936569002801035e-01 -1.169077736963131109e-01
1.119910463812476609e+00 -8.023351165700354226e-01
-2.377796877645090012e-01 -1.026079619288712691e-01
1.070811513872681753e-01 -1.289971989031812871e+00
5.410514429428108230e-01 -1.037911951729391991e+00
-6.066880792947118017e-01 1.753188934910614449e+00
2.107224993080060393e+00 1.369724839987885190e+00
-2.397206069784555638e+00 -1.473264909047123261e+00
-4.300391824829198906e-01 1.197311619923232762e+00
