1.612879934014320726e+00 7.810413739128188038e-01
3.021554962212739670e-01 -1.389316385425385603e+00
1.576290774018975105e+00 5.648779366949598923e-01
1.005557539078639095e+00 1.248520144530785414e+00
1.619146786628909762e+00 -1.799094499664064317e+00
-1.110183588528950827e+00 -1.897039981325327807e+00
5.156530416112418136e-01 1.708034864565379340e+00
-7.969719968438579993e-01 -1.531819936258271286e-01
6.594324105389021140e-01 -1.390268734268618189e+00
1.945104860950711334e+00 3.461171065529830559e-01
2.754496938387299698e-01 2.347976469474142014e-01
-1.920474964578632093e+00 -1.022459472485614418e+00
-1.858159517532861349e+00 8.129160167540626647e-01
-6.196734160293747573e-01 1.509594839797073540e+00
-1.547217119431493426e+00 -1.875090521304456193e+00
-1.907345823493980408e+00 -1.394170903420489216e+00
1.899311962460546455e-01 2.118960446507548168e-01
8.666332809843714235e-01 -6.767010824165822780e-02
-1.314531913593470769e+00 -7.691082349953923258e-02
-1.129308300517719577e+00 3.864211891284491385e-01
-1.105170456017810832e+00 1.631739255838740021e+00
-2.834959097514642146e-01 9.665760749979297461e-01
-1.238287961982448948e+00 1.562631271025615831e+00
-1.926955425019514889e+00 7.875599512536768376e-01
1.662290266127446126e+00 1.080050040292392266e+00
4.648619317116442495e-01 -1.740018156104157443e+00
1.849242254274967134e+00 -1.815484280877865286e+00
8.313865261322186395e-01 -1.381732440739155798e+00
8.849354639423887559e-01 -7.312416042720686349e-01
-5.992288887704915190e-01 1.370299703260647872e+00
-1.824254382773615957e+00 -7.602676452866564683e-01
-2.051358612525775171e-01 1.652712735777256137e-01
1.964373298384289424e+00 -9.434482924488224453e-01
9.544420826549104842e-01 -5.724083991957306106e-01
-9.684917954932263928e-01 -1.529031301744555149e+00
-1.621305356492101390e+00 -2.056291232343778308e+00
-1.751638522501798523e+00 1.039527185585041202e+00
1.701595395133687516e+00 -1.278794789714549740e+00
-1.431758395477799706e+00 5.190388170081091657e-01
1.057223101374078711e+00 -1.513344429688749937e+00
-1.477741029402913187e+00 1.622193194319406340e+00
-6.283494583348789853e-01 -1.553373774470462321e+00
-8.759908394893515249e-01 -1.123608650435635958e+00
4.623467010468104155e-01 1.303194604238204102e+00
-5.330418709844395586e-01 1.866661217498080116e+00
-1.958143887893281088e-01 -1.489096134971976015e+00
-1.248354488935318196e+00 9.707046636642310822e-02
5.971317522401041467e-02 -2.005671165107847653e-01
-1.158970719259709625e+00 -1.777292450053107764e+00
3.911829068398103848e-01 -1.344036182522059253e+00
-2.885280278745949376e-02 1.136126492115445252e+00
-1.581279822156358650e+00 1.673076570760443582e+00
-1.953496311822878528e+00 -8.612022062344655282e-01
-9.788549460785307410e-01 1.893318857140612099e+00
1.359728863524640063e+00 6.207876098348051874e-01
9.871488816427952395e-01 1.700129056140511796e+00
-4.510723371725835484e-01 1.935355857477948915e-01
-1.008388638985071584e+00 -1.505424640373002887e-01
-8.242757065206060552e-02 6.511904290642767101e-01
2.633510893703584488e-01 7.414253796219546500e-01
5.114644631816769316e-01 -1.669854735958558933e+00
-1.738929261582966346e+00 -2.027456342463334504e+00
-1.082055689138179178e+00 1.448213590525812888e+00
-1.840301102839448699e+00 6.590761940744643832e-01
-1.858471207060484742e+00 1.346260809557171534e-01
1.597056814237133304e+00 1.318682065005157611e+00
-9.168308783474183876e-01 1.477480167108632836e+00
-6.138832651960185460e-01 -1.007194039615886272e+00
-2.028525466118517251e+00 1.645229852431116246e-01
-1.025187541175776484e+00 1.322006083466794824e+00
-6.158483528929222794e-01 -2.342595460304858213e-01
-1.048467381452432567e+00 -1.767802671114321100e+00
-1.894878297912515830e+00 -7.835963392164527752e-01
4.520091494607521576e-01 -1.369738368109898241e+00
-1.067367083892362789e+00 -1.846474662068529060e+00
-1.030837222696167066e+00 6.970693113587795864e-01
