-2.101540664570984152e-01 -8.344730228729292376e-01
-1.578924631112730292e+00 1.603311959347827997e+00
3.983499827184768249e-01 3.631964829525513583e-01
4.506338624285201599e-01 1.992518258662514530e+00
-2.753365092215089537e-03 7.450353419913616215e-02
-1.312454091622223054e-03 7.721659797258889624e-01
1.554125777941307351e+00 1.050558219875268318e+00
-1.392143958853498509e+00 2.013183553233998335e+00
1.661468410176982990e+00 -1.717992098462204131e+00
9.882593368916958720e-01 1.743074673738474134e+00
