-1.916561180620763194e+00 3.307247824319121676e-01
-3.243434910853986164e-01 -8.873511702086342989e-01
-1.528921940642772315e+00 -1.528122703628206569e+00
-1.285684786297468296e+00 -1.029367177923854904e+00
-2.253495862476050104e-02 4.430509178511203849e-01
-9.149410156196835509e-01 -1.176406663689199661e+00
7.163557982667091706e-02 -4.793443989404010119e-02
-1.737126272291693585e+00 -1.112686748985137530e+00
-3.414788627994514436e-01 1.752181192924518349e+00
-2.296412690168160575e-01 -1.027373330443965393e+00
1.446701970388722280e+00 1.992355481079778556e+00
-1.382046068612891698e+00 1.477553056001739584e+00
-4.101534742525778793e-02 -9.679173960540508048e-01
1.213280863562289813e+00 2.111262472080229768e-01
1.590785271085880526e-01 7.903820244354919922e-01
-4.718222474907704522e-01 7.894595915746964732e-01
1.038396256727989408e+00 1.268190493863995627e+00
-1.755924931139720258e+00 -7.683839492755237810e-01
3.818820743450660471e-01 6.846127317463246431e-01
4.027886919100995833e-01 1.210571169169195826e+00
-7.456240084057396134e-01 5.349690908771360665e-01
1.198883188824495794e-01 1.366544178908927876e+00
-8.647293533590976189e-01 1.106764240267327504e-01
-1.130421301644198184e+00 1.665517549290140398e+00
1.802525598130467532e+00 -7.702218064773322936e-01
1.436256652638835174e+00 -2.389904075873048317e-01
-8.156359131135644258e-01 -4.928601435262869312e-01
8.922097083598763412e-01 1.925777050166146864e+00
1.335143972039289473e+00 1.396318206505043680e+00
-7.686581463430631755e-01 -1.226011998697804639e+00
-1.075922927731959300e+00 1.738515369401005373e+00
-1.340626286737372608e+00 -1.144996206694605778e+00
1.208958935980436911e+00 1.490847217196714425e+00
-1.088702272794876746e+00 6.652366435619705420e-02
-5.445643397133521635e-01 1.460311571030864730e+00
2.774111992661559278e-01 -1.110838389405792020e-01
6.933556060287392464e-01 1.939994699751327101e+00
5.078065666946173229e-01 1.231058328196311003e+00
1.274027772603085751e+00 -9.161796715359800114e-01
-4.277038220676539493e-01 -1.202036416128190233e+00
4.454192925050920460e-01 1.169971772902924645e+00
-3.510211696031956263e-01 -6.807340882301726737e-01
-2.660752239816907005e-01 8.930379392478899891e-01
-1.846557816616401171e+00 1.663188261028822001e+00
6.800919529420685894e-01 3.088322109894946488e-01
-1.899454212956238175e+00 -1.669773022864794676e+00
