1.922213756862654499e+00 1.602221000056872846e+00
-1.161363600641718730e+00 -1.047043202112915239e+00
-1.638537191666821879e+00 8.274905236228766725e-01
9.072041585044940959e-01 1.967145615235045275e-01
-2.379888344696199365e-01 -9.415139227861484272e-01
-3.282119269093687342e-01 -9.654472706548808958e-01
-8.289212825364611348e-01 7.959133564969282926e-01
-1.310604775434966562e+00 1.562682106171755958e+00
-6.999493157360545670e-01 1.800992817633769505e+00
1.121317475732007019e+00 1.505749427756677417e+00
1.530605038675754592e+00 -2.181629523749120669e-01
-1.005261621963295049e+00 1.767776146128046566e+00
-1.070821999691083937e-01 1.794318646054471333e+00
1.190513317256279624e+00 -4.014268238677682898e-01
-1.084813714301478438e+00 1.920146484989180724e+00
-6.298737032210039999e-01 -1.587883909664442594e+00
1.970409324216365388e+00 -8.780468351761605561e-01
-2.038747324402401806e-01 1.340784447878788033e+00
-1.335963784957830747e+00 1.817733219233545139e+00
8.950376638363148896e-01 -1.332337129189174130e+00
1.984013708856330993e+00 6.315473242066025339e-01
-1.176511833140289287e+00 5.749623190648580628e-01
-1.855472104804939626e+00 -4.461513726859704931e-01
-1.351069366789865001e+00 1.573588832547808902e+00
-5.822953256675762468e-01 4.595404366446153438e-02
1.729389747365060792e+00 1.033589472789121722e+00
-1.195238077369528806e+00 1.519559455633797684e-01
-3.042781213647202110e-01 4.639508549282944649e-01
1.744189071178652739e+00 1.645890037141795048e+00
8.081087965530071582e-01 -1.933148064044742487e+00
3.060088378194856240e-01 7.085737361460411332e-01
1.124566495026570578e+00 -1.968609993322637308e+00
-4.506528596112102658e-01 -5.727298975803436498e-01
5.819560035269986109e-01 -9.723569289912947777e-01
-1.427254937861105688e+00 5.499564797560116958e-01
-5.312199720852792684e-01 -9.683146778739750715e-01
-1.718642859846632565e+00 1.950710579260482636e+00
5.606111191207550082e-01 -1.012766463411163720e+00
-8.476819510177813211e-01 -1.901232575477408204e+00
1.149875184171516462e+00 -4.901928245338562640e-01
-1.338911095347695035e+00 1.570037098426130484e+00
-1.137348941131687052e+00 -1.560053385352629274e+00
1.180500706020733759e+00 1.014028878680938828e+00
-1.827784402038970413e+00 -1.247590300564452637e+00
8.546160322510114593e-01 -1.598669029266617247e+00
9.397821556054828385e-01 6.350031021130864151e-01
-7.181473796481439020e-01 1.462154961681971788e+00
1.666806004874058722e+00 -1.668726632759730322e+00
1.346928786121904142e+00 -1.825410430018483687e+00
6.824602791197769136e-01 2.208362075986824435e-01
-1.484321178416534437e+00 -1.048458770970317921e+00
-1.731608397621960282e+00 -1.300873368416382014e+00
-1.062064300778435832e+00 -1.309069715638271791e+00
2.029724812865215111e-01 -9.514723029072384985e-01
2.389497069596229761e-01 1.553026501757086120e+00
7.576996450104752645e-01 -1.239848362294511119e+00
-1.494503476527678121e+00 9.347221151640388026e-01
-1.101111643568825293e+00 1.370062840955748928e+00
1.635535852255820100e+00 4.568097858369188913e-01
-8.403269952397676157e-01 -9.783999592493215491e-01
3.650115475940887144e-01 -1.609964859042415597e+00
-3.846493476168968417e-01 1.343300824274693106e+00
2.839253695830793456e-01 6.884184702995372884e-01
1.412872005662441088e-01 -1.423111152596415518e+00
4.144085961445346245e-01 1.806359335043251080e-01
1.938215638614001257e+00 1.768790601945774421e-02
1.898202494874506208e+00 1.870815148474294976e+00
-1.033768523516527260e+00 2.036177504811023387e-01
1.340538471575905444e+00 1.098085376309668071e+00
-3.073794364416861935e-01 1.953162851369191433e+00
-1.549113373705623964e+00 2.398609553847315112e-01
-1.751867372634142050e+00 -8.726529240530450648e-02
-1.825491531741169293e+00 -1.558187874487179769e+00
-4.173653900505446268e-01 1.664041940132351183e+00
-2.156364163189082306e-01 -1.549231391091839161e+00
1.631947050444565228e+00 1.765085773611654751e+00
3.167549776494217317e-01 -1.597715406896201007e-02
2.653043222494025910e-01 -2.526449146323223038e-01
-9.971216144945391768e-01 5.511301931221916917e-01
-1.533591897122330572e+00 -1.176368879237378096e+00
-1.027106615424528080e+00 6.284697240541337049e-01
1.244463764959300445e+00 1.601289199896311466e+00
-1.341398825156311370e-01 -1.901402746966829316e+00
-1.597154324430123840e+00 1.647246167198812561e+00
-1.938247288108900790e+00 -1.813976282118328509e+00
-6.555278063436889013e-01 -3.125803652474684613e-01
3.893093758694392559e-01 -1.153212217295341180e+00
-5.817399586800313660e-01 2.960292006479952054e-01
6.332885588311054637e-01 -1.246149176973794681e+00
-1.917157853235312182e+00 -1.315098390347041679e+00
