3.316640353502815497e-01 1.206228250474016828e-01 -1.793543791576099611e-01 -5.535562157022032304e-02 -1.262175810904670181e-01 -1.390379463710360031e-01 8.602099226997372838e-02 -2.879300241330133292e-01 6.710463137076649875e-02 -1.246178530728681011e-01 7.574347260655110714e-03 -3.944456970248445826e-02 3.015142565321181634e-01 1.244579770082534231e-01 1.042257455255090476e-01
-1.390278842333407816e-01 1.014998033086403767e-01 7.720762053746421660e-02 5.369192489982124034e-02 4.503774388808905876e-02 1.486735309486806045e-01 4.526523137494552901e-02 -9.241048908606817880e-02 7.101260141869550346e-02 -1.008397334068584783e-01 2.919360336957910543e-02 -2.105464935481935473e-01 -1.187245228165100114e-01 -7.160759731733951083e-02 1.056222210621354934e-01
1.156507983219435265e-01 -7.041754756349223598e-02 4.197104885118779077e-02 -1.945007908276131237e-01 -1.582220029040224685e-01 1.803408237845206818e-01 -9.381602951634164522e-02 -6.820780689992873846e-02 5.228198068885535343e-02 -7.544435825571320364e-02 -2.106364517662338495e-02 -1.118869963201463424e-01 -1.616603456555255613e-01 -1.375912710997543031e-01 5.160864190936052971e-05
-1.499480456809427487e-01 -5.628008864824269458e-02 -8.161411890779426970e-02 -5.315859459116587665e-02 -1.750061510754035987e-01 1.452979180847875362e-01 -2.299999510298478267e-02 1.166776252128372132e-01 2.104121128895149462e-01 -6.287009268315225941e-02 -3.422344881162708852e-02 7.621771904755039739e-02 -3.341251715840350047e-03 -9.849526804533079161e-02 8.177581975007153225e-02
1.808412442470692938e-01 1.607591430744015892e-01 4.413535134074039051e-02 -6.062374971684669073e-02 1.711497057793467391e-01 4.388765742474624171e-02 -1.824438537387657600e-01 -1.874113824000948614e-01 1.257087731204343528e-01 -1.707736085744420429e-01 -2.098289179027877926e-01 -4.839165169971179625e-02 2.519965127185198883e-02 -3.055041528148652943e-02 -1.295034901322579014e-02
6.569168064552569075e-02 5.881365583784121248e-02 -4.216770454739132007e-02 -7.074660034505730888e-02 1.706632757564579272e-01 -1.143023000825987984e-01 9.709780806879440840e-02 -5.664800595561404056e-02 -2.270996285764281114e-02 -1.686716062126911442e-01 1.229818006152647442e-01 7.327527579482860653e-02 1.887758084898644162e-01 -3.642057093745704188e-02 5.761235909968859259e-02
-1.081552133723630432e-01 -5.515457819934762446e-02 -1.303447050630117676e-01 -2.050048007937537720e-01 1.436833179963831753e-01 -1.368987042844986013e-01 -1.588745956655151226e-01 -1.615917818282269491e-01 6.469064334678573547e-05 2.777753081215311726e-02 -1.657398415686910931e-01 1.843042328702887978e-01 2.280686086056274431e-01 -1.607199043593648680e-01 -5.428837101590068548e-02
1.779956715860068484e-01 1.305097089598804549e-01 -2.571414351010126859e-02 1.250823336137908692e-01 -1.598526126593095009e-01 -4.792816601458921300e-02 -3.718628627524565161e-02 -3.016034480867970866e-02 3.598575501691670536e-03 7.273908959038095923e-02 -1.587013807302187496e-01 -9.314771309525056442e-02 2.576369171478681830e-01 1.237814672776142572e-01 9.230601975694624484e-02
3.974766174046516221e-01 -2.309726139643267506e-01 -2.131319123637122614e-01 -9.272323558554669554e-02 -3.590824648024129595e-01 -2.081163710481326590e-01 -1.020887394199270215e-01 -4.191941618049253582e-01 5.148258688929322480e-01 -3.076395502372456566e-03 -7.286757154097833755e-02 -3.496641302866938528e-01 2.665615387288275406e-01 -3.561829859152803590e-01 -3.745618408128909005e-01
2.277256550692455805e-01 -8.534050423890225667e-02 -1.557410942488945405e-01 -1.755727788684624258e-01 -1.320555278569162695e-02 1.476416352185101755e-01 -2.888736291894033331e-02 7.700287816622601589e-02 1.056155929894590645e-01 5.348805510403441960e-02 3.243360322677119739e-02 9.718355319878556331e-02 1.641932702440203340e-01 1.659903599646897487e-01 6.933297134585823807e-02
2.164709204489739802e-01 -1.191272859759119895e-01 7.658360672295470503e-03 2.618527332443772865e-02 8.216680488156048734e-02 -2.477144213570091347e-02 1.018217277495568340e-01 -9.524489624815364597e-02 1.017496868523040249e-01 1.581622100763880601e-01 1.077459765864811070e-01 4.615842656811622313e-02 -1.709453202955468487e-01 -1.364803741568592355e-01 -1.115418386353294461e-02
-6.437657846282050789e-02 -1.768511570618079842e-01 1.386129841598545132e-01 1.672319608277055281e-01 -1.081705899670220017e-01 -4.915852296804202465e-02 1.140910616458357119e-01 -2.067757232539886580e-01 9.725527731745227389e-02 -1.389957319983288753e-01 -9.486487524728919041e-02 1.219588842680984497e-01 -1.577121742714202579e-01 -1.934187452100640248e-01 -4.234317320457227363e-02
5.055471945870707723e-02 1.363334277425732877e-01 7.543858364987203469e-02 4.861986152300296071e-02 -1.846453018431891691e-01 1.709492945676208409e-01 -5.407321932690573735e-02 -5.061597484460124939e-03 1.695785539329143846e-02 -1.651142057312463829e-01 -3.415696458517698819e-02 -1.544518690281950490e-01 -1.506986201279874038e-01 2.947455934992691817e-02 3.435615253594444252e-02
-7.724481399110941400e-03 -3.476653839317880943e-03 -9.125680446072825802e-02 -9.973368488069074556e-02 -1.715459213064429722e-02 -6.596176428874636621e-02 1.037399561690597466e-01 -9.552444207571045287e-02 1.641801805292985306e-01 9.508367530003922208e-02 -1.215133834778240468e-01 -1.928995473967647645e-01 1.699426412717649770e-01 4.394055290966196459e-03 6.889842040001763201e-02
