8.762384798653642670e-02 1.506598080257133543e-01
-1.155914158884280729e+00 1.942725449654300052e+00
1.637547397089531787e+00 -1.352043983167735108e+00
3.541118024042901324e-01 6.991438493135492260e-01
1.748325833191189949e+00 -9.513394867560453702e-03
1.242014931414662016e+00 -6.989631101891241594e-01
4.365927814841161214e-01 3.535522346389819315e-03
6.933934956187418619e-01 -1.183216088174703584e+00
1.991902355993518392e-01 -1.122559367941123876e+00
-4.002589134648553149e-01 1.848529083915078530e+00
1.354957378460644124e+00 1.263729416176551323e+00
-2.097209333205527493e+00 -1.407047931779096483e+00
-7.296455444920386668e-01 1.105694957827297653e+00
