-9.287959447625273590e-01 8.709103395183784291e-02
5.667345548860586169e-01 -7.573434783198671472e-01
1.225020312992612936e+00 -1.164865468172396223e+00
-9.852273457399449708e-01 -1.862056989393025441e+00
5.152683409841917195e-01 7.708782756523278878e-02
1.249347388311488061e+00 1.553853216362546030e+00
1.671971388141722192e+00 -2.122928563218501541e+00
4.990906967544040951e-01 8.152216621506995775e-01
3.134221722742804306e-01 7.431817835645462278e-01
9.071408307192723175e-01 5.048592346459900293e-01
-3.667488094777470731e-01 1.824995859457325398e-01
