-1.251803246323532071e-01 -1.517587156798423098e-01 -4.941005992846295714e-01 -4.355651478350459072e-01 -1.024045251538164836e-01 4.760905592200981862e-01 -6.302135615886195197e-01 -1.495846813528100595e-02 1.441613174569154887e-01 -9.569235150479296625e-02 -1.349381608384336018e-01
-6.549762157381736616e-01 7.292714711736353328e-01 1.363846063129889652e+00 1.674277394844329303e-01 4.553332656620646124e-01 2.584716918148070031e-01 2.064152095245490592e+00 2.167619214640593289e-02 -7.881655777124050438e-03 3.605638010786622605e-01 -3.455239433098533097e-01
-7.964357817349312918e-02 1.475518462606752179e-01 2.397262029602625355e-01 1.850015677407739270e-02 6.170241384565840204e-02 -6.482948762704389412e-02 5.074154651749458456e-01 -3.611699253369458212e-02 -8.722725132636242884e-03 1.553762805141758463e-01 -1.822649784274895102e-01
-2.126029281671297788e-01 3.152023168552361976e-01 1.603783772533811935e-01 9.106846764451202725e-02 -1.476344735997265623e-01 1.016717494267475597e-01 3.752327293469087666e-01 -2.264478556445466417e-01 -1.566572507108411616e-01 -1.996140556225483795e-02 9.639121861440719252e-02
-5.035880375916994972e-02 -7.080148472127846537e-02 -8.166875361412302692e-02 2.009665770212109293e-01 4.110160027231316709e-02 8.365044118378117677e-02 8.553244205496526864e-02 -7.144133448146088028e-02 -5.652074392502904471e-02 5.356035318754705232e-02 -2.055932975859468548e-01
2.840543153475339963e-02 -1.871064785287135657e-01 -3.764462013343670144e-01 7.737678393852936987e-02 -1.257893262724308070e-01 1.340809580683873792e-01 -3.368706881537033015e-01 -7.294670627384448880e-02 -4.939803369985713150e-02 -2.433996290675961502e-02 2.925115277356347618e-02
3.272256468155808617e-01 -4.454455690411307511e-01 -5.282359287047941887e-01 -2.136730633446133343e-01 -2.323849722531397266e-01 1.423074958564903014e-01 -7.778270855232196634e-01 5.653077396683106604e-02 1.850386898543619207e-01 2.920009284908693659e-02 1.171739618267788052e-01
1.266872621042919485e-02 -1.390941990583024479e-01 -1.070921689414365691e-01 -1.253790257093415246e-02 1.146777633832252313e-01 3.485396479892539923e-02 -2.056346260861355857e-01 1.248003809008343679e-01 -7.358853857531502674e-02 9.204914125028393346e-02 2.407864964932213692e-01
2.060762985166928185e-01 -1.765021971939134959e-01 -5.299366024422506039e-01 -2.332701057585616911e-01 3.499039131718913783e-03 -3.904474243735766431e-02 -5.728684143151534514e-01 5.302385853888678252e-02 -7.302546715245672448e-02 -2.614912773600487905e-01 1.709484835052411111e-01
1.399035813315842314e-01 2.306425242540057624e-02 -3.362837159131185083e-02 -2.709136624194092846e-01 1.177735759031366403e-01 5.396784696659455705e-01 -3.142185339767391006e-01 -1.740501896880229382e-01 -7.080494248910873534e-02 2.185973150076727656e-01 6.643939847644075858e-02
