-3.016256818898711001e-01 2.794458254203526781e-01 4.388626728141242772e+00 -3.191299967849495767e-01 -3.043255436650980639e-01 -3.428712848079422670e-01 8.345791920724580093e-01 -2.397449114733436193e-01 -2.279852281153709193e-01 4.916193850415991884e-01 1.562778328509587311e+00 -5.751183419083485404e-01 3.120169442381903191e-01
-1.024763237789377834e-01 3.073872864174024833e-01 4.430862198041241040e-01 -1.216570736298413918e-01 -2.383794869043808773e-01 -1.904436506523792261e-01 1.008883652525357083e-01 -1.997139693688374240e-01 -2.646902171381559921e-01 3.055339557038831977e-01 3.033996054970383160e-01 8.587850625297506479e-02 1.810810578740440213e-01
-2.049428862949282532e-02 -3.542093597380582826e-02 1.184611842750760841e-02 9.582597267119150053e-02 1.349435857837977815e-01 9.911312542685520033e-02 -5.033965027261906588e-02 1.927051426568727466e-01 1.523936362010275443e-02 -7.057857765228217617e-02 8.258537136062056583e-02 1.813156309941567346e-01 -6.170769747384293770e-03
6.572750752175943179e-02 -5.588359127316847724e-02 -6.831015437007342816e-02 7.728281646946841277e-02 -2.024988154565531273e-01 1.165171965884584243e-01 2.440977480728549753e-02 -1.679648820515394769e-01 -1.736939343222625443e-01 7.694459129955330545e-02 1.628733313121294990e-01 -9.257244027192960967e-02 2.003388517667667734e-01
-1.610822604085536958e-01 1.501048886826611972e-01 -1.264966222413603340e-02 -1.714859087857359965e-01 -9.170249322963408556e-02 -2.563792219620428942e-02 1.207348156936560724e-01 1.384007623687033561e-01 -1.584705184569215608e-01 1.568738809535460271e-02 7.529372204168560678e-02 -6.442090600966778047e-02 1.535929099917227592e-01
-8.991793063800748720e-02 -1.855603808545474021e-01 -1.359239655565041005e-01 6.682955305254051348e-02 2.115333421881832390e-02 1.726154376872023610e-01 1.810892829936164850e-01 1.594803892671908252e-01 -1.930540569235028314e-01 1.121521551345551759e-01 8.201938216292212203e-02 6.038837730404560816e-02 8.954987626242282006e-02
1.530103498480273050e-01 7.611302088363493257e-02 4.738501312251523767e-02 -1.148495734163874687e-03 -1.229739790493115104e-01 1.996936267800508355e-02 -1.740518517601477855e-01 -1.475850862525147356e-01 -9.014918622175883967e-02 1.512519520598328560e-01 1.219545010665662454e-01 -7.077640841970384011e-02 5.702396322051979383e-02
-1.865497208987076105e-01 -1.265278689139552049e-01 2.594928903516121044e-01 -9.183983577615741078e-02 -4.454651368779855708e-02 1.210473504182153943e-02 -7.073995097602187032e-02 -1.170277952962776868e-02 -1.155226146808659288e-01 -1.683561869483660989e-01 -1.191769654803041673e-01 5.525795891643262708e-03 -1.676361351814820433e-01
-4.046722850519939713e-02 -6.489681187580340072e-02 -1.900202238264621021e-02 -1.631213221144313108e-01 1.619695888905156034e-01 -1.432935914545274518e-02 1.427222215405604122e-01 1.890792442836279064e-01 -6.831195345346748049e-02 -9.244835418817700648e-04 9.260805469535973722e-02 -3.278895908942892901e-02 -7.319974098043612043e-02
9.248423454404867960e-02 1.601387162579597234e-01 1.981569066206482765e-01 4.927883775995572924e-02 -5.040412851206754752e-02 1.881405272670509388e-01 6.180265156573831742e-02 -1.740956674382841407e-01 -1.686755582014615451e-01 1.032403782196290032e-01 -1.733372279386432568e-01 -1.987121480488328595e-01 -3.910383954139709517e-02
7.207666027358120703e-03 -1.754987280513237852e-02 7.390623516471331658e-03 3.279673323365930870e-02 7.113917686365912874e-02 -3.304789065578412482e-02 -4.690719730984267699e-02 1.939281220233111114e-01 -9.960564684692620185e-02 1.138724238171158754e-01 -2.699209905880493171e-02 -5.972920501487999356e-02 -1.705099768275199212e-01
1.360331937456755458e-01 1.035471945009621142e-01 2.758026583479269433e-01 -3.830523910663456710e-02 6.382721691199738645e-02 -1.693331236173249987e-01 -1.437394083913216651e-02 -1.246494857961440716e-01 -2.094105496193052751e-01 2.185960969119099540e-01 -8.597647162004563859e-02 -1.485659229263910919e-01 -1.111115991179561918e-01
