-1.703758818821511589e+00 1.191812218558419900e+00
1.672373494441220743e+00 4.897073053957105571e-01
3.554290441937044687e-01 1.071635189943130229e+00
-1.624095026484455584e+00 9.172689770578541513e-01
7.442015391247259748e-01 -1.455501448041079282e+00
2.607146635648002753e-01 1.149203363670740607e+00
-1.032619669086927594e+00 -1.753492520620274941e+00
-1.586559756832671697e+00 -7.014406660270380289e-01
-4.629627640804130917e-01 1.406810966910737370e+00
-9.035106941799871116e-02 1.124949533554711945e+00
-1.056209731242049532e+00 8.670013727784109392e-01
1.904980136612660413e+00 -2.750018114267712699e-01
1.449115707588067181e+00 -1.707029172923216542e+00
-1.689345214930159322e+00 -1.913758465369730377e+00
1.440325699183246932e+00 1.398184451566846676e+00
9.819045361389625581e-01 1.461307221433349568e+00
-7.903913928756077789e-01 1.164274866509056761e+00
1.533075507392668957e+00 3.994568737431045680e-01
1.194760029438207027e+00 1.270404938074058965e+00
6.206772815923849995e-01 1.267722485267640753e+00
1.581359734455215271e+00 -1.070838498249373494e+00
-1.172784478631612171e+00 3.959703121040192286e-01
1.526288673287149678e+00 1.337781149035814909e+00
1.268211787379865285e+00 -1.308564786382458767e+00
-9.433065990090733210e-01 1.813370333424622061e+00
8.987220774179115468e-01 8.727735370114966251e-01
1.375491863040231522e+00 6.461290929256373605e-01
-8.270283155372648576e-01 1.600967866682727170e+00
-6.766480278020471362e-01 1.714855438607315818e+00
5.907478635241495413e-01 -1.150713831741877247e+00
1.422879544305557076e+00 1.249298298800484375e+00
1.531355438659646850e+00 6.576248988883168778e-01
-1.419649109976326207e+00 -1.635976059248431369e+00
-1.471642980750335727e+00 1.722372903010170042e-01
-6.553460853287144949e-02 4.100304737798418087e-01
-2.198653940002305296e-01 7.921663659786990497e-01
1.576596212475569192e-01 6.712486377684880878e-01
1.422401205813781155e+00 -1.727387220780258303e+00
1.397820788793735947e+00 -1.044184203361659957e+00
1.878682907378816047e+00 -2.405505134953059843e-01
-3.328034370447809365e-01 1.938339973772220226e+00
2.269625954591970307e-01 -1.753699758636027450e+00
1.570597265735121262e+00 -8.297485626609757414e-01
-3.942355105635740320e-01 -1.413777994750182287e+00
1.978841999418612607e+00 4.972490192003526377e-01
1.616576514381955043e+00 4.091507736157629083e-01
1.453903363020276007e+00 1.563874643874180403e+00
1.830162454797297222e+00 1.031131823121752777e+00
1.811773010264976502e+00 7.369104223002709286e-01
9.604349245208886332e-01 1.632859380240485603e+00
1.769655528583933712e+00 1.845817895854697799e+00
-1.984565910254082244e+00 2.692160759495451083e-01
1.842372780827872258e+00 6.664056985378685738e-01
