1.358170330209918508e-01 2.309121589805757935e-01 1.499129735182660461e-01 1.272890633500997903e-01 -1.239767955547913941e-01 3.631052488750245999e-01 5.052436328976545737e-02 -6.268271166406243211e-02 -9.997462162123227358e-02 -6.886400542413904924e-02 -4.514655223103314352e-02 -4.549151945256667551e-01 -1.827326040923094030e-01 -8.444855104557359715e-02 1.866286668690433637e-01 6.938190724156488576e-02 6.825203523390908911e-02 9.556900302434154443e-04 2.006927398312682298e-01 1.167991588362865263e-01
2.289237107678799010e-01 2.112431443630435335e-01 -3.251717933467859201e-01 -1.665370622518699481e-02 -4.515726109394101184e-02 -6.011308616563451057e-01 6.969125630282377304e-02 2.512190779858493039e-01 1.324811013557056771e-01 -2.064701774602739348e-01 -1.209427532633832597e-01 -2.711908219973179768e-01 2.517762672936874058e-01 3.045954094977578186e-01 -3.692978959891908275e-01 2.205677895652705944e-01 6.525146157275359127e-02 -3.080668519661343141e-01 2.321747668245023599e-01 -1.073867596417932696e-01
-1.082095343262113596e-01 -2.705487841488105061e-01 -3.519499863557431496e-01 -1.531153002678321273e-01 4.603613187739312440e-02 -9.538946748698466926e-01 -1.898253526475121022e-01 5.099135321498665663e-01 2.203665986744725025e-01 -4.285481983877598711e-01 3.483048243595791571e-01 1.593143284347297295e-01 -2.384230028824562905e-02 2.663133747776771365e-01 -8.413769501014686236e-01 1.086477621352899825e-01 1.542175057164524472e-02 -3.197027397806447291e-01 8.376986584948530046e-02 -1.296431121684204768e-01
-1.708301161174501648e-01 -1.767085569324578498e-01 -1.746150230784279944e-01 -8.367614031527961446e-03 1.287932462654426402e-01 3.810758213810112004e-03 4.781263793529349874e-03 -1.015936283108147126e-01 1.582188108541188742e-01 -1.003184277816365419e-02 -1.267247738393984524e-01 -2.693481505909922635e-02 1.050964160985671525e-01 -7.865647054902923097e-02 -1.498200090227602829e-03 2.278478633646782159e-01 4.856517734592752378e-02 -2.947557415707881545e-01 -1.214711681852302383e-01 -9.665313249975712728e-02
-2.148516728755374416e-01 -1.095024648822768981e-01 -3.004150004592728296e-01 1.652616334983358914e-01 1.125097244354567871e-01 -3.477276706573915743e-01 1.683157539075776088e-01 -4.580991030169768996e-02 -6.976387576319424688e-02 -6.408392978380227090e-02 2.102123526945514631e-01 -1.751883844308755878e-01 -2.086213969726780082e-01 2.229400507782227855e-02 -3.436032146319259462e-01 6.487803839203877543e-02 1.159856627551506675e-01 -2.239496536176104613e-01 -1.250925737355530198e-01 -8.263493409764760544e-02
8.492874111081247235e-02 -3.320046824346926106e-01 6.313281999121819754e-02 -1.110718920922491720e-01 7.881816876153319856e-03 -3.816544549484380267e-01 1.066339821982330016e-01 3.224053709480227403e-01 1.597617334367926467e-01 -4.132523686682872954e-01 2.649525555816978351e-01 -1.186156766858996320e-01 -9.361281305121059437e-02 -1.511439024916598137e-02 -6.456195818649254625e-02 2.046400924858690629e-01 7.947978834565064266e-02 -2.134787950984805283e-01 -3.980856941261228660e-02 5.056160908950498023e-02
-2.122253547354367997e-01 -1.988245109208944816e-01 -3.374925584469269380e-01 -2.111114869300408092e-01 -1.921688701463443172e-01 -4.874079522239830320e-01 -2.234850432903434658e-01 1.130341676188842265e-01 1.284817267766042992e-01 -1.837079976828447925e-01 -6.353661444872908681e-02 3.807219940942636882e-02 -3.750087527928298858e-02 -1.464457436760496084e-02 -2.755122941380915291e-01 -4.364349864916349658e-02 1.259354923144138660e-01 -3.396961763242015153e-01 2.010912179464338905e-03 -8.922400390867830933e-02
5.783414406361649107e-02 -1.004657183629403261e-01 -1.912716465379161734e-01 -1.000173680165482443e-01 -2.432209344674824206e-02 7.358615176714708439e-02 1.307654456085099726e-01 -4.947123383604512536e-02 5.450861560335563266e-02 -4.063667489236261719e-03 1.476123380118640194e-01 -4.146900112223279172e-02 -4.477485640050350713e-02 1.591879679060175523e-01 -1.235527111619515589e-01 -6.989631977592579426e-02 -3.769217070690251276e-02 1.072454182630501046e-01 -1.043142357527116898e-01 -3.509211248193439686e-02
3.277626425890516060e-02 -3.332631605218351611e-02 -1.435786152411612226e-01 -2.056411594789312181e-01 8.265278767543363103e-02 1.232418199062536128e-02 -1.946519208408399315e-01 -7.140641458450787404e-02 1.236075424468133926e-01 1.079701233596421645e-02 3.663020548158700540e-02 -1.766670405060318250e-01 5.812150484334121375e-02 2.324605832709656858e-03 4.342507774321651554e-02 1.602649340740182060e-01 -1.111581993286016867e-01 7.778004031833646303e-02 -1.686724658611143957e-02 1.748205729635209649e-01
-2.051885897512031876e-01 9.079355893726165361e-02 -2.673687819715744873e-01 -1.256207168359328441e-01 2.818340944997293433e-03 -1.189093269633087480e-01 -5.209811564040621457e-02 -9.346673852207347533e-02 -5.119388966947965858e-02 -2.099547081282183147e-01 1.390436528187270204e-01 1.827927444972209936e-01 1.183040657719071180e-02 -1.125753170022957828e-01 -9.910737948539322800e-03 -7.059549403408683921e-02 -9.047898395550550699e-02 -7.041224713540365776e-02 -8.283583284479460740e-02 1.435630825164947444e-01
-1.164554003589742953e-01 -1.152476401299273590e-01 -5.673760334112020604e-02 8.610218267156089997e-03 7.046175975775990918e-02 2.165531021307906534e-02 -2.944089507053703272e-02 -1.924739781701579819e-02 7.603409122815181498e-02 -1.210772782155024735e-01 1.134878147694236700e-01 5.301867075127152107e-02 -1.833791279902328430e-01 -7.608180840794659394e-02 5.754540843623762170e-02 -6.719265598489880531e-02 9.027472844852646450e-02 -4.217858679441557207e-02 1.350486901943157292e-01 -1.570144507989208460e-01
3.269390072793587620e-01 -5.159714985237821017e-01 7.218095080277511233e-01 9.291160170176354649e-02 4.143543932519597184e-01 7.083368345752132367e-01 -4.658033109730625454e-01 -1.677187417651467005e-01 -2.206398255156780119e-01 -1.263280733647378085e-01 -3.639842632492376606e-02 -6.630043408190433585e-01 -7.643185585910394764e-01 -7.715148666183408999e-01 8.029032271953638888e-01 7.355948888926956419e-01 4.032658252559438716e-02 5.272453607133358311e-01 6.357020271169154801e-01 1.137565375780260346e-01
2.343970047472590523e-01 2.671242614310023744e-01 2.471114650842932692e-01 -1.141897074782986521e-01 -1.661013646598515914e-01 4.287415408912088055e-01 2.778669398049106731e-01 -3.964219475064807013e-02 -3.919749625860401154e-02 3.900854177364599940e-01 -1.880570096793197088e-01 -1.227485329873384268e-01 -2.634152871987508956e-02 -3.613437034110562607e-01 2.938995758999566887e-01 6.822423199104352132e-02 -5.843969126145356213e-02 1.487430757460096176e-01 2.903278989217112915e-01 1.472266903360516452e-02
-2.379931586128513406e-03 9.933751555255122823e-02 2.692575096620311581e-02 -1.367702172837015340e-01 1.688430980042134322e-01 2.372002210892726337e-02 1.315282847626800811e-01 -7.212137327183520963e-02 1.106651637388994247e-01 -1.497355478759479323e-02 -1.161845454834971730e-01 -1.851380870671484602e-01 1.731879300529096943e-01 5.881225797535472900e-03 -1.422598159069667079e-01 1.062477851425508435e-02 -9.544934582103069276e-02 -1.497988856609469566e-01 -6.292558999171132816e-02 -1.797646215494373145e-01
1.427663568109359959e-01 -2.474119167939639249e-02 1.287926701988674760e-01 8.936191162639389729e-02 8.255236385117774300e-02 2.025334253754830505e-01 -3.346482641180777845e-02 5.095219450473469081e-02 -1.246071810625824228e-01 1.508764794560487621e-01 1.051770681944987247e-02 -1.101872919152425551e-01 2.333984655352406568e-01 7.984032372957543255e-02 3.262549708979811669e-01 2.362677689404394377e-01 6.902715298035694280e-02 8.558791151135526631e-02 1.361097249983878044e-01 -8.924965087026312527e-02
-1.067272545036921927e-01 -2.291517459583461147e-01 -1.298120856878850482e-01 -2.036584566118703754e-01 7.965007201769790102e-02 -1.670483385540130483e-01 9.027485392098560935e-02 8.453477973692320735e-02 2.040735224677615867e-01 -8.794739614317463594e-02 1.772809901911241992e-01 -3.032959539175163199e-02 -1.142080107922729820e-01 -1.588984084591298918e-01 1.476731245878240562e-01 1.491229495192323562e-01 -6.951251468955771395e-02 -2.285421701254079785e-02 -2.300640874012861367e-02 -2.007254514545999124e-01
3.513507528545950498e-02 2.832898622589696269e-01 1.208464080213590003e-01 1.338969560850239437e-01 -1.400095463582258504e-01 4.797985730628788192e-01 2.324627019066445865e-01 -2.079692248429678425e-01 -2.745864076494661243e-01 6.731988564970627920e-01 -2.142802610200336688e-01 -3.503503594162932777e-01 2.709788899141434837e-01 -4.620716418252529545e-01 6.303826552741457201e-01 -1.848313619115547063e-02 8.426537216831471444e-02 3.501620030292092456e-01 -6.068294055532752473e-02 1.927882110670942062e-01
4.906089218756259918e-01 4.561479996105672896e-01 1.982005952617253430e-01 9.114513854952646307e-03 -1.768375935683237921e-01 9.779090533478301817e-01 1.890890090412891134e-01 -2.691529616081875242e-01 -3.094349630456593170e-01 5.923680939347365504e-01 -1.940881641407447844e-01 -2.969373422956091413e-01 3.867921636830327081e-01 -5.882103972106420553e-01 5.416136181856635590e-01 2.151885778489775747e-01 -4.055316386615559661e-03 5.297490816661496460e-01 3.503847389520056699e-01 2.363702787325508078e-02
-1.122142057742192556e-01 -9.283815237321217662e-02 -2.632823772179838651e-01 1.021932560466777291e-03 -1.083683914952326133e-01 -2.577141810901935060e-01 6.821996016110996874e-02 4.945191885111373947e-02 9.870151088409749585e-02 -3.159415158040116411e-01 1.329333274570611116e-02 -6.170472576562713307e-01 -2.102509678367137091e-02 -1.164557620657554748e-01 -6.135745432581305586e-02 4.282624253773694711e-01 -9.630534680793494118e-02 -8.719833420121139711e-02 7.028117265027969962e-01 -3.498475300841383251e-02
