-4.918840773660950599e-02 3.628081052301447840e-01 4.972347554223398580e-01 2.399038058872843826e-01 1.457466696613114676e+00 1.650690890961714272e-02 6.261379701123416242e-01 4.542296781558287644e-01 -5.649629589828516707e+00 1.100695877407975587e-01 1.581101687660740329e-01 -2.814154243380262987e-01 8.435028382971185290e-02 3.704165821122167856e-01 1.906809604159286353e+00
-1.207966250350279852e-01 1.031629903927691883e-01 1.868062443170453168e-01 2.455437950078248333e-01 -1.013269453029759376e-01 1.520301239885495093e-01 -4.528276590698436521e-02 -2.315344316459126139e-01 -1.891761646118804707e+00 -5.520887924978495898e-02 -4.348698553078899631e-01 -3.089478286089210046e-01 -1.522536621913680825e-02 -2.109165633619864699e-01 1.029162871306041199e-01
-8.191927138557177079e-02 -7.861133254655896380e-03 2.223519865941822327e-01 -9.608070358618357731e-02 2.047016116665861807e-01 2.816829418529247508e-01 1.681857469621337031e-01 2.585462949181899783e-01 -6.695688916619978448e-01 -3.996655421716272666e-02 4.140617529973077415e-01 -9.320181002177922724e-02 -4.944615341267452058e-01 6.245069775521518325e-03 4.890079586734460970e-01
-2.984754143993060271e-01 3.779399261737232535e-02 -2.294297936821005912e-01 -2.469425117622673915e-01 5.679966719533798697e-02 1.456872076384653492e-01 1.092083896309829771e-01 3.518574935361173939e-01 1.979905352852074252e+00 -1.730956757908378579e-02 5.352923292864139038e-01 2.007382175555518788e-01 -2.566427256002862811e-01 1.786318299334777315e-01 -2.714479201845048095e-01
3.809810816139603262e-01 2.008954648335302406e-01 1.343208483833790157e-01 8.377976201165703019e-02 -2.095581026610906505e-01 -3.857969111108870523e-03 -4.478339719342991909e-01 -5.407913567727673509e-01 1.244519783281481384e+00 -8.956290687203206924e-02 -7.363782741521510689e-01 -1.941847846352314222e-01 4.157416543916468976e-01 -1.322757888975921448e-01 -8.539757859586681876e-01
2.159718876500419521e-02 1.121005712433833928e-01 -1.271424779754312395e-01 -1.810246925283036101e-01 2.953349160890786015e-02 -1.892469633104058857e-01 -7.054796345037266103e-02 -4.425912567783042706e-02 1.483131240459139688e+00 -1.049414894784682778e-01 2.094380881953723239e-01 6.740323093959384171e-02 9.840244706646830708e-02 3.640034471995039211e-02 -1.868180473750252202e-01
-1.621822930444318245e-01 2.425552672488364911e-02 -2.407411305892259365e-02 -2.124143924507632952e-01 4.787437127102550649e-02 -1.543095869733633885e-01 -2.031439394692238776e-01 -1.370087368479535606e-01 1.058683894132792069e+00 1.051594187937076041e-01 -5.046685539246290042e-02 1.362449252760635499e-01 1.465569263569625746e-01 -8.402735411650358310e-02 5.525218913285239591e-02
1.719666528086217783e-01 3.959612726355040135e-01 3.942103052977569688e-01 5.597763634874916017e-01 -4.337644825608273913e-01 4.899983051476505813e-02 -7.982444145746582509e-02 -9.432278416686555589e-02 1.432052218088164075e+00 2.517288346874476113e-01 1.112018132657181975e-02 -2.792913098328647648e-01 2.792116955295546044e-01 3.141043198447989182e-01 -8.842234571331849535e-01
-6.179544973331946300e-01 4.568731196203001388e-01 -8.496028026600938032e-01 -8.545476965595982799e-01 3.388022761474403510e-01 -6.187642176011177719e-01 -4.873320508247548921e-01 5.120246142539791601e-01 1.612721994233236700e+00 5.973025908416460528e-01 6.505136886263799267e-01 -3.553515179070311780e-01 -6.472339778244959874e-01 4.438155524653084605e-01 -8.274878209568183873e-01
1.264315735864970647e-01 -6.496433552260418021e-02 -3.336488878983399631e-01 -3.746317261866329851e-01 1.020582464374636747e-02 2.146714876098957878e-02 -3.188224271820865874e-01 1.111050596841234167e-01 5.749043501777638676e-01 1.320395438880555550e-01 -3.220306688560413133e-01 5.358938409848287149e-02 1.645465297293740581e-01 1.062370183639488597e-01 3.469194146187896677e-01
-1.264617500939355099e-01 -5.441276002794551842e-02 -4.400289604269652655e-02 1.444164728675110219e-02 6.240356889319329525e-01 7.130832820827436025e-02 4.517532672048719111e-01 3.945313061389724152e-01 -1.529317876883202088e+00 1.756899160695134798e-01 6.327676232460365258e-01 1.700813184740156969e-01 -6.553905153354445678e-01 5.457021177088564740e-02 3.646150276834860815e-01
7.200092433813073955e-02 -9.936423646571618251e-02 2.867277673472200528e-01 3.359978962805725278e-01 -4.644065861094512915e-01 -9.676518015982639442e-02 -5.866992268997910792e-02 -5.062938366642805166e-01 2.828475791212424761e-01 -2.950987386992295208e-02 -4.268382607048877286e-01 -1.217141667428831009e-02 1.092812908371234154e-01 -2.243073137578159015e-01 -7.637427756664035838e-01
8.895081111887255532e-02 1.346342703194083612e-01 8.582127951255363874e-02 1.065251105701524176e-01 -5.647089967468634786e-01 1.103911022422284088e-01 -3.783472776999106668e-01 -2.180468035126556514e-01 6.458864626328232328e-01 -1.023459974526129412e-01 -6.249273381955245954e-01 -2.653876397325186098e-01 7.074883519757215258e-03 -1.492704337872214071e-01 -9.159000248413481232e-03
-2.033372223106200416e-01 1.726731907252361531e-01 -2.282348320129837238e-01 -2.037774955602337235e-01 3.387732917440665348e-02 -1.462692142685117769e-01 -3.637091577898139347e-03 3.038448565862135117e-02 2.099107264187136668e-01 2.357026983510564222e-01 -6.116328876439385692e-02 -2.171258513031385229e-01 3.608126253002984923e-02 1.667089570607079851e-01 -3.365329789296789831e-01
