-5.032655087536141124e-03 2.724699420329903532e-01
-1.326778950704690763e+00 1.840288357550659892e+00
2.027022544248551217e+00 -1.342504336906323648e+00
1.231196650683234334e-01 8.323007547508332049e-01
7.966532096930053486e-01 -9.832982315420939201e-02
9.541611142067994988e-01 -7.837571660193430878e-01
-7.336237856033589466e-02 -1.211859124793217279e-01
-2.246994239408714455e-01 -1.306581662602518623e+00
3.748675830254685759e-01 -1.019334001353021879e+00
-4.422705372589250672e-01 1.734610984358352148e+00
2.271642295473458528e+00 1.351146889435623333e+00
-2.561702405993580456e+00 -1.454686958494730398e+00
-2.645912649961645879e-01 1.178733669371342163e+00
