-1.558478689274127360e+00 -1.263677338168731623e+00
5.540658245375931212e-01 1.141313430321520411e-01
-1.049190572975712055e+00 -8.719954504529485728e-01
5.879172080195678163e-01 9.225120780267287435e-01
-1.936658622685019093e+00 -5.858624064928852349e-01
1.124297036179447984e+00 1.668045316119677324e+00
2.898889540701545253e-01 -2.540360865053982176e-01
6.887471444194057657e-01 -1.183605590783703088e+00
8.014790519272421143e-01 2.162009212302172578e+00
-1.176636542421442666e+00 -7.449569218269345983e-02
-9.669329956129328885e-01 8.046694829217481137e-01
-1.548372162262192875e+00 3.252884547407528526e-01
-1.904653893673668552e+00 -2.076802807463021150e+00
7.234764826130382631e-02 4.027071810200596319e-02
-4.099756053189443916e-01 -1.397671611365764344e+00
-8.623346244439307196e-01 1.830936669968140362e-01
9.527330919074358251e-01 5.329007204632443262e-01
