-1.675549130502031359e+00 -1.391924747120907524e+00
8.109119948105928399e-01 -1.492273395490393062e+00
4.012559461325053145e-01 -1.284273830547758566e+00
-1.974505433685956324e-01 1.978309650294904243e+00
-2.043122736763658409e+00 7.000410241215353491e-01
-1.574047616909058922e+00 8.137690122820786520e-01
9.144636393536681451e-01 4.743312320651600911e-01
8.462295942553389461e-01 -2.396024863835767071e+00
-1.666574413144163103e+00 -1.451540480456454119e-01
1.834715534642330725e+00 2.149597528041569561e+00
9.686699840297453568e-01 1.144835464936608149e+00
-9.590704956922083690e-01 3.727811082378217344e-01
-9.317563537538590124e-01 -9.847686635166973401e-01
-7.285782361813974983e-02 -1.271927661020912259e+00
-1.243411063016268914e+00 -9.060302239201101226e-01
1.757024767233893670e+00 2.954743547201426068e-01
-5.666237712413042804e-02 1.854604301117543375e-01
1.070074309838518756e-02 -8.884683488079834213e-01
