-1.227917343529809496e-01 -1.382372824720895510e-01 -4.630794360224111395e-01 -3.974751997442769191e-01 -1.062563165058136583e-01 4.566056912564876447e-01 -5.849074096909829823e-01 -3.897007232970362001e-02 1.247924869763540889e-01 -1.111305575414308910e-01 -1.356561226848237989e-01
-5.827195380530343360e-01 6.630636429120079223e-01 1.241529259873221047e+00 1.760690442950053336e-01 4.203388765758447887e-01 2.386320556372332757e-01 1.870636642876210232e+00 9.944838498551909073e-03 -7.402956067148276122e-03 3.146813090898897824e-01 -3.110490478457347829e-01
-6.225742704339294609e-02 1.339928761427501558e-01 2.147761105890656497e-01 2.660973680333608010e-02 5.289095146175679801e-02 -7.238143791437799679e-02 4.672477379415151955e-01 -4.254917367717544335e-02 -1.164835071214650151e-02 1.423443578265567167e-01 -1.743342003613511104e-01
-1.964319254598117515e-01 3.017165828252240667e-01 1.376375841542240575e-01 9.398058163861994219e-02 -1.552222193990773491e-01 9.565165087068432104e-02 3.355719442928432605e-01 -2.302346676762981326e-01 -1.572791433278083739e-01 -3.070830962612683401e-02 1.042571164774499098e-01
-5.022834541311892165e-02 -6.970993639347748683e-02 -7.622664059202263753e-02 2.028310235158149732e-01 4.127371622276779228e-02 8.159929485576135344e-02 8.835257853765465796e-02 -7.344837794927529251e-02 -5.768137876374863221e-02 5.259398482296764182e-02 -2.051162456844251858e-01
8.830635074033898677e-03 -1.619434761503782683e-01 -3.289237088243695539e-01 9.096507824941869880e-02 -1.166956901712677824e-01 1.310610770363434818e-01 -2.701242620964612873e-01 -7.975379056765229124e-02 -5.776226841544145757e-02 -1.664968300383027483e-02 1.912514654548813642e-02
3.031869533985603882e-01 -4.185353144902527189e-01 -4.744868530483596913e-01 -2.039857935700520042e-01 -2.213272399581197314e-01 1.422316103021049327e-01 -6.994228200056162859e-01 5.198624397376277323e-02 1.783776279809904108e-01 3.987717938125522749e-02 1.056113435324204930e-01
1.054916633785186672e-02 -1.334616138727109103e-01 -9.516334133035421472e-02 -3.152383103370679125e-03 1.146896185277074542e-01 3.100162552828343923e-02 -1.843700705416710106e-01 1.192766075860875880e-01 -7.848110053337982450e-02 8.948823800444823118e-02 2.392205892092761355e-01
1.848381551422804692e-01 -1.583791157885891809e-01 -4.901475535918718984e-01 -2.364867193459710970e-01 1.394950648218011569e-02 -3.369308295085673283e-02 -5.167953743826617652e-01 5.543733206028744753e-02 -7.295470497491039763e-02 -2.486983138229239554e-01 1.620812128111529804e-01
1.575060383671704478e-01 2.409001855501644723e-02 -3.481513031965903331e-03 -2.346439156441648133e-01 1.090022061085629546e-01 5.102896738626536699e-01 -3.055229460179130774e-01 -2.040734825252689399e-01 -8.969402849202708083e-02 1.928045202979746797e-01 7.667383310321400358e-02
