-1.565074643177484792e-01 -1.333930081497080922e+00 5.527208590293570367e+00 -1.233589194578264409e-01 2.321109105397114319e-02 1.418091865838035093e-01 -3.109627420855126112e-01 1.654167010950710892e-01 5.515482037951263683e-01 -7.860638880096076919e-01 2.720497986520973854e-01 4.299433569193756299e-01 -1.196910533748288152e+00
-4.370818341236600846e-01 -2.645319929509693524e-01 2.045023511659763926e+00 -3.026000976648416385e-01 3.972713650562104126e-01 5.869475590658713715e-01 2.344389608496152688e-01 4.587282556065168659e-01 1.475829657764982650e-01 -2.032038483589271582e-01 5.810949042203474718e-02 2.042928494534050898e-01 -1.846807994975272482e-01
1.468509284090146853e-02 -9.913863354777240067e-02 1.693582681913995414e-01 1.413978838454504061e-01 5.890905275673171543e-02 5.571716863203349940e-02 -1.762363713120524145e-01 1.209377199435339029e-01 6.294467937209774488e-02 -1.804004078734894323e-01 9.249160855635919776e-02 2.014363583885822317e-01 -6.449917072589131384e-02
5.972183476501319310e-02 -8.145313690465226519e-02 2.245652526183611331e-03 7.835863167946446883e-02 -1.949979171276166878e-01 1.372635441908468534e-01 8.952802458497811922e-03 -1.587215475427548872e-01 -1.488865285590906529e-01 5.509095508846557215e-02 1.515613632699130964e-01 -8.634416213032237997e-02 1.804886129747448331e-01
-1.721280767211491591e-01 1.260299852092625905e-01 4.518053183113274196e-02 -1.789114363329313839e-01 -8.448746092050138379e-02 -1.498795660762652915e-02 1.220707423749543274e-01 1.464350597242369545e-01 -1.405261252137762207e-01 -5.665761371356167232e-04 6.169328511141761173e-02 -5.651297657063442809e-02 1.338384096403250623e-01
-8.083944016743724315e-02 -2.102661657223389435e-01 -1.569977826128907406e-01 7.840645686236334677e-02 3.136221148966823920e-03 1.527380016572075228e-01 1.666013278548845455e-01 1.406579849202440335e-01 -1.766813185808216446e-01 8.957912341335198814e-02 8.159322614299999166e-02 6.815824466728073738e-02 7.124625058024179614e-02
1.575146938105682903e-01 2.496828330571340335e-02 1.788527899231129661e-02 9.336262053643157310e-03 -9.623770066198578110e-02 3.698523455734603615e-02 -1.886027977688978230e-01 -1.335775064052373284e-01 -5.505522059176819888e-02 9.812809697165769673e-02 9.061052367854283141e-02 -5.434952932301024414e-02 2.315194619703551601e-02
-1.906896957250787672e-01 -1.537114308606462032e-01 2.786417175992351170e-01 -8.963802745209895062e-02 -2.607657558319095847e-02 3.233121566971171312e-02 -8.231989849479164068e-02 8.001649561657591097e-04 -9.668309892705434505e-02 -1.917165077912997007e-01 -1.253319484548588714e-01 1.520431450794421276e-02 -1.891495264080474137e-01
-4.477058790740700428e-02 -7.616534354489701286e-02 -4.148945335649138061e-03 -1.665121680604395027e-01 1.862190581066028583e-01 5.114375764736392264e-03 1.448289525419586832e-01 2.060692727922935341e-01 -5.963828684086134452e-02 -1.269562623173002731e-02 8.132714705103101516e-02 -2.699506115463404937e-02 -8.594573385410085586e-02
9.760968112298942789e-02 1.499376202384444801e-01 1.884682708899173831e-01 5.497398671919694751e-02 -5.946070074850916959e-02 1.800448663522454806e-01 4.753128835812664432e-02 -1.844582611174353792e-01 -1.631984167309284695e-01 9.548567425550674725e-02 -1.747001493439847286e-01 -1.942885859080282773e-01 -4.893165143377834619e-02
7.647451341863415603e-03 -2.263158187176148722e-02 1.923132582971615392e-02 3.491201404155179489e-02 7.031134273385919453e-02 -2.970428812892800252e-02 -5.644789140430778174e-02 1.947977635504147820e-01 -9.475365696841796248e-02 1.096528486929139318e-01 -2.690487808179748905e-02 -5.609927370740016433e-02 -1.769868286340832153e-01
1.250255487091633810e-01 2.135899410519199321e-02 3.594032522626104953e-01 -3.992261855008610166e-02 1.349943721527684382e-01 -1.123193613114527034e-01 -2.087186709548777622e-02 -7.584074415813940595e-02 -1.606134084574840915e-01 1.452347068694621324e-01 -1.062989768933466361e-01 -1.223250262819134820e-01 -1.717661758573651720e-01
