-2.916843928040587786e-01 2.626953042428848417e-01 4.388626728141242772e+00 -2.967868804371066038e-01 -2.815339710770615733e-01 -3.203129327900052226e-01 8.345791620213659501e-01 1.684269558966784430e-01 -2.084524873919086085e-01 4.916137478857933729e-01 1.562778328509587311e+00 -5.873638248371209070e-01 3.007765649487370574e-01
-9.673220611277462411e-02 2.981696421878383130e-01 4.430862198041241040e-01 -1.070077592370750758e-01 -2.256281720950540914e-01 -1.752852566068458795e-01 1.008883391290022052e-01 -4.360827766617664247e-02 -2.546832278469071120e-01 3.055300171659460773e-01 3.033996054970383160e-01 7.530755630870809847e-02 1.740002380342470789e-01
-1.910794387253592422e-02 -3.781397976087309820e-02 1.184611842750760841e-02 9.872073690367129395e-02 1.381738078584303087e-01 1.019898053768946433e-01 -5.033965335577463007e-02 2.188355876665290523e-01 1.811919661684230354e-02 -7.057927764065376197e-02 8.258537136062056583e-02 1.800499115809069683e-01 -7.663729492596216622e-03
6.609031551377189673e-02 -5.644424335313453361e-02 -6.831015437007342816e-02 7.829033439120339222e-02 -2.017129524542980723e-01 1.175749024107582835e-01 2.440977274421934212e-02 -1.543262118257810178e-01 -1.731212821343781905e-01 7.694431040863417004e-02 1.628733313121294990e-01 -9.340494275354431497e-02 1.998638951137481357e-01
-1.609077102719606300e-01 1.498440469050918156e-01 -1.264966222413603340e-02 -1.709677478448471677e-01 -9.133248881220976112e-02 -2.508818814561784502e-02 1.207348145323879351e-01 1.471478407801689869e-01 -1.582195354702581602e-01 1.568723983943976982e-02 7.529372204168560678e-02 -6.488874824261960106e-02 1.533531389811094436e-01
-8.970080026787798089e-02 -1.859129219023159252e-01 -1.359239655565041005e-01 6.736707608249165036e-02 2.163905725331959073e-02 1.731687224529731006e-01 1.810892820869877684e-01 1.660534695901810798e-01 -1.926645245074823098e-01 1.121520125491720365e-01 8.201938216292212203e-02 6.002105635794649507e-02 8.928769496645090620e-02
1.536036213156786734e-01 7.513276532514942541e-02 4.738501312251523767e-02 2.567834939030655926e-04 -1.216313900429384920e-01 2.140356697707081896e-02 -1.740518539169644552e-01 -1.311439200244693959e-01 -8.903775294999917433e-02 1.512515873791844545e-01 1.219545010665662454e-01 -7.165221131531568366e-02 5.632895434097114767e-02
-1.863015671383901062e-01 -1.269257087118803862e-01 2.594928903516121044e-01 -9.120584015408594869e-02 -4.399598233285930554e-02 1.276101158037269007e-02 -7.073995211058967114e-02 -4.345517438219060127e-03 -1.150913628742415984e-01 -1.683563575629349607e-01 -1.191769654803041673e-01 5.066723269846574312e-03 -1.679424111481685467e-01
-4.032036503981555053e-02 -6.513690713237846319e-02 -1.900202238264621021e-02 -1.627635514282578244e-01 1.622996351785409852e-01 -1.396227047148297824e-02 1.427222209571068490e-01 1.930765695763642653e-01 -6.804392503873958609e-02 -9.245776753169545866e-04 9.260805469535973722e-02 -3.302553316944475958e-02 -7.337512892474092052e-02
9.254661981761952427e-02 1.600369811361820327e-01 1.981569066206482765e-01 4.943199321724588841e-02 -5.026415535930468109e-02 1.882978671562536843e-01 6.180265131223089403e-02 -1.717886834078329872e-01 -1.685623578127910249e-01 1.032403377915414866e-01 -1.733372279386432568e-01 -1.988149005837168692e-01 -3.917874216566396423e-02
7.269958847025648381e-03 -1.764495051316605778e-02 7.390623516471331658e-03 3.297396827700011662e-02 7.127302150813863424e-02 -3.286106802524106640e-02 -4.690719768575397908e-02 1.968013102463300745e-01 -9.951056202485211721e-02 1.138723739059953333e-01 -2.699209905880493171e-02 -5.988079828395435900e-02 -1.705929523508223633e-01
1.367069556055979518e-01 1.024339160332567722e-01 2.758026583479269433e-01 -3.670936981681797301e-02 6.535197674022856507e-02 -1.677044298926061439e-01 -1.437394328818960947e-02 -1.068701765671844078e-01 -2.081481779827687728e-01 2.185956827857836737e-01 -8.597647162004563859e-02 -1.495603975919316542e-01 -1.119008776034415009e-01
