3.324655315878351503e-01 1.415486705900780295e-01 -1.764950497359300818e-01 -5.490723307331478453e-02 -1.285607224101819879e-01 -1.408948730839567898e-01 8.306900356528923446e-02 -2.887685728947741448e-01 6.785342141103783975e-02 -9.767244194950744363e-02 1.629955459296247855e-02 -4.224449373662805124e-02 3.033550213251919314e-01 1.304522196627606323e-01 1.018153146478920912e-01
-1.388921106046894505e-01 1.049143120579803384e-01 7.769111648662960223e-02 5.376611463672965885e-02 4.463882433885481976e-02 1.483671251369713395e-01 4.478418043501649487e-02 -9.255049391229458466e-02 7.113782803884985406e-02 -9.644722270786371121e-02 3.061578603155501108e-02 -2.110009842706383476e-01 -1.184109776458359964e-01 -7.063814787678000806e-02 1.052297350421585176e-01
1.157310639897387167e-01 -6.822986134050393336e-02 4.226468564310234544e-02 -1.944543300806398090e-01 -1.584595707033892298e-01 1.801484966896930162e-01 -9.412279820190534718e-02 -6.829235363726395003e-02 5.235872659963135972e-02 -7.264802279780765981e-02 -2.016001479048120174e-02 -1.121741509541031717e-01 -1.614728577913324414e-01 -1.369643108872115322e-01 -2.006773251638614567e-04
-1.498826414040983213e-01 -5.458083965298372170e-02 -8.138843476783287623e-02 -5.312252733805973570e-02 -1.751942015957675125e-01 1.451462177251954533e-01 -2.324283351573264156e-02 1.166086531370900958e-01 2.104712745852540812e-01 -6.065727302192368969e-02 -3.350352390565684846e-02 7.597704908311370131e-02 -3.194185722362299744e-03 -9.800547606849964455e-02 8.157687619960952985e-02
1.809111692523473480e-01 1.625974082667051013e-01 4.438819708050651541e-02 -6.058437896283488250e-02 1.709414800345122054e-01 4.372445611667105658e-02 -1.827014451330363776e-01 -1.874835963009210682e-01 1.257740112210577743e-01 -1.684314976980980094e-01 -2.090719356728102385e-01 -4.863791717513114149e-02 2.536239622152631351e-02 -3.002792320591847822e-02 -1.316488793209879930e-02
6.576803606844602856e-02 6.060619249905850603e-02 -4.190687602272003681e-02 -7.070703174682413383e-02 1.704401900881967191e-01 -1.144662198503972744e-01 9.684013097779214929e-02 -5.672580881389385765e-02 -2.264293411913594414e-02 -1.663117111337317211e-01 1.237510891431732318e-01 7.302552306889628642e-02 1.889475336703916042e-01 -3.591589813526475244e-02 5.740734985490000830e-02
-1.080360787916498505e-01 -5.215036604761261879e-02 -1.299262003062725268e-01 -2.049398113506501473e-01 1.433360626462764909e-01 -1.371672808654895714e-01 -1.593008719282968666e-01 -1.617155236002159879e-01 1.741447404569887111e-04 3.167579369262309846e-02 -1.644751659207421002e-01 1.838987680351109044e-01 2.283393713065106079e-01 -1.598623988874462443e-01 -5.463242886346275640e-02
1.782579018340064991e-01 1.371437269942272497e-01 -2.478588100145049516e-02 1.252258437446797656e-01 -1.606129012616150098e-01 -4.852112115888788241e-02 -3.812022332710027911e-02 -3.043287094435134094e-02 3.841891478049507588e-03 8.127073044101873478e-02 -1.559404216983257263e-01 -9.403245549626565447e-02 2.582375775519575867e-01 1.256800299232849749e-01 9.154343217725206816e-02
3.991656488679769521e-01 -1.887405613777315694e-01 -2.072281030097506971e-01 -9.180845998997953783e-02 -3.639568635071307456e-01 -2.119099856573563589e-01 -1.080788859152413961e-01 -4.209530931560626077e-01 5.163715705122613464e-01 5.170047400140096588e-02 -5.509453951306424180e-02 -3.553868816669364383e-01 2.704032251668755937e-01 -3.440976676360453790e-01 -3.794100738626149938e-01
2.279700251411101164e-01 -7.920079717391032004e-02 -1.548835037256098279e-01 -1.754398327413398684e-01 -1.391445113386426471e-02 1.470903973991885272e-01 -2.975876022440053850e-02 7.674845488029839735e-02 1.058394355443593449e-01 6.145682994389798509e-02 3.501977212679924928e-02 9.635360447076518620e-02 1.647509222013736618e-01 1.677439255970708532e-01 6.862896502221631223e-02
2.166499886199750313e-01 -1.146270273602220668e-01 8.289429316915257126e-03 2.628279047741947580e-02 8.164419009468630584e-02 -2.517594517281350128e-02 1.011840838166905288e-01 -9.543054706161457901e-02 1.019134693078776188e-01 1.639872120857661930e-01 1.096356756354580769e-01 4.555008358102304727e-02 -1.705346658564167728e-01 -1.351990587962739465e-01 -1.167202213584818231e-02
-6.426538778397637708e-02 -1.740107154074283513e-01 1.390092002595564036e-01 1.672932613618534070e-01 -1.084971420325085006e-01 -4.941210260085345668e-02 1.136915035354318371e-01 -2.068906720584716141e-01 9.735823350545064203e-02 -1.353526894798069424e-01 -9.368606605967878809e-02 1.215782746255528457e-01 -1.574560821024021673e-01 -1.926096381219620512e-01 -4.267176783731056050e-02
5.065049298782121207e-02 1.388030837526248451e-01 7.578337629560862043e-02 4.867320297430859782e-02 -1.849240895914132377e-01 1.707286739522072272e-01 -5.442000456740993947e-02 -5.161820657323626209e-03 1.704788077462682933e-02 -1.619447064750416387e-01 -3.313193254657021553e-02 -1.547747587840581640e-01 -1.504754927485490168e-01 3.018092549825043130e-02 3.407360858324356284e-02
-7.292508786463505061e-03 7.299721963386576577e-03 -8.974819880788335869e-02 -9.950015586602485584e-02 -1.839969584218599519e-02 -6.693023196994543622e-02 1.022122594453015593e-01 -9.597404720233378150e-02 1.645753170300350843e-01 1.090521948418853165e-01 -1.169818707765092891e-01 -1.943604628264040679e-01 1.709247155554854680e-01 7.478709834451089875e-03 6.766044928386802382e-02
