-6.241024372332079073e-01 1.398709805708231668e+00 3.612134599836652193e-01 6.468697018306960311e-01 -3.353483360907002497e-01 4.893021489338780228e-01 -2.373852084455414513e+00 -4.924707395103801177e-01 1.261894928990139553e+00 4.442298782793946188e+00 -3.570989393449783278e-01 -2.671911869429698161e+00 -3.758855879932560651e+00 4.834901084173689467e-01
-5.959735681618012759e-02 5.110907828282404974e-01 2.255918301927468672e-01 4.231172111764325977e-02 -2.571096480605009060e-01 -2.128598447271888225e-02 -8.335969182719888959e-01 -8.465629586996179651e-03 5.656929712434664026e-01 1.733804402563587921e+00 -3.141816085758503130e-01 -8.732531081927846772e-01 -1.391985156689350633e+00 -4.240429897233688461e-02
-1.351308112740990108e-01 6.672489449423628372e-02 1.451297866760116739e-01 1.549042824659125905e-01 -1.749591910663038374e-01 4.697462683017494811e-02 -1.295638487345407153e-01 -9.861338385410386986e-02 2.291095184387349215e-01 2.251007384562869473e-01 -2.310041392298919916e-01 -3.995635900988994682e-01 -2.040264393246756514e-01 1.403364795480713800e-01
1.683002230812931377e-01 2.043608063598748859e-01 1.689930559423518941e-01 -1.760895220090629154e-01 9.460689992388943148e-02 8.517702911839100666e-02 -2.623732354641196765e-02 7.726549333203058811e-02 1.880220857025393377e-01 2.207278155109737294e-01 -5.857227170148314455e-02 -8.523518492208953523e-02 -2.688954568250144228e-01 5.761096131622080868e-02
-2.023466089082170960e-01 -1.322879405220078464e-01 -6.130204851211642353e-02 1.124308047449223691e-01 8.203482288158496505e-02 -5.887872137544793161e-02 5.816234503720590888e-05 -1.899200105294339413e-01 -1.283211414369604120e-01 2.809296447119546403e-01 -9.091070162264167087e-02 -9.697750528361107070e-02 -5.692430237333811344e-02 -6.637921316347994427e-02
-1.356187560939432074e-02 -8.746870779995569167e-02 -1.767709457547243235e-01 -1.296619645792910225e-01 5.282315516043675774e-03 -1.655095505120304233e-01 -4.665941008276084517e-02 -7.415663544086899261e-02 -1.857670828985803768e-02 -1.524125440267896925e-01 1.578482925310298601e-01 -1.945418668967571416e-02 1.300508585353468971e-01 2.023709201469965080e-01
-6.504470252462435376e-02 -4.681118216940729874e-03 8.105471018342473577e-02 -2.758639353698506477e-02 -8.045733010812936015e-02 9.493300368670344602e-02 1.357709000777221342e-01 1.662663931082794255e-01 5.409697240722734918e-02 -7.660824996411779580e-03 1.882026120708765460e-01 3.057011497901259561e-02 -2.126144329984622217e-01 -1.613708731724426138e-01
9.760396740660876036e-02 -1.674492881328324134e-01 -1.946836963870110238e-01 -4.364341166791907423e-02 5.421816983034181275e-03 -1.765308238953314929e-02 -1.965618951394591807e-02 3.098268028192599846e-02 7.880434710661955722e-02 -4.554170282567179470e-03 -5.568466394881684683e-02 1.781918228905587098e-01 -1.225308009061231440e-01 1.161877769184362641e-01
-3.297309688603204669e-02 -3.754487125793014302e-02 -1.714467550697330311e-01 1.473134971662908022e-01 7.779364635479492363e-02 1.654685753840290929e-01 -4.051312539757277037e-02 6.605978386918903711e-02 -1.348568792343383393e-01 -6.547602559009821528e-03 -1.217432464657933755e-01 -2.071582081651014429e-01 1.456931253632957890e-01 -1.026342861765422582e-01
-2.133356829500133722e-01 6.384088566062941228e-02 -4.434512973041595044e-03 2.480728698942754815e-02 -1.838865514357815312e-01 2.569297645697430355e-01 -5.638190315282750470e-02 -2.031342495474636467e-01 1.318321888105396800e-01 4.710263717700797215e-01 8.829789420784955878e-02 -2.853683830903493979e-01 -1.624327361436922468e-01 8.004288390819795651e-02
-1.083954259644144720e-02 8.702825184619435162e-03 7.415372515203265402e-02 -1.187364833772539402e-01 3.774698539229197347e-02 -1.032958587098318920e-01 -8.096392886759239127e-02 1.775888219235038923e-01 1.675653302412909718e-01 1.479724205927742675e-01 -1.935888998116487847e-01 -1.599637746501730018e-01 -1.154034536794521226e-01 1.380641172703812314e-01
1.311351412487299362e-01 5.208367254316694644e-02 9.154356226292313659e-02 1.205444198074247242e-01 -1.777598544945900028e-01 -1.605052504794905188e-01 1.281355021450364673e-01 -1.903624736502514680e-01 -9.247527809192476744e-02 -1.543501668427961215e-01 -2.000752368614608645e-01 1.154221332712733333e-01 -8.894135266951068430e-02 -1.229557887726745874e-01
-1.661064216563011564e-01 1.287711065076319050e-01 2.031077018293442615e-01 4.243943627429819926e-03 1.447414887477920242e-01 2.325581333249584007e-02 -4.854382372286693281e-02 4.926705336030729604e-02 1.829964013733302863e-01 2.228618868501261452e-01 1.739432492653912032e-01 1.010277473422710286e-02 6.545264531768714422e-02 -6.500483066445252034e-02
