-1.703758770396707201e+00 1.191812218558419900e+00
1.672373492640862436e+00 4.897073053957105571e-01
3.554290967634363141e-01 1.071635189943130229e+00
-1.624095080692335102e+00 9.172689770578541513e-01
7.442014849396957343e-01 -1.455501448041079282e+00
2.607147177727278109e-01 1.149203363670740607e+00
-1.032619712883050100e+00 -1.753492520620274941e+00
-1.586559803348433162e+00 -7.014406660270380289e-01
-4.629627098724855561e-01 1.406810966910737370e+00
-9.035101525012659285e-02 1.124949533554711945e+00
-1.056209677034480876e+00 8.670013727784109392e-01
1.904980190791427219e+00 -2.750018114267712699e-01
1.449115653380187663e+00 -1.707029172923216542e+00
-1.689345269138038841e+00 -1.913758465369730377e+00
1.440325753391126451e+00 1.398184451566846676e+00
9.819045903468793801e-01 1.461307221433349568e+00
-7.903913392697671236e-01 1.164274866509056761e+00
1.533075561600548475e+00 3.994568737431045680e-01
1.194760083646086546e+00 1.270404938074058965e+00
6.206773358002971586e-01 1.267722485267640753e+00
1.581359788642963782e+00 -1.070838498249373494e+00
-1.172784486670309212e+00 3.959703121040192286e-01
1.526288727495024755e+00 1.337781149035814909e+00
1.268211753762311211e+00 -1.308564786382458767e+00
-9.433065448011564991e-01 1.813370333424622061e+00
8.987221316258283688e-01 8.727735370114966251e-01
1.375491809128663867e+00 6.461290929256373605e-01
-8.270282639306727468e-01 1.600967866682727170e+00
-6.766480820099592952e-01 1.714855438607315818e+00
5.907478097461024147e-01 -1.150713831741877247e+00
1.422879567809413048e+00 1.249298298800484375e+00
1.531355492747282776e+00 6.576248988883168778e-01
-1.419649063408354728e+00 -1.635976059248431369e+00
-1.471642926542456209e+00 1.722372903010170042e-01
-6.553455432712035345e-02 4.100304737798418087e-01
-2.198654480698192248e-01 7.921663659786990497e-01
1.576596747729316628e-01 6.712486377684880878e-01
1.422401190726468423e+00 -1.727387220780258303e+00
1.397820734585856428e+00 -1.044184203361659957e+00
1.878682853170949851e+00 -2.405505134953059843e-01
-3.328033828368534008e-01 1.938339973772220226e+00
2.269626496404982818e-01 -1.753699758636027450e+00
1.570597283532109145e+00 -8.297485626609757414e-01
-3.942355647715015676e-01 -1.413777994750182287e+00
1.978841947513795940e+00 4.972490192003526377e-01
1.616576460203987597e+00 4.091507736157629083e-01
1.453903417228155526e+00 1.563874643874180403e+00
1.830162509005176741e+00 1.031131823121752777e+00
1.811773064424579527e+00 7.369104223002709286e-01
9.604348709707748455e-01 1.632859380240485603e+00
1.769655582791813231e+00 1.845817895854697799e+00
-1.984565964455770271e+00 2.692160759495451083e-01
1.842372834935683379e+00 6.664056985378685738e-01
