-9.191235958801555750e-01 9.992400316851492159e-02
5.846222287034841258e-01 -7.814014262133613942e-01
1.248101119787887736e+00 -1.208229139911940697e+00
-9.473206263693574325e-01 -1.878308911577451834e+00
5.166257315150775131e-01 6.615906248573377724e-02
1.247738339313626987e+00 1.561584609941891522e+00
1.733645119876197516e+00 -2.186054333429149565e+00
4.698285881117091889e-01 8.166491325086470132e-01
2.962595433542924428e-01 7.469002215136616440e-01
8.876620080693677917e-01 5.013931025020936794e-01
-3.679268827876289172e-01 1.889635985491192882e-01
