-2.891293838439297770e-01 2.587180613734922363e-01 4.388626728141242772e+00 -2.900367510929312553e-01 -2.749756643343477802e-01 -3.137719423891635051e-01 8.345791571771717932e-01 -1.608897787267028201e-01 -2.033585556361403590e-01 4.916128757465732524e-01 1.562778328509587311e+00 -5.887687827327239276e-01 2.984427394851806303e-01
-9.519150401883955115e-02 2.959946827860930885e-01 4.430862198041241040e-01 -1.026126215234451078e-01 -2.219926950846171365e-01 -1.709246834173678842e-01 1.008883349174057170e-01 -1.633325553338787206e-01 -2.520897389374200381e-01 3.055294074853404651e-01 3.033996054970383160e-01 7.409439978955235928e-02 1.725354828556954490e-01
-1.876004705860670127e-02 -3.838380030456624986e-02 1.184611842750760841e-02 9.959881929611628937e-02 1.391073937668064475e-01 1.028281808771327327e-01 -5.033965385270855464e-02 1.911340988451882272e-01 1.887164219687158598e-02 -7.057938589473544688e-02 8.258537136062056583e-02 1.799047329018108043e-01 -7.974350990528336278e-03
6.619072297234887547e-02 -5.657587623561328299e-02 -6.831015437007342816e-02 7.859141044834100365e-02 -2.014905069429774598e-01 1.178777886149930537e-01 2.440977241159858480e-02 -1.623733374897806669e-01 -1.729736147145464753e-01 7.694426691383897399e-02 1.628733313121294990e-01 -9.350049361976631168e-02 1.997658693161111498e-01
-1.608581825069579918e-01 1.497830952373747915e-01 -1.264966222413603340e-02 -1.708134036926556854e-01 -9.122844726281877092e-02 -2.493129372789371426e-02 1.207348143451563438e-01 1.439291382519641560e-01 -1.581552090001104582e-01 1.568721687784917218e-02 7.529372204168560678e-02 -6.494244838944648879e-02 1.533037464009346096e-01
-8.964319796657527206e-02 -1.859962240793288646e-01 -1.359239655565041005e-01 6.752854602030000652e-02 2.177783916713934426e-02 1.733281409013695817e-01 1.810892819408269627e-01 1.628576056579096598e-01 -1.925634752545992978e-01 1.121519904797390610e-01 8.201938216292212203e-02 5.997890340772898260e-02 8.923342062789964280e-02
1.537587072296256185e-01 7.490060562968818558e-02 4.738501312251523767e-02 6.799901859459818107e-04 -1.212464964899959557e-01 2.181795531623553080e-02 -1.740518542646621591e-01 -1.427027506116958500e-01 -8.874871034254110114e-02 1.512515309444376344e-01 1.219545010665662454e-01 -7.175270795887089825e-02 5.618488636936399411e-02
-1.862349779189158283e-01 -1.270195661718325209e-01 2.594928903516121044e-01 -9.101566253043344434e-02 -4.383905439471819099e-02 1.294977340107354193e-02 -7.073995229350374392e-02 -9.939398281530465937e-03 -1.149796336233091104e-01 -1.683563839740397083e-01 -1.191769654803041673e-01 5.014038458638844092e-03 -1.680057621915396482e-01
-4.028159729238416087e-02 -6.519369402371183453e-02 -1.900202238264621021e-02 -1.626559571273867022e-01 1.623940650351415882e-01 -1.385638530107616284e-02 1.427222208630447575e-01 1.897088644890907172e-01 -6.797430458531340813e-02 -9.245922443459842150e-04 9.260805469535973722e-02 -3.305268109675821298e-02 -7.341145732522200151e-02
9.256314304162654993e-02 1.600129236134147648e-01 1.981569066206482765e-01 4.947804982416724451e-02 -5.022412271256498917e-02 1.883432369375727111e-01 6.180265127136175263e-02 -1.739974248402158807e-01 -1.685329419814565466e-01 1.032403315342891315e-01 -1.733372279386432568e-01 -1.988266920537381244e-01 -3.919425581109581974e-02
7.287343896024810717e-03 -1.766723287671461209e-02 7.390623516471331658e-03 3.302685492013080620e-02 7.131081357180450719e-02 -3.280764207734526011e-02 -4.690719774636219197e-02 1.951140154633973778e-01 -9.948610555003388478e-02 1.138723661768534234e-01 -2.699209905880493171e-02 -5.989819790204843619e-02 -1.706100637407949594e-01
1.368830826510344656e-01 1.021702491460697720e-01 2.758026583479269433e-01 -3.622876046706525327e-02 6.578909929422037395e-02 -1.672338441238471196e-01 -1.437394368299863869e-02 -1.206442885618943944e-01 -2.078198693706728439e-01 2.185956186993051609e-01 -8.597647162004563859e-02 -1.496745115748666921e-01 -1.120644875089086001e-01
