6.575693240103280823e-02 2.547009104371359411e-01
-1.396348024668793375e+00 1.858057389127864667e+00
1.957515978585268490e+00 -1.324735305315316580e+00
1.934653335239976124e-01 8.145317231574394912e-01
8.663177466205410626e-01 -1.160988547381733432e-01
1.023813308033389324e+00 -8.015261976105836350e-01
-1.428689455658134766e-01 -1.034168808883103030e-01
-6.951326415185535290e-02 -1.289163075285466586e+00
4.446093090153079297e-01 -1.037103032785192891e+00
-5.117771501103940412e-01 1.752380015949359660e+00
2.202135729810185349e+00 1.368915921026630400e+00
-2.492178861319524596e+00 -1.472455990085868471e+00
-3.342716920853183726e-01 1.196502700962061461e+00
