-2.933595581775987338e-01 2.648289501251677724e-01 4.388626728141242772e+00 -3.002633103642106671e-01 -2.848161637797215762e-01 -3.235657520023814127e-01 8.345791652127297899e-01 -2.142948336833343237e-01 -2.111406264615975359e-01 4.916142831654284340e-01 1.562778328509587311e+00 -5.864821567196433216e-01 3.021212514063004728e-01
-9.776921800196039514e-02 2.993377098054081364e-01 4.430862198041241040e-01 -1.092797822533808499e-01 -2.274517008682935548e-01 -1.774575633771292849e-01 1.008883419040151747e-01 -1.495607251899796208e-01 -2.560540685579237863e-01 3.055303911096395875e-01 3.033996054970383160e-01 7.606879004527690447e-02 1.748447954945635818e-01
-1.933263066177098172e-02 -3.750843058275925984e-02 1.184611842750760841e-02 9.826954987446676060e-02 1.377070656849510299e-01 1.015733469832820618e-01 -5.033965302844446710e-02 2.086112274033424530e-01 1.772224206688818859e-02 -7.057921116749123203e-02 8.258537136062056583e-02 1.801410260973548561e-01 -7.484830177726989851e-03
6.602151723127634708e-02 -5.637348837283433223e-02 -6.831015437007342816e-02 7.813434655425773034e-02 -2.018247267064482986e-01 1.174238609088341240e-01 2.440977296339526259e-02 -1.634216197845078378e-01 -1.731994360197060823e-01 7.694433707611694762e-02 1.628733313121294990e-01 -9.334498856256344401e-02 1.999204413226755295e-01
-1.609421252717105344e-01 1.498768347269117951e-01 -1.264966222413603340e-02 -1.710478455951454924e-01 -9.138485021041141410e-02 -2.516648488551054275e-02 1.207348146557659929e-01 1.421732280724062047e-01 -1.582536183466135560e-01 1.568725391409019065e-02 7.529372204168560678e-02 -6.485505437298177966e-02 1.533816407418738259e-01
-8.973933137986266073e-02 -1.858681954612965426e-01 -1.359239655565041005e-01 6.728367290515802068e-02 2.156948242206527949e-02 1.730893337117176134e-01 1.810892821832912336e-01 1.612851034390720140e-01 -1.927179203160900856e-01 1.121520260872275465e-01 8.201938216292212203e-02 6.004750700922623780e-02 8.931898378640064362e-02
1.535008293690891534e-01 7.525736794417436926e-02 4.738501312251523767e-02 3.846882096814451809e-05 -1.218241921991026350e-01 2.119733130856858716e-02 -1.740518536878837008e-01 -1.408905032214539943e-01 -8.919040549372771187e-02 1.512516220058799099e-01 1.219545010665662454e-01 -7.158914854829009911e-02 5.641198822415503106e-02
-1.863464038221667451e-01 -1.268753006640291614e-01 2.594928903516121044e-01 -9.130415664438443213e-02 -4.407470025965324473e-02 1.266697317241332818e-02 -7.073995199006805068e-02 -9.746566074911030414e-03 -1.151504265104836278e-01 -1.683563413639954376e-01 -1.191769654803041673e-01 5.099782001214177816e-03 -1.679058833292420005e-01
-4.034621045992153182e-02 -6.510642217267849363e-02 -1.900202238264621021e-02 -1.628190994909154976e-01 1.622523104402552596e-01 -1.401498779836917764e-02 1.427222210190801643e-01 1.903095949494624517e-01 -6.808070309485944605e-02 -9.245687374974634505e-04 9.260805469535973722e-02 -3.300849787716580996e-02 -7.335418779748416329e-02
9.253558657466921800e-02 1.600498964043417793e-01 1.981569066206482765e-01 4.940821103987123181e-02 -5.028422019608166926e-02 1.882752770844720591e-01 6.180265133915847919e-02 -1.733404620022656606e-01 -1.685778962134101000e-01 1.032403416301030386e-01 -1.733372279386432568e-01 -1.988075014850176070e-01 -3.916979916276060181e-02
7.257985603601990222e-03 -1.763296980946679055e-02 7.390623516471331658e-03 3.294655025610486454e-02 7.125402065812630470e-02 -3.288771796279384846e-02 -4.690719764581671725e-02 1.944691091559286322e-01 -9.952351251576735391e-02 1.138723786444223451e-01 -2.699209905880493171e-02 -5.986988084321473447e-02 -1.705830803623388514e-01
1.365902184050406531e-01 1.025754287275222887e-01 2.758026583479269433e-01 -3.695729548548864346e-02 6.513301231605862773e-02 -1.679386339571824482e-01 -1.437394302806955550e-02 -1.175371048563366300e-01 -2.083215679378530860e-01 2.185957221073653312e-01 -8.597647162004563859e-02 -1.494887897898108942e-01 -1.118065807124402344e-01
