-1.861237208811608923e+00 -8.104954173932281680e-01
8.782182503905168192e-01 -1.805057613741711586e+00
3.825162913991302926e-01 -1.888441863195855275e+00
-5.517569476985912519e-03 1.568861229521677059e+00
-1.857347864915192437e+00 1.219932096997406179e-01
-1.632010034152767242e+00 1.480766622310540903e+00
1.315135210815008060e+00 9.824965394369052918e-01
5.705611981666396382e-01 -1.960015639688910349e+00
-1.873535409923910988e+00 4.692185496293900804e-01
1.872206769939392723e+00 1.477920378443862370e+00
7.808709530765373108e-01 9.230809427309704107e-01
-1.162221427894440939e+00 9.917746911685377809e-01
-7.351562039398955584e-01 -1.563589122194666059e+00
-2.586077585282019475e-01 -6.938980369657619107e-01
-1.429139705210781264e+00 -3.278415564907518620e-01
1.271994181545271330e+00 -2.442377740804662356e-01
-9.547176419971312167e-02 8.499852766499178536e-01
-9.945334330449515960e-04 -1.470054573896478978e+00
