2.278977752009367364e-01 2.542943199966253287e-01
-1.555771705448046216e+00 1.858463979569268343e+00
1.798240527095543273e+00 -1.324328714873496793e+00
3.550232479579301104e-01 8.141251327174096053e-01
1.026015654300993951e+00 -1.165054451784265782e-01
1.183481230713703480e+00 -8.019327880507198802e-01
-3.021443997360874212e-01 -1.030102904477586956e-01
1.439918067243429189e-01 -1.289569661401774425e+00
6.044712042210271807e-01 -1.037509623221703148e+00
-6.710526956522741004e-01 1.752786606391179447e+00
2.042860278320469014e+00 1.369322511468450188e+00
-2.332871685636459524e+00 -1.472862580527688259e+00
-4.939312391096062904e-01 1.196909291403841724e+00
