2.687113172698805119e-01 -5.773105720595551604e-01 4.380606812777839698e-01 -2.910706170058057762e-01 -6.937538050792401156e-01 -2.907864874356297924e-01 1.352219789317114229e-01 9.475411835378192427e-01 1.850772060821432419e+00 9.773924270538708603e-02 5.258658005267119462e-01 2.332852374153405739e-01 1.002304187391877877e+00 7.662470856726707469e-01 5.818239882989135747e-01 -2.587465469859051570e-01 5.338975674547287165e-01 -1.589528914132859239e+00 -2.162674251720713980e-01 9.000883210971373227e-01 4.439048777863235373e-01
1.017113289733455328e-01 -1.766191219180506811e-01 2.763169466746160929e-01 -5.630862693925824808e-02 -4.057489692209252929e-01 -3.110681294082537907e-01 2.329642835733245765e-01 3.084443092469238978e-01 8.679752327567441528e-01 2.030345989178632682e-01 3.632744409343309500e-02 3.865033470947212835e-01 9.221269014062588587e-01 4.229825190629407650e-01 1.118670066027013937e-01 -4.099477120312203793e-01 1.243410702162495440e-01 -5.915025225144335819e-01 -1.573008416443659185e-01 2.960317505534872939e-01 3.720074277823106623e-01
1.473899568640258950e-01 -3.468143520252519596e-01 1.650726585221981846e-01 -1.125589328553385920e-01 -1.649389494628794584e-01 1.847118766816423577e-02 2.097830792518320941e-01 8.565055423027076453e-02 6.657258962508816671e-03 -1.482120999510276767e-02 -1.429544397678628731e-01 1.459885220216737278e-01 4.905327648348481451e-01 -5.480059476049604916e-02 -3.895358654040826513e-02 -1.688737530803303966e-01 2.151639506363163257e-01 -2.372130531429005873e-01 1.523227668809661872e-01 3.307924166594827797e-02 1.261123277666090226e-02
-7.312416828754185472e-02 1.326002860538712524e-01 1.875276031489797046e-01 4.853475775135497605e-02 -1.636424881207572402e-01 1.916489634225153060e-01 -1.491052112829366061e-01 8.831065305872234927e-02 -1.892114030000159250e-02 1.625892069615358093e-01 2.082906353773257557e-01 1.463788591955895724e-01 8.142271743033191803e-03 -5.779876971257670581e-02 1.280361162182167278e-01 -1.082913734680678863e-01 -1.044697937748346669e-02 -2.106918946217744004e-01 -1.562032293876593481e-01 -1.426098030058851052e-01 -1.431093054381091245e-01
-1.683234520030478520e-01 -5.707547948598836601e-02 2.718724726256967206e-02 9.059850807266046913e-02 -1.653888951843436039e-01 -4.545625167794907495e-02 5.540881297294664165e-02 -1.327729637668499107e-01 4.355302517644594335e-02 -5.340490023453174639e-02 1.972138871695656992e-01 -1.621608073461119626e-01 1.227918251059239782e-02 -7.589383668025338064e-03 1.069134532208727562e-01 -8.650837328414608118e-02 -1.109299048786299008e-01 -1.103115920000218714e-01 -1.477041299946096550e-02 1.985271089071080908e-01 1.354906347679676326e-01
-8.666635149346733902e-02 1.721430564970681185e-02 7.882720715909383169e-02 1.165236846859672853e-01 -3.171376528189112642e-02 -3.923769898450280014e-02 1.107171575470182051e-01 -1.847398193546946621e-02 -6.733011628324084286e-02 -1.767298257832987038e-02 1.835102714896625631e-01 -1.390732214352244644e-01 -1.844390613199724293e-03 6.773192224656149341e-02 -1.498098256673575197e-03 -1.228592404955216183e-01 -1.958406297404969576e-01 6.921238345601002373e-02 4.442762194927767083e-02 -1.883001553654834737e-01 -7.312769072331386233e-02
1.095838094200838053e-01 3.892918611361462222e-02 1.934990273859030913e-02 -1.358235698799895863e-01 8.360512747425269398e-02 -1.527302409920709529e-02 7.594624142391671884e-02 1.206684223581442200e-01 -1.025805802383544796e-01 1.086972856282684002e-01 -8.731532246407121278e-02 2.009213647382177559e-01 -1.274014169790389506e-01 1.539883598537774290e-01 -1.761791269835049634e-01 -1.046555206543823974e-01 1.349451103183409856e-02 2.397000583969982265e-02 -4.459427210484395721e-02 -1.501917124510708523e-01 -1.006765031932045501e-01
-8.543438517093303319e-02 9.322421686649877415e-02 1.639478792997108025e-01 3.939430579488352457e-02 -1.848312252793462562e-01 1.099243661337623162e-01 -7.601233393083431378e-02 -5.181911427405237747e-02 1.405272553161823236e-02 -9.840049551852715626e-02 1.690291672810861623e-01 -1.291936074131289358e-01 -1.605053787472062246e-02 -8.424715179487468619e-02 1.425292987277979387e-02 2.395503992294831588e-02 5.399776637656118067e-02 3.794873329709601241e-04 -3.733295296227584492e-02 6.217008225357471829e-02 -3.914635893353564378e-02
1.123276518765618376e-01 1.121129714332887162e-01 -8.210561977518023025e-02 -5.123669765694183892e-02 5.025292884958794393e-02 -1.429534387960631481e-01 7.975019486550700976e-02 -4.288225064845768708e-02 4.191707668495509020e-02 -1.435589411351252676e-01 6.924171484149296840e-02 -5.637179098211629602e-02 -4.174496604381236660e-03 -3.210599707377013307e-02 -6.729517473702453095e-03 7.569102883138381643e-02 -6.969500109824737499e-02 5.124808589207306697e-02 -1.766299829931456677e-01 -7.246718618393468980e-02 9.978319764352708288e-02
-1.778209635038409675e-01 4.290406977000790767e-02 -1.884402236142538323e-01 -1.128264201072094915e-02 1.532519135240730246e-01 -2.011308562163224289e-01 1.222792610896934577e-02 -1.654281134601937597e-01 1.563375411804239501e-01 7.532960391904620912e-02 9.983601651720173942e-02 7.112628932421574679e-02 -1.855525338677001257e-01 -1.802461875687502990e-01 5.289595384383073695e-02 1.960291636812214466e-01 1.522582835520434053e-01 6.156078380381422438e-02 8.937833039901404986e-02 -1.016726660397920673e-01 1.029926602227788229e-01
-8.327318196623093027e-02 -1.635384729361874789e-01 -1.481277433679314103e-02 -6.769241116024482530e-02 -1.360966184402576939e-01 -3.840868855754738659e-02 1.613384610012589260e-01 -1.766529442200963362e-02 -7.269748714502236378e-03 8.482887214171955237e-02 1.366311394561405684e-02 -1.446830078653935370e-01 1.763846472901883511e-01 -1.751691845955799520e-02 1.204016719291937931e-01 -4.840383663847398071e-02 1.263290565834243595e-01 -6.139758385655441630e-02 -1.137582869061253971e-01 -1.118321263334775550e-01 1.790772872417106809e-01
4.073061920307045891e-02 -1.987050763465313674e-01 -3.987472284778757758e-02 -1.059597872977870586e-01 -1.805520405880730594e-01 -1.494774905150805522e-01 -1.654600125218247120e-01 8.234586609959446135e-02 -7.386155612102421331e-02 5.266921891977405928e-02 5.935118772897528261e-02 9.393150816307259399e-02 4.525415856176315949e-02 -6.540499758223497495e-02 1.667746700369369117e-01 -7.196280490866711899e-02 -4.616653372751290847e-03 9.163615407610400249e-03 -1.148870102057701235e-03 2.164571760984859705e-01 1.946142376618392733e-01
1.758074907615758686e-01 1.611461884621553098e-01 3.452194018245791779e-02 -2.525331671808096583e-03 7.683882700448808889e-02 -1.251503295785943437e-01 -8.687115866029218592e-02 -1.646356035850104482e-01 -1.108084249501599394e-01 -1.928425363524180480e-01 6.793594752406294235e-02 -1.359707662773807224e-01 1.411604279738700729e-01 8.050655986769396366e-02 1.982695872589723962e-01 -4.992241358799572037e-02 1.760873223495789397e-01 -3.876199298658205422e-02 -6.887132125936430704e-02 -1.388777064337762546e-01 1.584489423932319563e-01
1.191139148970486450e-01 -7.612936153098721903e-02 -1.691783120891952527e-02 -6.997618255958523714e-02 -1.920442595665591834e-01 -1.853100712917866988e-01 -5.013400989688434478e-02 -1.088537114914103349e-01 2.330606446864579712e-02 -1.234719766901115484e-01 -1.160828391657017927e-01 7.228671433835236193e-02 1.050141889069688000e-01 -7.016485043804107646e-02 1.477751942808539221e-01 -1.015150097088538123e-01 -6.065335543876875651e-02 7.528558665385082227e-02 -1.839392532096081889e-01 1.789828574422017982e-01 -1.683816860368504975e-01
-1.440269533391314895e-02 8.685685085701938535e-02 -1.810550697381289320e-01 1.246778339312729217e-01 1.907368268134991551e-01 -2.164169549335550474e-02 -1.492520575173391373e-01 -1.631661116978693760e-01 -1.539058809605214906e-01 1.088648986170802496e-01 -3.318126627013345126e-02 1.695639834821848491e-01 -1.745391211360255296e-02 -1.670699097245348375e-01 -2.688551287089108177e-02 9.991749072935676712e-02 1.334936332562025874e-01 -1.898665038163989682e-01 -1.295838014611442601e-01 2.233109878160059042e-03 -1.479734195593490897e-01
1.490333418855983028e-01 1.702461769567500949e-01 -6.991650614094964411e-02 -2.696822203488904654e-02 1.899542078933469727e-02 -8.891225255344230305e-02 1.685281802679445759e-02 -1.143190995254357023e-01 -6.911619484130469837e-02 -2.308247534459109684e-02 4.539285388041896380e-02 1.676376993188155931e-02 -8.782824653681053917e-02 -1.025610390527460780e-01 -1.494044992865541377e-01 1.108370740866397725e-01 -1.591474259154759541e-01 8.684319855778466213e-02 -1.014432912331633962e-01 -8.269828984768892721e-02 9.808009022991559522e-02
6.460314522325129316e-02 9.401923624288927028e-02 7.311265719147943404e-03 1.428510145467675740e-01 -1.551862077569569620e-01 5.646094683257422975e-02 -1.516377904341269234e-01 9.876571150215174288e-02 -4.432092198947010925e-02 7.049180016094030998e-02 8.440137060894957466e-02 6.594097440866990290e-02 -1.056799489965922351e-01 1.375174365134837484e-01 -1.018774454422160386e-01 5.455043261817388647e-03 7.140824138545229238e-02 -1.110886496940172025e-01 5.055028654326911702e-02 -8.140095790641184437e-02 -1.284543159419348213e-01
1.243962489106735791e-01 1.800131288155300616e-02 -6.726035441059018127e-02 3.417641162777281666e-02 -1.904912669531262370e-01 -1.502948987542568338e-01 -4.147371704794251129e-02 1.948558130230826912e-01 7.651655374661852152e-03 -1.691596854159701790e-01 1.073574368733110906e-01 1.145840115962474398e-01 1.166548337685608672e-01 2.883909652767302489e-02 8.072681617714536073e-02 -1.167528233770549762e-01 9.394763099550181018e-02 1.222830165282374065e-01 1.031797162817898600e-01 -5.599688731114763063e-02 3.798330630144015202e-02
5.306788382606798110e-02 1.576014949168426105e-01 -1.563232858878002285e-01 1.346390563530520668e-01 1.136472435153487552e-02 -5.542973684030658155e-02 -1.516683364515977565e-02 -1.909525506417623919e-01 -1.102290517277496051e-01 6.310448393135820178e-02 6.469924437842457243e-02 -3.584318806176926288e-04 1.872914653999332157e-01 -7.438054106795826889e-03 -7.205399455078262405e-02 1.371530716534977434e-01 -9.431630840141400074e-02 3.806982229887057728e-02 7.971457204344215008e-02 1.336418745717963263e-01 1.137349059999298445e-01
-3.822094055666504231e-02 -1.957715605763916678e-01 -1.813863299835957732e-01 9.360487372789695615e-02 1.755968658749203770e-01 -8.234718492175745197e-02 -8.399833957437550028e-03 1.184241259858563045e-01 1.093876513165881331e-01 -8.518772515770040021e-02 8.005719592934526507e-02 -6.564359654174964365e-02 -1.563704234822622247e-02 3.176824591287039090e-02 1.090521492179101076e-01 -1.530927774821801424e-01 -1.759008972719095509e-01 4.734830558358016708e-03 -1.992611466843703383e-01 -1.411434788858584588e-01 -1.007469707185761898e-01
