2.411707733052612657e-01 1.506679493115518076e-01
-1.002186996582354217e+00 1.942733592403029119e+00
1.483820234787607939e+00 -1.352052125916464176e+00
5.073789609067750339e-01 6.991519842904728721e-01
1.912789518524783183e+00 -9.519258545878331312e-03
1.088335935411393285e+00 -6.989712522909954373e-01
5.900882277062097225e-01 3.543664138105280872e-03
5.397896640978286920e-01 -1.183224230011647782e+00
4.546312168687416388e-02 -1.122567510689531867e+00
-2.465317511991431121e-01 1.848537226663807598e+00
1.201348874553942236e+00 1.263721274012232554e+00
-2.250935923277298301e+00 -1.407056074523899580e+00
-5.759183821901066036e-01 1.105703100576026721e+00
