-1.690110249852354585e+00 1.121252496587919811e+00
1.658724688255599045e+00 5.602436411666732452e-01
3.417793944431887776e-01 1.142094888513381257e+00
-1.637743439183056537e+00 9.878444361135355622e-01
7.305400414291973732e-01 -1.386158008106534112e+00
2.757805662313056461e-01 1.210569979119697326e+00
-1.046268070773670233e+00 -1.682917583028063824e+00
-1.572907879404314091e+00 -7.716743772215978181e-01
-4.493143513813082079e-01 1.336235507850930926e+00
-7.670265679470218700e-02 1.054374073603228101e+00
-1.042561318512118529e+00 7.964259135021535263e-01
1.918628549253204696e+00 -3.455772712610779007e-01
1.462783044518417785e+00 -1.775824092519953101e+00
-1.702993627628750062e+00 -1.843183006316028827e+00
1.425139416746815879e+00 1.328593432234709493e+00
9.681666833158085739e-01 1.523463092996383494e+00
-7.767429813673201178e-01 1.093699408366246129e+00
1.518706706146624175e+00 4.037430194787960391e-01
1.181062275408289342e+00 1.336356671630440918e+00
6.343256942922235186e-01 1.197147026195073405e+00
1.595008147113634589e+00 -1.141413957308871296e+00
-1.186432800304330737e+00 4.665458586826354836e-01
1.539937085985731091e+00 1.267205689982081385e+00
1.281861679916577401e+00 -1.379010819198581927e+00
-9.296581863104083077e-01 1.742794874370915625e+00
9.133644072427624661e-01 8.955834964683505595e-01
1.361843450932154198e+00 7.167045523847656030e-01
-8.133794517780221778e-01 1.530433851364307429e+00
-6.902964405086275956e-01 1.785430897728702337e+00
6.043982161664414043e-01 -1.221099442655885881e+00
1.436527904164801583e+00 1.178723601010213784e+00
1.545003851143918805e+00 5.870494421073083613e-01
-1.406000698396583370e+00 -1.706550207225341786e+00
-1.486642887853097061e+00 1.158968201790822605e-01
-5.188619583829009313e-02 3.394550147195636858e-01
-2.047087883213964954e-01 8.616095363572521260e-01
1.713087560678317189e-01 6.007105905986632743e-01
1.408751294650554708e+00 -1.656941579219544103e+00
1.383378317636233312e+00 -1.048425982498853770e+00
1.893856785365309214e+00 -1.709591142331154945e-01
-3.188741085969608036e-01 1.894061848109652946e+00
2.117917926484986224e-01 -1.823317090606427548e+00
1.584245827211015367e+00 -9.003105827936294103e-01
-3.799152191958661828e-01 -1.422541696541687273e+00
1.965193342286804201e+00 5.678073659524173200e-01
1.602928101743140044e+00 4.797262326698307766e-01
1.467551781368702013e+00 1.493299146448991088e+00
1.815853624004402977e+00 1.040558726134282796e+00
1.825421422867180787e+00 6.663349632175211701e-01
9.467865044591656787e-01 1.703434163773872356e+00
1.784812569949730143e+00 1.913677982783123177e+00
-1.998214322942746479e+00 3.397915349304239663e-01
1.856021193342716646e+00 5.958302379708749763e-01
