-2.268613582367024623e-02 2.537721086466650511e-01
-1.300724146813842852e+00 1.858986190918883841e+00
2.053574034092142675e+00 -1.323806503522767963e+00
1.077239355443328911e-01 8.136029213679322192e-01
7.720008535039772912e-01 -1.170276565265357949e-01
9.294135632175142270e-01 -8.024549994011995757e-01
-4.681089632282477847e-02 -1.024880790975888217e-01
-7.446337102931895047e-02 -1.290091871448352245e+00
3.504641005598987946e-01 -1.038031834553732269e+00
-4.157193147395714661e-01 1.753308817741908276e+00
2.298193785317122817e+00 1.369844722819179017e+00
-2.588166655075066380e+00 -1.473384791878417088e+00
-2.392187877685928166e-01 1.197431502754498167e+00
