2.093977741405821658e-01 2.856241427171682390e-01
-1.551076731477224468e+00 1.827134156877890492e+00
1.802300225249240162e+00 -1.355658537585320955e+00
3.430025677767405412e-01 8.454549554328264493e-01
1.020461674229935500e+00 -8.517562247699400624e-02
1.178047208743856711e+00 -7.706029653394381729e-01
-2.980846835590977850e-01 -1.343401131588933539e-01
2.785090799967443465e-01 -1.312081679958764235e+00
5.981044932621985000e-01 -1.006179800738774111e+00
-6.669923637280913420e-01 1.721456783679353952e+00
2.046919976474125491e+00 1.337992688756626025e+00
-2.337230200729496943e+00 -1.441532757815601640e+00
-4.879574181987418879e-01 1.165579468692254261e+00
