5.158675147158219010e-02 5.945221594198962789e-01 4.844117672376281325e-01 2.157656801656233081e-01 -9.236165391443279526e-02 6.929501088700950051e-01 4.887715476906112633e-02 -1.468203200092096927e-01 -1.807836312467360484e-01 3.206002794981709370e-01 -9.928927971784419493e-02 -2.308632344957996796e-01 -4.055955187901655323e-01 4.000956200978590394e-01 6.679475643390917483e-01 3.016786677485533419e-02 1.043900194736836762e-01 3.711617115205195216e-01 2.258033429511687729e-01 1.953142925406790853e-01
-1.371905167601570330e-01 -1.049659934157713970e-01 -2.436522685180440573e-01 -7.196073716901003892e-02 2.825961430658451845e-01 -3.061028413457213548e-01 -2.791517185547534585e-01 2.216038462995251201e-01 1.398208454045883620e-01 1.603234233143039367e-01 -1.369154896270971256e-01 4.486168916105653381e-01 -3.064459691530285745e-01 7.261867021017898161e-01 6.424715495965632739e-02 4.125700370016744944e-01 2.790148001385820420e-01 -9.282342096538769016e-02 4.422554238227198176e-01 -1.999580830645357465e-01
-1.087491206435944185e-01 -4.509692931684541883e-01 -3.305083059889519781e-01 -1.808822344620567568e-01 2.572364642520838518e-01 -6.497750410283551492e-01 -3.724423085681679013e-01 4.328305627658104449e-01 1.987084616275998361e-01 -1.324910460859295147e-01 2.980003997706331398e-01 4.672763437122823271e-01 -2.957245376183907370e-01 2.974616703080687485e-01 -6.149973315801363638e-01 3.684318551859444568e-01 1.832793838908049477e-01 -2.268969307725923201e-01 3.209490835824578281e-01 -1.759324784528476515e-01
-2.177420367479351027e-01 -2.726442009763840879e-01 -1.588201202515547861e-01 -3.638112643391641643e-02 1.784214898623258938e-01 2.024681013717571573e-02 -6.859457205294691717e-02 -5.960290999186715344e-02 1.915356220905572171e-01 -7.264207213244779429e-03 -1.106052495951105608e-01 1.874357529253501686e-01 -3.870219676639456707e-02 -3.212547350397960966e-02 3.546912895233622631e-02 2.647926969751893123e-01 5.916413922398738173e-02 -2.858235900555655684e-01 -8.614479970739119530e-02 -1.004534799978129139e-01
-2.387965876595247450e-01 -1.290806980105342061e-01 -2.712955280523230983e-01 1.625987281689472430e-01 1.721513468869990682e-01 -2.478250012782748368e-01 1.158956623344412906e-01 -6.834505639108851005e-02 -7.904334719677599819e-02 4.589098256930741054e-02 1.955025199007838221e-01 -5.748897563426418750e-02 -3.039715119291454548e-01 8.993701636548230571e-02 -2.438989636533459571e-01 1.240988363272010481e-01 1.630485594177219222e-01 -1.699751120450380126e-01 -6.606426748278967920e-02 -9.129510158273534959e-02
1.016409922301974161e-01 -2.799088201712352508e-01 4.243127592360797229e-02 -1.173870144361157108e-01 6.128440447315944978e-02 -2.443127879831961669e-01 7.836835968340753744e-02 2.796924949350941825e-01 1.427627951075840229e-01 -2.254171784937132605e-01 2.379956313189620087e-01 -6.515378990524912581e-03 -1.292559696366899769e-01 7.260440862517099359e-02 1.316017649110062630e-02 2.987593065436000006e-01 1.463069950008751285e-01 -1.859920421147869263e-01 3.447529680838496563e-02 3.217303478631477337e-02
-1.768132597310994591e-01 -1.761628287930132319e-01 -3.335438967868264992e-01 -2.136905591236929192e-01 -1.332820944034408539e-01 -3.425911055002027750e-01 -2.587924515395892411e-01 6.968241227536223215e-02 1.102240590630017281e-01 -1.763424342740980283e-02 -9.198840991567973358e-02 1.347413843983119863e-01 -9.500482458921467865e-02 2.886782539787549270e-02 -1.875676295545661842e-01 5.813910261757020137e-02 1.895503654330331356e-01 -3.011993754450460470e-01 8.856860562136971426e-02 -9.955218917295195757e-02
3.372544815450306127e-02 -1.146526933622760563e-01 -1.696590339750892740e-01 -1.065476035154969275e-01 9.769458404762936671e-03 1.242524244096258890e-01 9.407715786986828310e-02 -4.809104471634339378e-02 5.831965166162293712e-02 5.297191254152216339e-02 1.452284454804728953e-01 7.056968246179151638e-02 -1.214744336395155583e-01 2.184625875846596954e-01 -6.479021977447801950e-02 -4.013447033212608900e-02 -1.688764519030098651e-02 1.385249501695194896e-01 -7.425856216075135685e-02 -3.719719701166206149e-02
-9.183781362731581119e-03 -2.243973923417929076e-02 -1.481928157858785899e-01 -2.205068645869151522e-01 9.065380111887939851e-02 1.168041863414310405e-02 -2.146010444842785247e-01 -4.431667320411616928e-02 1.428303785306202778e-01 3.656297900680428176e-02 4.805363416486058137e-02 -4.395413657056010392e-02 8.679159825697420685e-03 9.368982498650563207e-02 5.743008788303240186e-02 1.580280295695514758e-01 -1.120845943963128810e-01 7.923744507222355016e-02 -2.231253065049555034e-02 1.723089695153582068e-01
-1.736076740652509331e-01 1.382320441408315670e-01 -2.034668127053279318e-01 -1.063718187925884046e-01 4.149711013667092829e-02 1.658492601169773983e-02 -6.854134210351894851e-02 -1.427048491156861221e-01 -8.230754175827052765e-02 -7.681355576783782668e-02 1.092624181402758188e-01 2.100666292501413845e-01 -4.398293559997325242e-02 -7.256865148489285988e-02 1.111215265346204017e-01 -1.344659549629984886e-02 -4.877769580917547948e-02 1.084765185027601608e-02 -2.146620299158652836e-02 1.530743361614050058e-01
-1.687973110874677329e-01 -4.312666582906751062e-02 -1.112971672792008732e-01 -8.738871026365210848e-03 6.905311251369181114e-02 2.347885318526663281e-02 -2.884785620593506572e-02 -6.087469321633194770e-03 8.869604132624646364e-02 -4.198562974336939729e-02 1.199439824115522552e-01 1.745463038233818209e-01 -1.719805186953636267e-01 6.919327410625705777e-02 5.099276213570620719e-02 -6.988430798780095876e-02 1.027449972043290305e-01 -6.249915747379171382e-02 1.178794750833967869e-01 -1.752579962316629936e-01
1.219883099834685909e-02 3.896124431689228507e-01 2.931401382936203448e-01 6.786191141156224307e-03 1.164313536260864340e-01 4.170207247707759524e-01 -1.901690586168146013e-01 8.661057347804859349e-03 -1.103373736575011255e-01 1.997382973808608797e-01 5.821778532963588215e-02 -1.228854014686930896e-01 -3.003358309495495759e-01 3.249450388150369462e-01 4.903876226937512461e-01 4.202922353943746026e-01 -7.202989901286460661e-02 2.720776424259886972e-01 2.267175201743675539e-01 5.250683651588170658e-02
1.009565113699158606e-01 3.513631717689728595e-01 2.966017364941613832e-01 -1.170585678887116204e-01 -2.235561171685275517e-01 3.168330591274776675e-01 2.944427491403343033e-01 3.973103527403464702e-02 -2.653818156715561597e-03 3.192912903661500046e-01 -1.457320296159338724e-01 2.355202524679022094e-02 -7.078237889015745465e-02 -1.467797353824968898e-01 3.053971502289786755e-01 -7.292101587090626946e-02 -1.305628457268426523e-01 1.778493851109123058e-01 1.743794635618163558e-01 3.800471499519993135e-02
5.142628000714806469e-02 3.297424573265752556e-01 2.418501392538279227e-01 -6.061180563801242538e-02 1.770068926055858027e-01 2.621281652425875852e-01 1.659166819342296761e-01 -1.693867755462484803e-01 3.113066548564680583e-02 2.169296185033644520e-01 -1.730841885961297844e-01 -2.313258599716699893e-01 1.086569207433507600e-01 1.534885615127334624e-01 1.365250919955544595e-01 1.874606384543148555e-02 -6.680934543434439987e-02 7.520020618073462726e-02 -1.783473058372627221e-02 -1.211800600511501874e-01
1.311614612346614639e-01 1.196111610123707647e-01 2.826299255975430191e-01 1.374756145310139510e-01 6.543103372578523702e-02 2.922933257054907696e-01 -6.671488129714055193e-03 1.958842600494577202e-02 -1.614065357187068617e-01 2.344538026057469415e-01 -7.973630016748087940e-03 -1.233731211154885515e-01 1.823994116040953406e-01 2.087026878910626104e-01 4.911736706718922707e-01 1.840580437934758729e-01 5.555720882687829182e-02 2.307052494576311286e-01 1.192906558355155827e-01 -4.402540281956005691e-02
-8.733901381305553269e-02 -1.240874314565393183e-01 -8.563596383847739413e-02 -1.840495451686967876e-01 7.917716696469090376e-02 -8.330266049305463938e-02 1.084053045473441917e-01 5.201851586793774379e-02 1.799357010234185761e-01 1.806280994424930286e-02 1.577394515685602017e-01 -2.422504919758722633e-02 -1.158572096220377573e-01 -8.190257528467054238e-02 2.263970067036149003e-01 1.598848981886724641e-01 -5.411549031665364301e-02 3.603395410796151471e-02 -8.626234560775502408e-03 -1.877165560160345692e-01
-1.758822859917522352e-01 2.393250410247148852e-01 1.519920572441265105e-01 1.022483632964385075e-01 -2.295781222139343380e-01 1.841399067720058125e-01 2.298443077525054445e-01 -3.193206122843925826e-02 -1.798671136213116084e-01 3.818573691027594696e-01 -1.191541947937174856e-01 -1.412996693316886099e-01 1.888169947869549892e-01 -2.848534981863661275e-01 5.314670156364843523e-01 -2.475816580664692013e-01 -5.850047410585171304e-02 3.119025191140858966e-01 -2.536557888843379294e-01 2.195571222707985160e-01
2.062381398911050101e-01 4.246002490414934605e-01 2.530655393887933924e-01 -2.944847309358923290e-02 -3.159666897389863394e-01 5.635014352526260817e-01 2.005086272537525971e-01 -2.313014380022129085e-02 -1.795122561666218641e-01 1.837104947279457334e-01 -6.167638938939062898e-02 -2.188914877999081909e-02 2.850539957031749672e-01 -3.350638060599699930e-01 4.043483703217690683e-01 -1.170684875287899829e-01 -2.129823544296761129e-01 4.824501293020602710e-01 7.079626616383007109e-02 6.899974874347133968e-02
-4.271345974277572233e-01 2.378117476577597533e-01 9.603201963994901710e-04 -2.157895846420179384e-02 -1.250463769298272403e-02 3.732798733241897426e-02 -7.862567562720967906e-02 1.489797303045199972e-01 1.541264481157830213e-01 1.707310186918280515e-01 3.721214208868901807e-02 4.266940629249166284e-01 -5.563553397851868088e-01 8.247340708583960067e-01 4.427655136489162535e-01 4.105835774908955793e-01 -6.384848256932694477e-02 2.374762409301647281e-01 7.178967362676479391e-01 1.737834683294098986e-02
