-1.833034684637909084e+00 -8.203142256680105993e-01
5.744443944268682323e-01 -1.817977511311513306e+00
4.108515646851340630e-01 -1.881413330236857417e+00
-2.736588238036092302e-01 1.581512446008192407e+00
-1.885597320104620556e+00 1.346444843413719117e-01
-1.660238602348294901e+00 1.491488436738104939e+00
6.659867397133629741e-01 9.951477996907397428e-01
2.755450534987560207e-01 -1.947722442032090884e+00
-1.827607958857442760e+00 4.569906610397162505e-01
1.720479540845387234e+00 1.465010041619050352e+00
1.044456866937494510e+00 9.360012587699350073e-01
-1.218188287499369693e+00 9.788540096516739064e-01
-6.052562101906676650e-01 -1.550759075136007192e+00
-2.303780252947668639e-01 -7.065493116036812848e-01
-1.400926839378681565e+00 -3.404928308939290660e-01
1.748769408549933679e+00 -2.313174617522384957e-01
5.839320106905063201e-02 8.629013864220661523e-01
2.297483502360578994e-02 -1.458600640746185784e+00
