-2.841305824389802059e-01 2.504382809586004899e-01 4.388626728141242772e+00 -2.719219854143849480e-01 -2.580719122817556888e-01 -2.967098292696265238e-01 8.345791493286284224e-01 -1.700161966257653923e-01 -1.918444475903550994e-01 4.916114547824778636e-01 1.562778328509587311e+00 -5.908935118726686975e-01 2.940905402627468912e-01
-9.216103912691547828e-02 2.914843681047554202e-01 4.430862198041241040e-01 -9.089814283740338396e-02 -2.126931293691060321e-01 -1.596282439836200495e-01 1.008883280936376664e-01 -1.715095109773012438e-01 -2.462538577128311756e-01 3.055284138375558567e-01 3.033996054970383160e-01 7.225962653691941906e-02 1.698088803324649121e-01
-1.808108848736246499e-02 -3.957213712561873792e-02 1.184611842750760841e-02 1.019652199435253509e-01 1.415222300854794835e-01 1.050247632064422731e-01 -5.033965465781918558e-02 1.903112056306759670e-01 2.057439183751855888e-02 -7.057956223328869239e-02 8.258537136062056583e-02 1.796851914541044704e-01 -8.554250784883862119e-03
6.638886569576024632e-02 -5.684798811890985626e-02 -6.831015437007342816e-02 7.939053778186516697e-02 -2.009249140280870705e-01 1.186592812781660511e-01 2.440977187267051596e-02 -1.630371285116756219e-01 -1.726425917420008338e-01 7.694419601489847771e-02 1.628733313121294990e-01 -9.364500773846398674e-02 1.995836171118618996e-01
-1.607601196387678510e-01 1.496574531972435784e-01 -1.264966222413603340e-02 -1.704049824602492103e-01 -9.096535265314879826e-02 -2.452766515635348629e-02 1.207348140417920934e-01 1.435498211056586981e-01 -1.580115145788052733e-01 1.568717944488094013e-02 7.529372204168560678e-02 -6.502366728313768718e-02 1.532119914597681321e-01
-8.952997677582429092e-02 -1.861691382895913627e-01 -1.359239655565041005e-01 6.795957074955492894e-02 2.213349842307435131e-02 1.737417353388260310e-01 1.810892817040125613e-01 1.625818005302463731e-01 -1.923358785715852115e-01 1.121519545136222124e-01 8.201938216292212203e-02 5.991515209528221197e-02 8.913234279919886316e-02
1.540628842998492121e-01 7.441804404748363078e-02 4.738501312251523767e-02 1.812349101059440755e-03 -1.202574549559911471e-01 2.289560764440931942e-02 -1.740518548280057531e-01 -1.433517937513098250e-01 -8.809670173026806772e-02 1.512514389834646866e-01 1.219545010665662454e-01 -7.190469429506063381e-02 5.591642159888277758e-02
-1.861039675555476169e-01 -1.272141882089439791e-01 2.594928903516121044e-01 -9.050882706159478486e-02 -4.343769234675573521e-02 1.343872425012244791e-02 -7.073995258986703893e-02 -1.029203122739987160e-02 -1.147282503553059274e-01 -1.683564270186193867e-01 -1.191769654803041673e-01 4.934358099060145303e-03 -1.681236873495834949e-01
-4.020548924343988334e-02 -6.531162931198619681e-02 -1.900202238264621021e-02 -1.623685037280993004e-01 1.626363169246257678e-01 -1.358143269126520052e-02 1.427222207106434992e-01 1.895290003934980150e-01 -6.781739419064863883e-02 -9.246159862974806954e-04 9.260805469535973722e-02 -3.309373882846663312e-02 -7.347912540411878635e-02
9.259557078624593152e-02 1.599629715338008740e-01 1.981569066206482765e-01 4.960104951136964924e-02 -5.012146105212488684e-02 1.884610083520588952e-01 6.180265120514494281e-02 -1.740777399445581353e-01 -1.684666416493392493e-01 1.032403213371927975e-01 -1.733372279386432568e-01 -1.988445251769782041e-01 -3.922314785366107226e-02
7.321711531569794103e-03 -1.771324962514901624e-02 7.390623516471331658e-03 3.316707181125018444e-02 7.140671571983903121e-02 -3.266995041195133037e-02 -4.690719784456280628e-02 1.949938337988891546e-01 -9.943133694072060769e-02 1.138723535773614737e-01 -2.699209905880493171e-02 -5.992451377556202302e-02 -1.706418695556660425e-01
1.372285243540418420e-01 1.016221948337844710e-01 2.758026583479269433e-01 -3.494280337010741144e-02 6.691235988568627890e-02 -1.660100396494611497e-01 -1.437394432267398610e-02 -1.213818944937257449e-01 -2.070792631753075874e-01 2.185955142697736664e-01 -8.597647162004563859e-02 -1.498470921220990959e-01 -1.123693678489266212e-01
