1.961260830769631536e+00 1.432157488394571576e+00
1.802138935405815712e+00 1.834205150316145394e+00
-1.380439599701255737e+00 -2.524399553926467643e+00
1.125554136392586058e+00 8.030384114191029266e-01
1.578753402989524934e+00 -2.038900642552389897e+00
-4.627707440359973834e-02 -1.488296132863040633e-01
1.572550985126213607e+00 7.104407343680625431e-01
1.241889781750395549e+00 1.302967487035356364e-01
1.952657087860684593e+00 7.201368012131000862e-01
2.317241225021400730e+00 -6.072268408086282099e-01
-6.437226068996257933e-01 -3.942193486151964188e-01
1.535595517520150999e+00 5.936914290750406886e-01
1.482245955069521948e+00 1.199901611104719351e-01
4.623127100424302971e-01 2.642285911573265533e-01
-9.381724250872365278e-01 -1.517590658596753350e+00
-7.418112142614414761e-01 2.548747076245482024e+00
1.685711823696977585e-01 1.143322240316138716e+00
1.127095564366782821e+00 1.724388130809220820e+00
-6.232349272727095713e-01 1.273065880488908896e-01
5.662271790226651724e-01 6.457340798163914430e-02
-1.836996238791026137e+00 3.409740465422143596e-01
2.509657726233189279e-01 8.467481657130455641e-01
1.254587819856750386e+00 -8.426358150593624696e-01
1.274923192381133052e+00 -7.788581890983735656e-01
7.885051895750352369e-01 6.310952775996296615e-02
8.335886530400296035e-01 1.081170897408861853e+00
-2.057526041069344114e+00 -7.115299907805441304e-01
-9.446455931294317487e-01 -3.324122508197621118e-01
-3.657254583554254701e-01 -1.282668262236700052e+00
-7.858709154011465081e-01 6.647602553709204276e-01
-1.805508885335317171e+00 1.506022968603641488e+00
8.435846379102847070e-01 -1.284125613909252062e+00
6.415836682210607211e-01 -9.777947796490420451e-01
