-5.672931496461653018e-03 2.546600527122849789e-01
-1.324679812438888327e+00 1.858098246852845969e+00
2.029196616076742288e+00 -1.324694447590299751e+00
1.219591142639445125e-01 8.144908654325830888e-01
7.946696947641885833e-01 -1.161397124630562383e-01
9.521628581145212822e-01 -8.015670553354466987e-01
-7.118830832667216724e-02 -1.033760231634067855e-01
-1.262297583032311321e-01 -1.289203930745086657e+00
3.729761402397976378e-01 -1.037143890509806043e+00
-4.400965214575472406e-01 1.752420873674376489e+00
2.273816367301662478e+00 1.368956778751647230e+00
-2.563856393015740753e+00 -1.472496847810885301e+00
-2.626248656932567704e-01 1.196543558687076070e+00
