-1.690712739597501679e+00 -1.358409536944868323e+00
8.260756602699474982e-01 -1.525789666586059745e+00
4.164196115918182284e-01 -1.317790101643425249e+00
-1.822868779092855218e-01 1.944793379199235117e+00
-2.027960344204818632e+00 6.665483708981295718e-01
-1.589211282368367950e+00 8.472852833777230197e-01
8.992999738943189270e-01 5.078475031608156165e-01
8.310659287959897279e-01 -2.362508592740166780e+00
-1.681738070229342075e+00 -1.116379189603078359e-01
1.849879200101639753e+00 2.116081256945978595e+00
9.535062993714832347e-01 1.178351307050843122e+00
-9.742341611515497046e-01 4.062973793334645478e-01
-9.165346115405822447e-01 -1.018197629399528292e+00
-8.802145425439965309e-02 -1.238411996166200124e+00
-1.259287456997868038e+00 -8.623620219283150146e-01
1.741798885163216681e+00 3.289493787589484741e-01
-7.182604258345041959e-02 2.189767012073902397e-01
2.586440851344059405e-02 -9.219846191451307460e-01
