6.113223517744570401e-02 1.436383278661082841e+00
-1.512824434498113657e+00 5.807878456260207045e-01
-1.527022750045376132e+00 9.491334725817126561e-01
-5.643813541661892863e-01 6.995284174844398351e-01
8.139356537651267764e-01 6.424338305642334213e-01
-1.113768078688694096e+00 1.327199545549414772e+00
-1.039455650306130075e+00 7.261318884844891741e-02
6.985830166134050501e-01 -1.065587300860973752e+00
5.140468919357559230e-01 -8.526758080106855431e-01
-1.314470495662452443e+00 1.238995314106308143e+00
2.124910803094417489e-01 -6.884611735645758124e-01
3.417237888221595909e-01 -1.898854410290846673e+00
-1.480708572958691072e+00 -4.176765932070276577e-01
1.903026317857649197e+00 4.189807150449276207e-02
-1.694175179732419156e+00 1.060162460997826628e+00
1.125775483701260793e+00 1.099208697579424854e+00
2.779921521918153893e-01 7.827949514778507201e-01
-1.146168254753474613e+00 9.302423635759531351e-01
1.264695949366377636e+00 1.039866160887676916e+00
-5.861503896564519422e-01 3.641122023028344756e-01
