-2.864944471625144318e-01 2.545095490242511582e-01 4.388626728141242772e+00 -2.817448125128189096e-01 -2.671100784954164586e-01 -3.058859588352443870e-01 8.345791528373590618e-01 -1.692600890034550165e-01 -1.976797102170312070e-01 4.916120942896649026e-01 1.562778328509587311e+00 -5.899569880544466294e-01 2.961415430177863906e-01
-9.359425584006819676e-02 2.937007405648996428e-01 4.430862198041241040e-01 -9.724097957181744578e-02 -2.176566679069983912e-01 -1.656946812568319549e-01 1.008883311443150438e-01 -1.697387070034688805e-01 -2.492087675980440009e-01 3.055288613677691334e-01 3.033996054970383160e-01 7.306840373665739186e-02 1.710940159375093361e-01
-1.840212627595664424e-02 -3.898766202672786924e-02 1.184611842750760841e-02 1.006810093442346288e-01 1.402300342673961087e-01 1.038423747238703398e-01 -5.033965429790047963e-02 1.902196213710731221e-01 1.971129923252332508e-02 -7.057948291450913403e-02 8.258537136062056583e-02 1.797819520993290121e-01 -8.280999127400344439e-03
6.629514600469613161e-02 -5.671433752778294590e-02 -6.831015437007342816e-02 7.895820744853572493e-02 -2.012263754824553663e-01 1.182399528297904817e-01 2.440977211360951388e-02 -1.628590274687395090e-01 -1.728100971193725355e-01 7.694422796030546408e-02 1.628733313121294990e-01 -9.358130335836981062e-02 1.996695285011744758e-01
-1.608065026071341108e-01 1.497191320961873962e-01 -1.264966222413603340e-02 -1.706257783226100833e-01 -9.110539487104579726e-02 -2.474410145886640072e-02 1.207348141774182981e-01 1.436628447801794051e-01 -1.580841542506611630e-01 1.568719631605761111e-02 7.529372204168560678e-02 -6.498786395629706225e-02 1.532552464324453689e-01
-8.958351879685623464e-02 -1.860841576950006959e-01 -1.359239655565041005e-01 6.772613905144043989e-02 2.194359556749761117e-02 1.735195646225779209e-01 1.810892818098834289e-01 1.626343456228129536e-01 -1.924511219058820388e-01 1.121519707098720120e-01 8.201938216292212203e-02 5.994325363268862561e-02 8.917998149395307828e-02
1.539190404426845904e-01 7.465526217655048258e-02 4.738501312251523767e-02 1.198750809372955538e-03 -1.207858954533995999e-01 2.231642243903934203e-02 -1.740518545761574332e-01 -1.432567774240125491e-01 -8.842698370736176705e-02 1.512514803846483624e-01 1.219545010665662454e-01 -7.183770036583977947e-02 5.604294495515414060e-02
-1.861659262455453157e-01 -1.271185528386703234e-01 2.594928903516121044e-01 -9.078323995137034530e-02 -4.365190471663362576e-02 1.317615573630855422e-02 -7.073995245737249582e-02 -1.021551139415266367e-02 -1.148555268192949091e-01 -1.683564076315276214e-01 -1.191769654803041673e-01 4.969481625758605074e-03 -1.680681055376191668e-01
-4.024148177798963361e-02 -6.525366242803835870e-02 -1.900202238264621021e-02 -1.625242238213924217e-01 1.625069313169060781e-01 -1.372916159744816227e-02 1.427222207787765540e-01 1.895610793326653609e-01 -6.789686465321746744e-02 -9.246052958211741987e-04 9.260805469535973722e-02 -3.307564075115133201e-02 -7.344723320330158456e-02
9.258023419775580909e-02 1.599875237684366680e-01 1.981569066206482765e-01 4.953441528422785484e-02 -5.017628995534795244e-02 1.883977331382149512e-01 6.180265123474813771e-02 -1.740626040935681351e-01 -1.685002270320690720e-01 1.032403259289126074e-01 -1.733372279386432568e-01 -1.988366643818078872e-01 -3.920953055617583394e-02
7.305456666947536364e-03 -1.769065261194678607e-02 7.390623516471331658e-03 3.309124083713987918e-02 7.135562602595919846e-02 -3.274381167822034561e-02 -4.690719780065992495e-02 1.950273963311225656e-01 -9.945903996554660009e-02 1.138723592550113239e-01 -2.699209905880493171e-02 -5.991291319536199561e-02 -1.706268765004892995e-01
1.370651663226240269e-01 1.018916086305821228e-01 2.758026583479269433e-01 -3.563963591764005706e-02 6.631220455901933042e-02 -1.666677758627333750e-01 -1.437394403670032121e-02 -1.212738778906930492e-01 -2.074544308388420188e-01 2.185955612843372420e-01 -8.597647162004563859e-02 -1.497710204898778930e-01 -1.122256822954840194e-01
