-2.871103290763883376e-01 2.554239421676843258e-01 4.388626728141242772e+00 -2.837016193676916709e-01 -2.689260109581307345e-01 -3.076828104968721278e-01 8.345791537140762051e-01 -1.692640797249704010e-01 -1.989606627176239706e-01 4.916122508264976210e-01 1.562778328509587311e+00 -5.897320702051781494e-01 2.966280622040018411e-01
-9.396832813718750121e-02 2.941946801661847744e-01 4.430862198041241040e-01 -9.849433463109542874e-02 -2.186476326148894811e-01 -1.668732500930493745e-01 1.008883319062299083e-01 -1.693773785874552462e-01 -2.498539191250128133e-01 3.055289697634907542e-01 3.033996054970383160e-01 7.326246537057555519e-02 1.713955170623027435e-01
-1.848579656131171464e-02 -3.885587151618692670e-02 1.184611842750760841e-02 1.004236554605093396e-01 1.399695330962679729e-01 1.036095837242481110e-01 -5.033965420792423096e-02 1.901662656760457482e-01 1.952121939495665703e-02 -7.057946335366917234e-02 8.258537136062056583e-02 1.798052126832405950e-01 -8.215740011104833221e-03
6.627067982213580288e-02 -5.668475229129319587e-02 -6.831015437007342816e-02 7.887325941934549001e-02 -2.012862323816245746e-01 1.181588882754903425e-01 2.440977217377374164e-02 -1.628179667773391737e-01 -1.728464387995851947e-01 7.694423565299468581e-02 1.628733313121294990e-01 -9.356602340928217576e-02 1.996895344183854670e-01
-1.608186326924427867e-01 1.497327056395184874e-01 -1.264966222413603340e-02 -1.706690181670907913e-01 -9.113307346065709080e-02 -2.478580479521317118e-02 1.207348142112814604e-01 1.436895843929838212e-01 -1.580998434803621289e-01 1.568720036258241732e-02 7.529372204168560678e-02 -6.497927809409091704e-02 1.532652645179337081e-01
-8.959750627864149219e-02 -1.860651759683639161e-01 -1.359239655565041005e-01 6.767989049854207517e-02 2.190560835002556758e-02 1.734763147606403211e-01 1.810892818363270540e-01 1.626438716121274275e-01 -1.924763494024652466e-01 1.121519746415075708e-01 8.201938216292212203e-02 5.994999753296337275e-02 8.919118930153915881e-02
1.538815089735382502e-01 7.470838862339539144e-02 4.738501312251523767e-02 1.076882755008380828e-03 -1.208918258710699606e-01 2.220337746571691973e-02 -1.740518545132434258e-01 -1.432433806869558013e-01 -8.849938283493111180e-02 1.512514904710360597e-01 1.219545010665662454e-01 -7.182161824877818235e-02 5.607282310873556996e-02
-1.861821047728540734e-01 -1.270972406066086524e-01 2.594928903516121044e-01 -9.083747176683919233e-02 -4.369467163474971549e-02 1.312514606668779837e-02 -7.073995242428199326e-02 -1.019996401960653748e-02 -1.148833218377080384e-01 -1.683564029364554571e-01 -1.191769654803041673e-01 4.977909242531643186e-03 -1.680550667336927206e-01
-4.025087104693180623e-02 -6.524070407454053699e-02 -1.900202238264621021e-02 -1.625550853019751274e-01 1.624810343922982181e-01 -1.375794167461965797e-02 1.427222207957951072e-01 1.895667061809852005e-01 -6.791425773668480215e-02 -9.246026973383715715e-04 9.260805469535973722e-02 -3.307129707925766243e-02 -7.343972112086215309e-02
9.257623900754244350e-02 1.599930080458129567e-01 1.981569066206482765e-01 4.952122770583963079e-02 -5.018725598620667194e-02 1.883854154267501080e-01 6.180265124214241734e-02 -1.740597394002568188e-01 -1.685075654855182348e-01 1.032403270443426335e-01 -1.733372279386432568e-01 -1.988347778209603456e-01 -3.920632607486075616e-02
7.301205226094533568e-03 -1.768565945220111277e-02 7.390623516471331658e-03 3.307634918026780557e-02 7.134549529677687574e-02 -3.275807592771856624e-02 -4.690719778969762443e-02 1.950351355288581223e-01 -9.946504777647849349e-02 1.138723606201473004e-01 -2.699209905880493171e-02 -5.991013094744679357e-02 -1.706233913227687971e-01
1.370225444843661267e-01 1.019519451878283939e-01 2.758026583479269433e-01 -3.577803303739112567e-02 6.619189914226870919e-02 -1.667961518732225534e-01 -1.437394396526131372e-02 -1.212586201793961344e-01 -2.075366662172323517e-01 2.185955727383298575e-01 -8.597647162004563859e-02 -1.497527592341059421e-01 -1.121917514038614644e-01
