1.377123017614755307e-01 2.333834620766233603e-01 1.537034176228189997e-01 1.283713992183051766e-01 -1.229627474193510372e-01 3.745407789036307444e-01 5.032963415725644901e-02 -6.746757462246803783e-02 -1.032832147274709983e-01 -5.831706489917942715e-02 -4.687400684898620357e-02 -4.590790068811127500e-01 -1.846739436062607709e-01 -8.060967078566338984e-02 1.899162294736197742e-01 7.536222698246904106e-02 6.851690887412424658e-02 4.090720560077544185e-03 2.064082048233675248e-01 1.178007413924992836e-01
2.350920264817170369e-01 2.111129497533075494e-01 -3.200044250404400770e-01 -1.441076879597611576e-02 -4.113643545985357086e-02 -5.998045297817125032e-01 6.669328319038170250e-02 2.442746412366751108e-01 1.263162171505221310e-01 -2.030321779960386486e-01 -1.238639114508823663e-01 -2.803200227484361484e-01 2.438127233767127533e-01 3.155414377251822278e-01 -3.702844931017307828e-01 2.298460076043375155e-01 6.531390170639383985e-02 -3.039590893358513068e-01 2.408372006562943812e-01 -1.045549393608037891e-01
-1.176055862665380258e-01 -2.778160488154599594e-01 -3.532810676185997867e-01 -1.528259968728124252e-01 4.910750557352012297e-02 -9.741824678572092999e-01 -1.943533079543183217e-01 5.119209422222468220e-01 2.205754930984489826e-01 -4.428985358760665347e-01 3.506757425819240770e-01 1.634210850405467819e-01 -3.163037889858924534e-02 2.841646388122415767e-01 -8.538435216049461429e-01 1.098356064984027797e-01 1.465246956399815330e-02 -3.234587525960150312e-01 8.599270233621325588e-02 -1.282492541963501098e-01
-1.749259450399256455e-01 -1.783269518261229591e-01 -1.737980269831357338e-01 -7.983746809538970479e-03 1.301844098862703358e-01 2.065723410175460215e-03 3.081274453976163685e-03 -1.022832426641363951e-01 1.574577130919543599e-01 -1.027283545532779382e-02 -1.260717671521733863e-01 -2.545915403513324821e-02 1.023855291360636771e-01 -7.090627476457467271e-02 -4.576919862606326252e-03 2.296795004161170661e-01 4.839143430207483443e-02 -2.951185255303340749e-01 -1.192056439456321976e-01 -9.590169967530756678e-02
-2.165393294244143674e-01 -1.109079800448227598e-01 -3.002271887213393553e-01 1.654895738969029417e-01 1.133949808914838514e-01 -3.512577433329538978e-01 1.672111031782908264e-01 -4.599867116461384825e-02 -7.020044426338965804e-02 -6.629588034972605515e-02 2.104827595627200842e-01 -1.749788702533575102e-01 -2.107934446608074885e-01 2.692385047774442652e-02 -3.461253605315831039e-01 6.598145980526462506e-02 1.158392327311088543e-01 -2.243880884819034471e-01 -1.238072726211017910e-01 -8.215299432527288503e-02
7.958766914079216936e-02 -3.357106813704698323e-01 6.160240982260340586e-02 -1.112690244351731417e-01 8.655188661350331561e-03 -3.928796630232461173e-01 1.049664755292482599e-01 3.244032192501404288e-01 1.607458667889566650e-01 -4.215943227558228701e-01 2.663928714548325916e-01 -1.159425072069572710e-01 -9.682677908273180922e-02 -7.544797706718241875e-03 -7.092292259154209244e-02 2.044736066842872679e-01 7.906792823448577368e-02 -2.161125791689817999e-01 -3.942228727095788837e-02 5.079070473192372898e-02
-2.181829315639156885e-01 -2.026679070322422449e-01 -3.389139275807177554e-01 -2.112737032692354466e-01 -1.911982924683890694e-01 -4.984452345590594247e-01 -2.253839790647864105e-01 1.149993434062766690e-01 1.294253361140471625e-01 -1.917990112044537510e-01 -6.193674292627683597e-02 4.125378781616634988e-02 -4.077685164844406518e-02 -6.357870707022299055e-03 -2.820966790970564908e-01 -4.388487853718411880e-02 1.255114316651764483e-01 -3.423323932255764590e-01 2.397621998947024446e-03 -8.890777466166541187e-02
5.594479574950840528e-02 -1.014382961979448522e-01 -1.909345220213980177e-01 -9.981692628509022946e-02 -2.360497675014602142e-02 7.189075060033103814e-02 1.298769542280470424e-01 -4.978476401496812614e-02 5.410531155237660594e-02 -4.827859480575071374e-03 1.478908830128030649e-01 -4.099849127807301402e-02 -4.641832309625464059e-02 1.632810122355350113e-01 -1.253797319000916621e-01 -6.883354534942538738e-02 -3.779662470178438149e-02 1.069793378808557432e-01 -1.030547566205765181e-01 -3.469659691449666211e-02
3.089437412852021059e-02 -3.389532540442471292e-02 -1.431511244136207950e-01 -2.054755302771393288e-01 8.313358816305392585e-02 1.205856568924697052e-02 -1.952564986071228803e-01 -7.183653394806037429e-02 1.232348618712253707e-01 1.115018674115463189e-02 3.683957387020787150e-02 -1.762418513971222844e-01 5.685311534466327282e-02 5.843109273616327488e-03 4.221520258631594053e-02 1.614577663542497987e-01 -1.112260069262587386e-01 7.763643143714454853e-02 -1.549332396173509069e-02 1.751067778752354587e-01
-2.076709007741708857e-01 8.917331154206134536e-02 -2.677297166352109459e-01 -1.255988145447133886e-01 3.410069336592600527e-03 -1.232791717928938685e-01 -5.304865866784533313e-02 -9.292213030767189352e-02 -5.103487020222714082e-02 -2.130204100700867076e-01 1.396515970348743696e-01 1.839490987114297815e-01 1.017522236276204549e-02 -1.085084605938975572e-01 -1.272164265268665474e-02 -7.035406592169848872e-02 -9.065501422972983836e-02 -7.135797582201486300e-02 -8.233020069404672903e-02 1.438159020912149477e-01
-1.175981492159008102e-01 -1.160074661663600543e-01 -5.701433412065758793e-02 8.580371315814898370e-03 7.048046779387200089e-02 1.918024818097667505e-02 -2.965106692393046015e-02 -1.899677844419941919e-02 7.614650218463415998e-02 -1.228046835290523275e-01 1.136380486649184590e-01 5.300638467210080917e-02 -1.845006980147758657e-01 -7.398274299670982990e-02 5.608210383689794798e-02 -6.648280877386811283e-02 9.018046174033485241e-02 -4.279594652002270683e-02 1.358469207963569625e-01 -1.569968818608881433e-01
3.230281227655069087e-01 -5.157250348392518058e-01 7.196376967265016855e-01 9.186370928777783107e-02 4.108364492643388766e-01 7.068523235053039144e-01 -4.628780249958822646e-01 -1.658435036662612994e-01 -2.183796959684946026e-01 -1.274801085429863035e-01 -3.632966137976281762e-02 -6.637579556680358595e-01 -7.646915022749436464e-01 -7.716463865083716955e-01 8.020783769975187161e-01 7.383624265205814829e-01 4.021231963553197064e-02 5.244358909966849724e-01 6.385587296964297943e-01 1.119841758384764324e-01
2.391586154329263525e-01 2.714625296973181556e-01 2.502624788695383962e-01 -1.135250257708080857e-01 -1.663984513898517092e-01 4.441279590592677184e-01 2.792714619978248769e-01 -4.368599346195632671e-02 -4.158952705878298656e-02 4.026579408669483384e-01 -1.900678473130635315e-01 -1.269310420698077091e-01 -2.473924075516767060e-02 -3.652455406130035165e-01 3.007457188989352548e-01 7.169445027528434378e-02 -5.797295030515726283e-02 1.523522412343742971e-01 2.932492146910890551e-01 1.495763923456236086e-02
-2.484225073709988262e-03 9.980555394216840404e-02 2.773630660773104134e-02 -1.365529020086851120e-01 1.690632561972438830e-01 2.630133085770082133e-02 1.314450399197701347e-01 -7.310355394080503277e-02 1.100101945319938990e-01 -1.255084903669050414e-02 -1.164502243141689874e-01 -1.857187622056539755e-01 1.727538118669715572e-01 7.101806154840372733e-03 -1.416911328401282422e-01 1.192702691525796867e-02 -9.540212575518494664e-02 -1.492134422244596748e-01 -6.162992919264739800e-02 -1.795573775431090757e-01
1.456648944243526533e-01 -2.229242158661763271e-02 1.306095433413340112e-01 8.976164469453339068e-02 8.245878094362270316e-02 2.111714203935607659e-01 -3.272592002505607389e-02 4.862809019970665975e-02 -1.260142520049954973e-01 1.579186526794994216e-01 9.357148746335856859e-03 -1.126093860091836318e-01 2.343093176216302920e-01 7.754401496818681683e-02 3.301550552114783654e-01 2.381561163616293664e-01 6.929435935439896832e-02 8.769852517267597014e-02 1.376738739455841132e-01 -8.907809792391624404e-02
-1.080558991364385935e-01 -2.297835618014247572e-01 -1.300792486428613282e-01 -2.037147349806469609e-01 7.969453388976706354e-02 -1.687698792275173498e-01 9.004722593860632618e-02 8.488055275449665760e-02 2.042880217982911417e-01 -8.915100380199746100e-02 1.775654909693965278e-01 -2.977727418983609417e-02 -1.148298662347334853e-01 -1.572676544446371394e-01 1.465132372439115760e-01 1.493057470090463079e-01 -6.958901973765305171e-02 -2.339762164395564267e-02 -2.269899028541045444e-02 -2.007272625136677091e-01
4.297105647970611564e-02 2.905113856580432419e-01 1.260750549764197981e-01 1.349940371033903908e-01 -1.403274090556425047e-01 5.057512356235683848e-01 2.346278311065907451e-01 -2.145312468941724393e-01 -2.784679999573809739e-01 6.942813171826797136e-01 -2.174324638309576840e-01 -3.565690063860730286e-01 2.741848146879870551e-01 -4.690730157379929821e-01 6.419538839936829167e-01 -1.355239085878490873e-02 8.505321625608228131e-02 3.562596099603538291e-01 -5.662190549489618668e-02 1.932197233900875277e-01
5.013222526776981436e-01 4.663777911736665116e-01 2.054893561884340303e-01 1.060607248720390507e-02 -1.774021693146043133e-01 1.014787299785902652e+00 1.922305720911584026e-01 -2.782738597773779521e-01 -3.147610950693345289e-01 6.222963880045754292e-01 -1.984433732625888736e-01 -3.054017398990369059e-01 3.915262275894979549e-01 -5.982256426396529436e-01 5.579997901423593420e-01 2.219907157376580231e-01 -2.943197214097435788e-03 5.382533796991174624e-01 3.559912996657648709e-01 2.416909108597790901e-02
-1.245814903247280392e-01 -9.539823199301487866e-02 -2.576006595822023515e-01 2.980052042943351093e-03 -1.040330308995431191e-01 -2.521186076705272949e-01 6.353825330302191599e-02 4.312854606315076611e-02 9.373760788188427451e-02 -3.064309360854112763e-01 1.371235726711436329e-02 -6.165570370155182278e-01 -3.149994655439416341e-02 -8.827416536989414475e-02 -6.801134378110244849e-02 4.406902304358948919e-01 -9.662285371891092545e-02 -8.608258674277037559e-02 7.163907627486091334e-01 -3.216367727388641518e-02
