-3.517924413248957882e-01 -1.107938940698860009e+00
-1.108114622303457697e+00 2.939467975536688704e-01
-1.842926991968303896e-01 1.780498280000188463e-02
8.139076909306479646e-01 1.350822050721599776e+00
1.137317050234833704e-01 -5.328017005779197568e-01
-3.410321157160367544e-02 1.361146333518729268e+00
1.171614408655584194e+00 1.064601113456160597e+00
-1.384323415144166791e+00 1.785623900033797673e+00
3.976559149435699436e-01 -1.765115122320353391e+00
1.034503467116012487e+00 2.141305390797603625e+00
