2.492738426904410609e-01 1.891390521698007587e-01
1.242508965777965324e+00 9.540894987838702268e-02
1.159184124958223316e+00 -2.020930628687036545e-01
3.408290093409085397e-01 1.605021657855787209e+00
1.197099926574924700e+00 3.907014152867218648e-01
-2.004059747334767660e+00 -1.024356627954680743e+00
1.382898541344353416e-01 -8.433332448380553847e-01
-1.729917426963246685e+00 1.216076010911253391e+00
1.712228521784538993e+00 -6.130427238789434297e-01
-3.720237785776593920e-01 1.288417806926250853e+00
-1.744762195294879970e+00 3.254251316893188029e-01
-1.379207313417802228e+00 -7.463495474742444236e-01
1.325368267337967199e+00 -1.937582236157337823e+00
-1.264570609927391676e+00 -4.921268870768437109e-01
