-9.235924621741464779e-02 -1.574284990355325209e-01 -4.229611273777198477e-01 -2.902812115278725624e-01 -1.436352026642369051e-01 2.963307844462988450e-01 -4.067558113050420143e-01 -7.663629866246403355e-02 7.817685543488302191e-02 -1.868405447991186297e-01 -1.110413144090481169e-01
-4.210092226278122074e-01 5.335092739136644280e-01 1.000801429738614523e+00 2.831896015274949496e-01 3.259948979858256490e-01 8.163846995045434540e-02 1.539540774892226738e+00 -4.260836528667438783e-02 -3.489209466965963874e-02 1.485253503085901539e-01 -2.332724203294059828e-01
-8.120116741766145174e-03 8.547747779459420603e-02 1.361223630843955978e-01 5.233243904167777377e-02 2.262860152574658335e-02 -1.181011200926897070e-01 3.684309248904485967e-01 -5.426653556361312608e-02 -1.619926735057421532e-02 8.956477129518478075e-02 -1.465931907061565342e-01
-1.784217510818460750e-01 2.855292814774937904e-01 1.172279032322448983e-01 1.123196729793528165e-01 -1.662625775314774679e-01 5.389765051843953964e-02 3.048616956111148690e-01 -2.337304670038233834e-01 -1.587332375824573039e-01 -5.598050429939384343e-02 1.159608503719966738e-01
-5.410511429958261148e-02 -8.235938210677670734e-02 -7.774245160769717444e-02 1.749181777075236865e-01 4.809649751627780717e-02 8.542204685942436648e-02 7.926849352447283559e-02 -5.216265232101558597e-02 -3.715062100325579320e-02 5.946663164750821268e-02 -2.002033017220555267e-01
1.374782741084251865e-02 -2.049960651799669908e-01 -3.654540740803033927e-01 -1.072712541148197751e-02 -1.005377557442301423e-01 2.055677179825446677e-01 -3.396695787125867394e-01 -2.349110469434803616e-02 -1.339436803941012775e-03 1.103490230047363997e-02 3.169328789502176558e-02
2.791144698330612073e-01 -4.268468739779643917e-01 -4.443484069649449308e-01 -2.661782886540152160e-01 -2.005299107812229531e-01 1.812141144486924538e-01 -6.425313566895753947e-01 9.167398075286618819e-02 2.119736874134267313e-01 7.350538314900341430e-02 1.045737249468844388e-01
5.137921060603679565e-04 -1.073098434873813040e-01 -3.426149102212982384e-02 6.581311236791184682e-02 1.052386887362536383e-01 -3.939275712327731244e-02 -4.236075166165942374e-02 8.799806393303889751e-02 -1.166518952336571685e-01 7.006220683256690618e-02 2.338137671637939285e-01
1.462540235876454153e-01 -1.573520157303467393e-01 -4.519656767578499879e-01 -3.059511328247137008e-01 4.244575141444143634e-02 1.433813534094754115e-02 -4.620848906019855984e-01 9.997707835369663842e-02 -3.392252449627851385e-02 -2.021430030999359084e-01 1.549879356075369308e-01
1.565139500175394827e-01 -5.783519371121101371e-02 3.362708718129048258e-02 -2.804570237672798227e-01 1.146681283410386221e-01 3.579086835300000491e-01 -1.951102064270650305e-01 -1.198031763066233352e-01 -1.734133543677966391e-02 1.585683090267500372e-01 1.257187202759990352e-01
