1.689812109187923544e-02 2.545784762029221215e-01
-1.346723738086079480e+00 1.858179823362410277e+00
2.007181083018866996e+00 -1.324612871080667054e+00
1.443766537067055489e-01 8.144092889233691679e-01
8.167612675146859180e-01 -1.162212889723555076e-01
9.742478930846520946e-01 -8.016486318446808257e-01
-9.320384192209525687e-02 -1.032944466540615808e-01
-8.926617442388483370e-02 -1.289285506214792099e+00
3.951017105292253806e-01 -1.037225467018559000e+00
-4.621120736502781767e-01 1.752502450184009186e+00
2.251800834243776528e+00 1.369038355261279927e+00
-2.541834325349128676e+00 -1.472578424320517998e+00
-2.847156715244824055e-01 1.196625135196701661e+00
