-1.625195543384670094e+00 -8.104954153113379522e-01
1.114178117093757914e+00 -1.805057611659821371e+00
6.185579505500069519e-01 -1.888441861113965059e+00
-2.407536104645697783e-01 1.568861227439786843e+00
-2.093375439950949879e+00 1.219932076178504021e-01
-1.868051690880911053e+00 1.480766620228650687e+00
1.079093551664080053e+00 9.824965373550150760e-01
3.345195390141231795e-01 -1.960015641770800565e+00
-1.637493750772982981e+00 4.692185517130566530e-01
1.636165110788464716e+00 1.477920376361972155e+00
5.448292939257006751e-01 9.230809406490801949e-01
-1.398263087170492636e+00 9.917746890866475651e-01
-4.991170221364328308e-01 -1.563589120112775843e+00
-2.256611188926942180e-02 -6.938980348838716949e-01
-1.193084907791067462e+00 -3.278415544070852894e-01
1.508035840696199337e+00 -2.442377719985760198e-01
-3.310961116783057712e-01 8.499852745680276378e-01
2.350446703569595286e-01 -1.470054571814588762e+00
