2.973088033921527096e-01 1.335248934798854703e-01 9.010497818665788583e-02 1.375932711958134935e-01 2.328173988171277839e-02 3.107113310556341990e-01 -7.280332980460700598e-02 -4.005186398652570839e-02 -1.427943205667525362e-01 -1.714534097257413847e-01 -1.127356079044706388e-01 -4.973024352892699840e-01 -3.391375420440402855e-01 1.593043276290628807e-01 8.578325266556544038e-02 1.049218899200809879e-01 1.747156428773950776e-01 -6.746502393016399514e-03 1.901332684605062107e-01 1.411756750215291678e-01
1.600588013643326202e-01 1.714325203672240755e-02 -1.519264895622796374e-01 -1.048661943529521356e-01 1.177445158861922664e-01 -3.667135048388838192e-01 -1.822476245702945308e-01 2.629761119016363335e-01 1.921199351446860326e-01 -1.633192641605613338e-01 -1.144352598073593574e-01 -6.900541788835341805e-02 2.754483463485214029e-02 2.677441603913732759e-01 -1.293861060623486270e-01 2.363261530882776462e-01 1.584057289947878311e-01 -1.958699028698240308e-01 2.568023875956973456e-01 -1.826154267929389896e-01
1.867762609105247731e-02 -2.212459973472440666e-01 -1.592428496147555994e-01 -1.776986058118290301e-01 1.002814567120202116e-01 -5.532691616414291413e-01 -2.440205372353903002e-01 4.347918925997728001e-01 2.129272891883120800e-01 -1.741361023195078239e-01 3.055935067493719126e-01 1.627539293256237418e-01 -2.080508670589431910e-02 1.155771604113770869e-02 -5.112673635522427817e-01 1.362270450578767500e-01 9.036277615444829325e-02 -1.656046353139656035e-01 1.026478482887955429e-01 -1.448064876235528042e-01
-8.341970521528463411e-02 -2.484689074442026357e-01 -1.478685607848309047e-01 -3.217120652323486596e-02 1.908129269442223608e-01 3.706828395289026717e-02 -7.241750773859279011e-02 -6.454628657251752777e-02 1.837489952517742942e-01 -4.484068967168466924e-02 -1.442986423615099656e-01 -2.696572393618480376e-02 2.214252971371171927e-02 -1.075925789904806223e-01 2.390821121397316423e-02 2.329008672214676612e-01 8.339642466254279518e-02 -2.763671058679932901e-01 -1.273855157282126060e-01 -1.017275634336439055e-01
-1.766552918444822540e-01 -1.110090717178344316e-01 -2.606867402478199591e-01 1.570993284856347927e-01 1.408937636907999780e-01 -2.569604295593251320e-01 1.390704010591626572e-01 -5.987282827265535262e-02 -7.326811544755362782e-02 -1.336364727982970214e-02 1.957158967133025840e-01 -1.689936772038037605e-01 -2.248381557535345798e-01 -1.080305089844684624e-02 -2.740357272996500337e-01 7.229133643705017154e-02 1.442662936165549636e-01 -1.888776631471980327e-01 -1.237037765028516784e-01 -8.662027772060221231e-02
1.706553533189744953e-01 -2.296373283649560670e-01 8.878122394443985210e-02 -1.075269823130448610e-01 1.870020880536500283e-03 -2.049695576956959975e-01 1.411668412239170944e-01 2.669448536081862611e-01 1.233550812005977798e-01 -2.458127019020845683e-01 2.334060093181242468e-01 -1.378928111954544344e-01 -5.053880420983175581e-03 -6.761158431376412814e-02 3.747525503258242185e-02 1.979511970026539003e-01 1.147436249902141631e-01 -1.690346622162228751e-01 -6.574284359297265234e-02 6.014856411920664614e-02
-1.155404163794120642e-01 -1.206276183851538591e-01 -2.900931046466311281e-01 -2.082422548142229546e-01 -1.861989794155095024e-01 -3.084059585467377462e-01 -2.055620293940854104e-01 6.463344718573633962e-02 1.004227527108843693e-01 -3.617081749087297515e-02 -9.628800144240580450e-02 8.709521051104387665e-03 2.046540539971474990e-02 -9.611456130147771892e-02 -1.585335230639295101e-01 -3.949835265868169298e-02 1.628883982641319284e-01 -2.847034725221833096e-01 -9.931038444961468384e-03 -8.041201610417486600e-02
1.049456532111354146e-01 -1.180072025852405837e-01 -1.758540766958440749e-01 -1.086437021299268002e-01 6.029590214132738921e-03 1.152254002086751938e-01 9.870967957823111039e-02 -4.484193713773213658e-02 5.675434634837298736e-02 6.190510373012954488e-03 1.340873371392547475e-01 -4.198691203710602088e-02 -7.200866896669541606e-02 1.508014279360370413e-01 -9.731602376202355686e-02 -6.649808739479619313e-02 -1.376597779228304688e-02 1.231609466512708223e-01 -1.090750497124973739e-01 -3.599333894197363076e-02
8.600581694384432097e-02 -4.988750774151116951e-02 -1.679954595395240780e-01 -2.154398842369463773e-01 1.088378282562662974e-01 7.777543467167211642e-03 -2.200586105133179038e-01 -5.271888148823101333e-02 1.256299823767757784e-01 -2.586096975135582492e-03 2.354594244659189914e-02 -1.759326146935912272e-01 4.111786173836719932e-02 3.984501810065806809e-02 1.747198044042379272e-02 1.511805445595892083e-01 -9.032420330970900024e-02 6.787467039411319847e-02 -3.970346657010889735e-02 1.774625021817330117e-01
-1.461009661202814225e-01 1.170093542852570917e-01 -2.286310493907834918e-01 -1.189845171814466612e-01 2.216700012412110149e-02 -2.088907152717102422e-02 -5.718073162337578008e-02 -1.228098016409214788e-01 -7.047757211946643896e-02 -1.434649338650261230e-01 1.158864310651159524e-01 1.567241852867257978e-01 1.532208640076500837e-02 -1.515117074213662429e-01 6.049437168780340268e-02 -5.451609468638523442e-02 -6.184899651295312772e-02 -3.106167348060380820e-02 -7.523492167460124613e-02 1.501954587476852232e-01
-8.639991091616780472e-02 -6.173244499421802478e-02 -1.106112551285887147e-01 5.299231325072347246e-03 6.160362078021709709e-02 4.016746295018432805e-02 -5.620374733408174499e-03 -2.909427876287416087e-02 5.551906029246910651e-02 -6.630058710956654444e-02 1.020208830135375250e-01 6.541792935398663134e-02 -1.199629308707396286e-01 -8.322583759206999068e-03 2.678065502458983754e-02 -9.443624967937788717e-02 1.047346368016193047e-01 -6.230829900441124669e-02 8.987209960410641463e-02 -1.511525952097174941e-01
5.331074732647204106e-01 -8.238775028459267846e-02 4.895766243284501579e-02 1.169405800615915120e-01 2.739926108694027418e-01 4.262122009778368525e-01 -1.695419439373427595e-01 -1.769197136295539152e-01 -4.061198178386953295e-01 6.050787917398773447e-02 -1.108955501078160155e-01 -6.469592368443515262e-01 -2.122199259420825546e-01 5.028932155455448361e-02 1.681599227312505496e-01 4.919311111235831757e-01 8.516251949704627122e-02 1.922596080178289868e-01 2.400302978456111958e-01 2.055208837233058194e-01
2.351943450929721569e-01 1.355100514034249248e-01 1.259977544610096367e-01 -1.302417971338475922e-01 -1.051542819868222095e-01 1.886714864705133499e-01 1.971198242739876372e-01 5.177538412702848564e-02 -1.500762115178100320e-02 1.738928298728733834e-01 -1.838488366255262019e-01 -9.318926307866763625e-02 -1.439771067561189943e-01 -1.360591920654325160e-01 7.870022042173951959e-02 5.154763605272760091e-02 -4.793221052944937610e-02 5.854290934741838981e-02 2.593880646979198623e-01 1.473194537904561063e-02
8.783858777582742583e-02 9.657719822664645459e-02 3.385370635923801164e-02 -1.107129339079694769e-01 2.226177873388149875e-01 5.217388560682336557e-02 1.069544870424344180e-01 -9.709151026888346303e-02 6.972105043557140502e-02 -1.454705471367181112e-02 -1.572927643215525362e-01 -2.473831575112868664e-01 1.260777833776079160e-01 6.524827567242499904e-02 -1.388810491458713214e-01 4.835876845974236560e-02 -4.648748683683906480e-02 -1.248601904699306042e-01 -4.349192159491217791e-02 -1.579316771138377373e-01
1.704519545506363865e-01 -9.043921949902168633e-02 1.000391942566799391e-01 9.917919802360365689e-02 1.349908062434725664e-01 1.166724540010583150e-01 -8.243327912468735585e-02 7.253916145906717794e-02 -1.331779543681129996e-01 5.307863274915370494e-02 -4.451213719692375011e-03 -1.311741178447981548e-01 1.468849234821386351e-01 1.865761891301734032e-01 2.524196909669657596e-01 2.579495339615932581e-01 9.346936538459243993e-02 6.892390400806878981e-02 1.489382761144472933e-01 -8.012688537870238381e-02
-5.804592230619089188e-02 -1.927882408523076407e-01 -1.419507904766074136e-01 -1.928716899716461375e-01 8.601349432701456410e-02 -1.328096236904010019e-01 1.039243599037131260e-01 6.454776154790682619e-02 1.787882440799888895e-01 -4.775457418129739479e-02 1.573188931859430817e-01 -5.564825121961997079e-02 -8.975786989747977507e-02 -1.330555252173940550e-01 1.505537754454197019e-01 1.522164272614160707e-01 -4.948256126073053568e-02 -1.662700497004952413e-02 -3.276960811852766553e-02 -1.887928702779562151e-01
-7.566993440567650227e-03 7.234943958053912869e-03 -3.502892955879770287e-02 9.322351937489296858e-02 -4.302624774986703315e-02 5.850630737572340423e-02 7.434975011651570598e-02 -2.792425605051431295e-02 -1.934711001275880859e-01 2.605507009364253501e-01 -1.834321381488684677e-01 -2.850162438628532358e-01 2.801224054989247259e-02 -1.768202430960044702e-01 3.000378520175571162e-01 -4.022994820452709119e-02 7.491217446677707337e-02 2.085561829405520595e-01 -8.587312881547626287e-02 1.776185602671190855e-01
4.432128684523611306e-01 7.198467237350882064e-02 -3.182453912007860569e-02 -4.389245910885872931e-02 -4.044633623802061650e-02 3.729810354205247425e-01 -2.807175138385166815e-02 -1.494270595124123739e-02 -1.998636481315065327e-01 5.395288007726039246e-03 -1.545521340214676964e-01 -2.165590873659063442e-01 4.776908968099997932e-02 -1.744301350014772767e-01 6.147800257472504221e-02 1.853364555622473986e-01 -1.599897668060532366e-02 3.251851583522009648e-01 3.128018224103696898e-01 6.957170728512014971e-03
3.897626528377901578e-01 -2.905722736518098759e-01 -4.359236974778461504e-01 -5.501728854820017028e-02 1.934702864041385473e-01 -2.922067078314807831e-01 -2.107399826732318238e-01 1.872539126521075292e-01 8.190186059655482631e-02 -4.784039816000235645e-01 -1.324405801724908849e-01 -6.607236415835169296e-01 -2.793887484065484816e-01 2.746332783708048675e-01 -2.707791369072154453e-01 4.102022987006977428e-01 1.325522828056698299e-01 -1.354005871877872191e-01 5.595192655990351982e-01 1.777729502976421608e-03
