-1.699699030842217296e+00 1.120996493369374791e+00
1.668313469240543023e+00 5.604996444512905240e-01
3.513681744626181436e-01 1.142350891799743584e+00
-1.628154658193088133e+00 9.881004393230513605e-01
7.401288221048428762e-01 -1.385902004818937661e+00
2.661917859536913622e-01 1.210313975835085154e+00
-1.036679289783741575e+00 -1.682661579800817764e+00
-1.582496660372498587e+00 -7.719303805047429412e-01
-4.589031323712911004e-01 1.335979504641412019e+00
-8.629143778468680026e-02 1.054118070393642581e+00
-1.052150099502086933e+00 7.961699102926370619e-01
1.909039768263236292e+00 -3.458332744706430484e-01
1.453194263820834609e+00 -1.776080095742457621e+00
-1.693404846638781658e+00 -1.842927003106509920e+00
1.434728196316813476e+00 1.328849435522309941e+00
9.777554630613595199e-01 1.523719096277371454e+00
-7.863317623573004012e-01 1.093443405155727133e+00
1.528295485907327000e+00 4.039990227657213051e-01
1.190651054986950230e+00 1.336612674917894816e+00
6.247369133022423471e-01 1.196891022985554498e+00
1.585419366123666185e+00 -1.141669960518423954e+00
-1.176844019314691847e+00 4.668018619611805642e-01
1.530348304995762687e+00 1.266949686772562478e+00
1.272272898988356937e+00 -1.379266822453561803e+00
-9.392469673003892572e-01 1.742538871161396719e+00
9.037756276325442650e-01 8.953274931810853987e-01
1.371432231922122602e+00 7.169605555947827780e-01
-8.229682327673707443e-01 1.530177848146826447e+00
-6.807076595186468682e-01 1.785686900938221244e+00
5.948094357362189166e-01 -1.221355445943398843e+00
1.426939123174949975e+00 1.178467597752972607e+00
1.535415070153950401e+00 5.867934388975896143e-01
-1.415589479386544225e+00 -1.706806210447518124e+00
-1.477054108282441325e+00 1.161528234666815151e-01
-6.147497682827428311e-02 3.391990115100440573e-01
-2.142975678914166016e-01 8.613535330696534542e-01
1.617199750883195619e-01 6.004545873883396778e-01
1.418340075461815397e+00 -1.656685575934763177e+00
1.392967097254598885e+00 -1.048169979211313718e+00
1.884268004375340810e+00 -1.712151174426299882e-01
-3.284628895770820289e-01 1.893805844851829567e+00
2.213805722186255320e-01 -1.823061087318836426e+00
1.574657046232708746e+00 -9.005665860552599655e-01
-3.895039987670636528e-01 -1.422797699829274842e+00
1.974782123276767498e+00 5.680633691653652617e-01
1.612516882733108448e+00 4.799822358793973676e-01
1.457963000378733609e+00 1.493043143239472181e+00
1.825442403725940244e+00 1.040814729421664309e+00
1.815832641877212383e+00 6.660789600079236594e-01
9.563752854491397448e-01 1.703690166984465071e+00
1.775223790233887433e+00 1.913421979498495462e+00
-1.988625541952778297e+00 3.400475381399505892e-01
1.846432412352748242e+00 5.955742347611897580e-01
