-2.028714287452905995e-01 -1.567330999082983567e+00
-7.543345081236823013e-01 -1.394512990964123844e+00
1.586890899646868469e+00 1.139468362487476849e+00
3.533085500599815465e-02 -7.522476911229073471e-01
9.625331225579737693e-02 -1.106658938096393568e-01
-7.630741176560439376e-01 -1.179686718863066641e+00
4.598635666464589433e-01 1.222730255301636593e+00
-2.145659621584581622e-01 2.265597671830867355e-01
1.190187449121388852e+00 -1.467416904437087943e+00
4.491566313064952465e-01 -1.081683416879765242e-01
1.107647695930685350e+00 5.021813933453034284e-01
-2.356294898217508482e+00 -1.610543708942134611e+00
2.960055063273009601e+00 1.275164870668341166e+00
1.573065651459447434e+00 1.496170548576739368e+00
-9.023420884841705236e-01 -2.118830904193391984e-01
-1.419793931028187295e+00 -2.232323731915551335e+00
1.602649399251975026e+00 -1.308871066556350993e+00
9.088428463966732318e-01 8.548633686771776041e-01
5.311725929929695944e-01 1.652913204334721442e+00
