-1.321806233083125948e-01 2.251380754094338688e-01 -1.260368918219416212e+00 -2.539474220320144804e-01 1.512890339371032733e-01 4.149480566781899027e-01 2.745688540377042575e-01 5.761014918802530582e-01 -8.468988790917428844e+00 7.653225712064105624e-01 -1.492580353088233946e-01 3.510461170638483064e-01 -1.182237612345820033e+00 -1.124817317268917566e-01 -6.706412457280858108e-02 -6.268769870520902732e-01 2.831196676985791791e-02 -1.860794955463453415e-01
-4.567615053445300277e-01 3.029118325999050759e-02 -1.115445806460275691e+00 -5.522049489478602496e-02 1.383515463549071511e-01 3.802469081479212809e-01 2.166451813664742043e-01 4.356425862772376756e-01 -6.228742719102262626e+00 1.287465702735552275e+00 -4.531560426093393379e-01 6.373997882194666342e-01 -9.405486347337086439e-01 -1.837394910028180006e-01 -1.974359229667041471e-01 -1.616432855792560019e+00 -2.425829826377335907e-01 -3.966389062431031065e-01
-2.874222804677991072e-01 1.425366322875438463e-01 -3.647844046341969793e-01 -1.068131374306031389e-01 1.616976627949793244e-01 1.892048393850442600e-01 1.497699725460023001e-01 2.167565011777211337e-01 -3.638700280691963940e+00 1.413750062698459153e+00 -3.344808134305882197e-01 8.324623539850583009e-01 -3.224274547456448814e-01 -1.175533239702449134e-01 1.134438307414315818e-02 -1.370973891646925180e+00 -6.969778089296608560e-03 -1.486227400001770838e-01
3.344897669185237232e-02 -8.261554108540927061e-03 -2.772267244744797132e-01 9.405789834635464031e-02 1.204206173265747332e-01 1.690692387216367887e-01 -1.136179382669714605e-01 -5.256358898942107422e-02 -2.493571009676623262e+00 9.299412194977256796e-01 -5.494403980481465943e-01 6.960444288019406178e-01 -1.307577241859386175e-01 -7.887456687786117970e-02 -3.873576421136717268e-02 -9.120634908001583607e-01 -2.776538783882325223e-01 -2.350069331472109252e-02
-1.946082034502409630e-01 -6.863651981262455792e-02 -3.914545262071417175e-02 -1.966237922625786172e-01 -1.847545116955719990e-01 2.547572129381787953e-02 6.203707110933079361e-02 1.720378444964175968e-01 -1.448316967196542571e+00 8.081667134171390821e-01 -3.914577956819192961e-01 5.568373468852594321e-01 -2.241389084842519974e-01 4.471088909270370948e-02 -4.664423256067790069e-02 -7.327763556710861215e-01 -8.739788633925871242e-02 -1.833031009156657343e-01
-2.059905261616807315e-01 7.166296215237587253e-02 -1.932606884739196396e-02 -2.020124896088731359e-01 2.002708909235988155e-02 -3.702488836415604445e-02 5.315775902941814214e-03 1.227312286570187844e-01 -8.647525679036007773e-01 6.117043109719794147e-01 -1.145170664155881202e-01 2.349150675904339569e-01 -5.014503055132389642e-02 -6.485258536922566819e-02 -1.512857092608767828e-01 -1.569885972007552533e-01 1.962874702386951638e-04 9.715263828562553661e-02
-1.723257188127294837e-01 1.893596311308810842e-01 3.266831035163186847e-02 1.151928937050334667e-01 1.491076433809027380e-01 1.020810187339244723e-01 1.572866848860122457e-01 2.797020209176025521e-02 -4.481571067427773114e-01 1.035500622233652412e-01 3.106810389516368245e-02 1.347905682294477658e-01 3.121824361914462415e-02 -1.781134441669959823e-02 1.150823684432455696e-01 -3.686988989939822270e-01 -2.077091363848370953e-01 1.514044810772205985e-01
-2.476296832180055474e-02 1.819302296993404455e-01 1.056526065699124883e-01 3.137762023617316626e-02 2.870818841315803810e-02 -8.897714883215890325e-02 -1.483977532142443934e-01 1.698920431333367786e-01 -4.223343194807597234e-01 1.831604766617247471e-01 7.031702343660831134e-02 4.262148609350257383e-02 -1.558234080479463657e-01 -1.546215473515099303e-01 -3.000017885748195237e-02 -1.184153596342848447e-01 1.591628114974175667e-01 1.557849951057591054e-01
-4.313896034986891559e-02 -1.388089906909190929e-01 7.422037158556404890e-02 8.145497114905925207e-02 -1.875605659918473112e-01 -9.277619906958904650e-03 7.690560464520544703e-02 -1.585586020416725472e-01 -3.485255953194889011e-01 2.339754070117914253e-01 5.137120108998598222e-02 -1.123061550691997479e-01 -2.394814360115969099e-01 -5.629824993506282738e-02 -1.885963293433563503e-01 -1.471170953053061448e-01 -2.032055727819374880e-01 1.806819016678911094e-01
1.189132206007620096e-01 -1.529869912386511988e-01 1.247199174490618567e-01 -1.290242080796275281e-01 -1.178986282557104581e-01 8.063428470115563407e-02 1.799703403261774248e-01 -1.427158250824187846e-01 -5.024838587709845594e-01 3.705575227201395039e-02 -2.502577022498269077e-01 1.245024243179843615e-01 1.081406179968330550e-01 -1.252030588862970695e-01 -1.554630584937096438e-01 -2.201029566186863407e-01 1.730176963022489189e-01 -1.563045898807073342e-01
1.798478215509940470e-01 -3.807626612395854926e-02 -3.605480279697951401e-02 -1.020441711954489100e-01 1.749645474906180165e-01 1.919181238179580862e-01 6.205543065665569680e-02 -1.291492688996480342e-01 8.048890757889065606e-02 -7.383915501709129026e-02 -2.259572886334781233e-02 -5.141848484975592576e-02 1.491765917810419229e-01 1.782714981315688396e-01 1.213425159762646921e-01 -2.225252799330103282e-01 -1.127310586878235987e-01 9.543381721366131498e-02
-8.683694237941612382e-02 -1.718337576654872800e-02 -1.937513022603345458e-01 -1.613134261778380873e-01 -1.916389157695826684e-01 -1.646547452555116031e-01 -1.633120149402657595e-01 -1.998259990818120752e-02 -2.760176179234581362e-01 1.866909216462447618e-01 -1.819620352810378261e-01 4.529925130990607174e-02 2.187759863833796392e-02 -1.661775836812269536e-01 -2.240220906140247617e-02 -1.768802105110857670e-01 1.694272652370836796e-01 -1.799971511256247825e-01
-4.240066902572427188e-02 -2.417706130614468221e-02 6.928413625751211891e-02 -7.606302980405713066e-02 -1.182289844537355583e-01 -7.518038934667337081e-02 -5.216448993947355242e-03 2.022729192644314167e-01 -3.170628388436369516e-01 -2.279487929160689541e-03 1.206812473921207648e-04 1.314563787410306106e-01 6.550969612963672417e-02 -2.153390570189831627e-02 -4.072328836006691016e-02 -2.379276010977502548e-02 -3.738937388144220053e-02 -1.064514076319580949e-01
-2.262255499055688263e-02 1.776585813481102727e-01 -1.580097445858134053e-01 -1.536999063181075306e-02 5.505472189450451997e-02 -1.559315511319044317e-03 -1.101485379626183231e-01 -1.814120341437810424e-01 -3.251808337883525524e-01 1.357888238617696586e-01 -2.223972678881232790e-01 -4.231992692651866117e-02 5.818538672104242582e-02 5.156847126701814832e-02 1.791475859763402498e-02 -2.441936855003639661e-01 7.289318069505200393e-02 -1.527921873389516752e-02
6.556298001132274123e-02 1.067964193592943617e-01 -1.285069538280436685e-01 9.938726335703866599e-02 -8.790833579128110031e-02 2.009182922199658217e-01 -1.423443462588051545e-01 1.661068326901653514e-01 -4.771143490064185810e-01 -2.415192233930893440e-02 -1.515398195880172938e-02 5.899145422336350697e-02 -7.899184694463450007e-02 -1.591871573547964103e-01 -9.907330406812855927e-02 -1.443550599802650714e-01 9.434773999403940625e-02 1.580126116435794925e-01
3.147601837800087510e-02 -1.804051128546382832e-01 9.176194862301131905e-02 -8.290395899200714291e-02 -6.401488456104785507e-02 2.064099710067297117e-02 -9.383018205988917504e-02 1.861466064369357576e-01 -4.600332216220294201e-01 1.428940234377715918e-02 -1.027793823570401915e-01 3.157858707410036297e-02 -1.376789104541475961e-02 5.085608430653619505e-02 1.246155872215774785e-02 -7.285460716323380326e-02 4.812168365430548322e-02 -4.507512654415399278e-02
1.024244497130133713e-01 1.273783855515427943e-01 -1.169031018349402373e-01 -6.088411432533236134e-02 5.158070351941500264e-02 -1.256491711243228893e-01 8.117452981631750886e-02 -3.551052680237298809e-02 -1.415185869219591219e-01 -1.046229998155478180e-01 4.996926600819375647e-02 -3.839552420986788728e-02 -3.640543539451653737e-02 -3.395665941394768184e-02 -9.474437737063995391e-03 2.644054279438668928e-02 -7.776138787572106637e-02 5.215926894331862629e-02
