1.380211625706759260e-01 2.344037497962437877e-01 1.551175177277029082e-01 1.287556234638036201e-01 -1.226962146386216812e-01 3.781445811613569630e-01 5.034963440771431098e-02 -6.904976018809126648e-02 -1.044068651433456285e-01 -5.485393550749168706e-02 -4.741245942487207210e-02 -4.603206087783151546e-01 -1.850154607325775191e-01 -7.970615406436383499e-02 1.911513234404025041e-01 7.706393970848832153e-02 6.857734060712211699e-02 5.211221707308236542e-03 2.080884092082472270e-01 1.181866719371305330e-01
2.363836124604458688e-01 2.111643673873144778e-01 -3.181417903926468949e-01 -1.364346153371829781e-02 -3.986308465740238949e-02 -6.003780635454430969e-01 6.573238824102610456e-02 2.420987411441306025e-01 1.242948318483585168e-01 -2.026570013433615092e-01 -1.246775091239662736e-01 -2.830508131543656436e-01 2.415697147236733622e-01 3.187597852842939394e-01 -3.707874955329352740e-01 2.323175394061431920e-01 6.525182241414279050e-02 -3.026297692214403590e-01 2.432294545342385816e-01 -1.035010017126179738e-01
-1.213342423969613754e-01 -2.803588309240897525e-01 -3.536904153266429152e-01 -1.527402396947306618e-01 5.015528265993662166e-02 -9.821960029202843057e-01 -1.959340206593165878e-01 5.127481963960219824e-01 2.207264586127317685e-01 -4.484906804225631816e-01 3.516413646171306917e-01 1.650946430274479182e-01 -3.411035182760903395e-02 2.900409261107484982e-01 -8.583424590087778139e-01 1.097634979374072922e-01 1.434569196111168746e-02 -3.248430576110308277e-01 8.634975914709648592e-02 -1.277254530802911792e-01
-1.765686982946841899e-01 -1.788332927486317447e-01 -1.734551719223747790e-01 -7.850622508429458066e-03 1.306453940131810099e-01 1.040839239596042009e-03 2.510160492369348413e-03 -1.024666586923775324e-01 1.572198444481471835e-01 -1.056841198612957708e-02 -1.257869842029611940e-01 -2.481682094920564449e-02 1.016150774316164351e-01 -6.847584239343344759e-02 -5.628591607003450605e-03 2.300512705548534431e-01 4.831429049867367459e-02 -2.952461853127492097e-01 -1.186409747960278094e-01 -9.561771771907333350e-02
-2.172879786941705749e-01 -1.113829701165235664e-01 -3.001395433170250815e-01 1.655658104125644903e-01 1.136861130292012162e-01 -3.527642036558437666e-01 1.668364701415975537e-01 -4.602062793220462744e-02 -7.032850615817468065e-02 -6.724411291133679247e-02 2.106201725284204684e-01 -1.748186543236896207e-01 -2.114514635117063224e-01 2.840403834413172610e-02 -3.470372197734038489e-01 6.619961262784804235e-02 1.157739295102592492e-01 -2.245586037544295144e-01 -1.234998979546001047e-01 -8.197109689688293621e-02
7.758165251735334167e-02 -3.370098921043070961e-01 6.109448983595928973e-02 -1.113427992215337003e-01 8.916533390481927099e-03 -3.971483743671594402e-01 1.043862248120739217e-01 3.251349005709615048e-01 1.611120029448619428e-01 -4.247094083509106999e-01 2.669405542202942794e-01 -1.149328116654488863e-01 -9.787741879529845979e-02 -5.016448811339298437e-03 -7.320892177102406029e-02 2.042480907100230614e-01 7.891231544814687748e-02 -2.170529099945956164e-01 -3.943470646475693425e-02 5.088418679332710332e-02
-2.204059024239322373e-01 -2.040129690482048730e-01 -3.393800724490616538e-01 -2.113353651085227713e-01 -1.908641813258472597e-01 -5.026748000603870059e-01 -2.260483998391045191e-01 1.157215897265595622e-01 1.297784795853351436e-01 -1.948319833934961387e-01 -6.133069293618908374e-02 4.244352405391983024e-02 -4.184391521681866954e-02 -3.598000803537096306e-03 -2.844503112990690585e-01 -4.414826875782944943e-02 1.253521920588167304e-01 -3.432727832864336248e-01 2.375174504552451764e-03 -8.878352421710881959e-02
5.515793298180144549e-02 -1.017503434955542851e-01 -1.907887802973332325e-01 -9.974810658174521061e-02 -2.337091641335945630e-02 7.106846885693650362e-02 1.295801952820473668e-01 -4.986033971554681282e-02 5.398162416686855258e-02 -5.223952414633269148e-03 1.480213200522494943e-01 -4.076080712298801173e-02 -4.689613498361749899e-02 1.645691766009032830e-01 -1.260198422803886498e-01 -6.861060561501317046e-02 -3.784370501764244832e-02 1.068814563457290562e-01 -1.027401716234114387e-01 -3.454626201750016223e-02
3.012897083608217369e-02 -3.405313767042699585e-02 -1.429672725285975332e-01 -2.054167562681635806e-01 8.328194734597486881e-02 1.177160500615084815e-02 -1.954476215076481893e-01 -7.196053846596577042e-02 1.231156960006429268e-01 1.117987100171272813e-02 3.693788227455930412e-02 -1.760270834607957635e-01 5.650900415048834557e-02 6.923921477437354824e-03 4.181134121101909989e-02 1.617366218189385807e-01 -1.112584154692629890e-01 7.759264811115423877e-02 -1.512956139661414921e-02 1.752187362393552439e-01
-2.086285145403659891e-01 8.861240361988054204e-02 -2.678387254095869752e-01 -1.255936263717350176e-01 3.610526358111565762e-03 -1.250064466599274671e-01 -5.337806815304087932e-02 -9.270776519685777761e-02 -5.096486693194993839e-02 -2.142067924592288009e-01 1.398914646260664696e-01 1.844032568179169995e-01 9.652054809520619130e-03 -1.071745568854789027e-01 -1.372611764776839050e-02 -7.037675896080501647e-02 -9.072391244932817567e-02 -7.169878025858240911e-02 -8.224606360897092350e-02 1.439125684166711605e-01
-1.180730686306388499e-01 -1.162528388516288758e-01 -5.709174542932259067e-02 8.570125219684626011e-03 7.046821642853540180e-02 1.819623060335697276e-02 -2.970671811706799073e-02 -1.889445063592621807e-02 7.619230862148029804e-02 -1.234786931082426237e-01 1.137060763513604578e-01 5.304543018226910017e-02 -1.848351544091395848e-01 -7.332038796920134494e-02 5.555612349216575152e-02 -6.631802000256660501e-02 9.014022806914596952e-02 -4.301053471184791699e-02 1.360548415024643298e-01 -1.569824321145977530e-01
3.216426335019695881e-01 -5.154686667276880963e-01 7.189936435085665378e-01 9.151911331423569218e-02 4.095039935636792250e-01 7.063903219811857870e-01 -4.617241226858780911e-01 -1.652412787572377917e-01 -2.176413997395446054e-01 -1.277359090788119933e-01 -3.635071779704674572e-02 -6.639799715243993594e-01 -7.646662051424198969e-01 -7.718684016254361291e-01 8.018713111669935056e-01 7.392333926780462194e-01 4.016757252810216478e-02 5.235682541110616706e-01 6.394731484855719073e-01 1.113877434381183446e-01
2.407513444076934406e-01 2.730801097766890062e-01 2.514001161068931123e-01 -1.132837198004385121e-01 -1.665474075494876860e-01 4.495773888139730223e-01 2.798157008573982640e-01 -4.508332747878079222e-02 -4.243064917408805731e-02 4.071112112273774786e-01 -1.907757254478773812e-01 -1.283388646565398195e-01 -2.404670035667806627e-02 -3.667676459323437332e-01 3.032494672698184401e-01 7.282821399852502930e-02 -5.781695810366454386e-02 1.536534995549855287e-01 2.942137410288939714e-01 1.504952176680421014e-02
-2.595400183272249684e-03 1.000093454664649634e-01 2.804453172195588498e-02 -1.364749811331985030e-01 1.691209064981110122e-01 2.710794262312945027e-02 1.314366857226827168e-01 -7.342864180721388190e-02 1.097869969470909174e-01 -1.174801126636504899e-02 -1.165295187829650247e-01 -1.858744655825378123e-01 1.726811355578524165e-01 7.418394822998170511e-03 -1.414638760973242204e-01 1.229079963688160457e-02 -9.539200790301763377e-02 -1.489990141906554488e-01 -6.125224903287194989e-02 -1.794765264795323001e-01
1.466376855933252121e-01 -2.138499672691498640e-02 1.312609877751477472e-01 8.990576105189100609e-02 8.240296105257531589e-02 2.142324780044042865e-01 -3.244092776686674506e-02 4.782626672676976859e-02 -1.265074294909988295e-01 1.604088019520369668e-01 8.949781200435807244e-03 -1.134267451274221100e-01 2.346971211105689792e-01 7.666043070495018319e-02 3.315759939856671723e-01 2.387757326015031711e-01 6.938368150036280935e-02 8.845492836522622637e-02 1.381923864733130281e-01 -8.901332187511719340e-02
-1.085512427674465014e-01 -2.299927741683942539e-01 -1.301591269114643901e-01 -2.037340461765879962e-01 7.970332010367446596e-02 -1.694443865862713394e-01 8.997505025333106532e-02 8.500658011992125174e-02 2.043650757569934751e-01 -8.960380557677671831e-02 1.776722138719138699e-01 -2.956485110099346669e-02 -1.150191666973575944e-01 -1.567416214489364135e-01 1.461070323480069544e-01 1.493251623044921372e-01 -6.961825584748738971e-02 -2.358423973258648443e-02 -2.263022953884580996e-02 -2.007237093603313483e-01
4.564517339934864859e-02 2.931820117938031545e-01 1.279488896393702890e-01 1.353912881637480414e-01 -1.404939749466634358e-01 5.149929581743687423e-01 2.354537837719801185e-01 -2.168072932423976973e-01 -2.798356764967159793e-01 7.017832131006465080e-01 -2.185500680029828224e-01 -3.586841759595950641e-01 2.754791767521844736e-01 -4.717351227318423157e-01 6.461887394559037157e-01 -1.190708677741114663e-02 8.532252154740946337e-02 3.584523826259665702e-01 -5.525194218715156341e-02 1.933805779742438502e-01
5.049961281064545560e-01 4.701631588869470968e-01 2.081047027060761445e-01 1.114784276892242208e-02 -1.776758218603082529e-01 1.027939275164160948e+00 1.934263385845493288e-01 -2.814437989114320082e-01 -3.166423789711362846e-01 6.329685525850686778e-01 -1.999935443947373215e-01 -3.082875089952130110e-01 3.934187685885478514e-01 -6.020254682833184878e-01 5.640066467574348374e-01 2.242715040730254294e-01 -2.560856687305087653e-03 5.413184969644098121e-01 3.578921378144078180e-01 2.436822532455962947e-02
-1.299158514150097754e-01 -9.589981600196224865e-02 -2.553108976120879170e-01 3.673775081639729916e-03 -1.027129908049845691e-01 -2.518358309761659641e-01 6.209973355810818885e-02 4.117104847505610732e-02 9.210697653513284788e-02 -3.039406300231929925e-01 1.408628760217269481e-02 -6.157673094251048251e-01 -3.422679249513824185e-02 -7.978709713259064806e-02 -7.014487123700413607e-02 4.437803005010610979e-01 -9.681772860183759932e-02 -8.563476388012819518e-02 7.200862000415272357e-01 -3.106862086019097566e-02
