-2.634290531003914970e-01 2.771940176745220086e-01 4.388626728141242772e+00 -4.047279277321235713e-01 -2.212422940832073637e-01 -2.890105373359861951e-01 -3.914698624039308350e-01 -1.513493103897105285e-01 -1.823796831075512603e-01 5.017501013657096331e-01 -6.883009060876699170e-01 -5.925151131987453912e-01 2.976192203985928431e-01
-1.649600581916746134e-01 2.961095601315877901e-01 4.430862198041241040e-01 -1.066144422940945719e-01 -1.872627412528688196e-01 -1.585087157357490950e-01 -2.271659359663251443e-01 -3.642802050257408220e-01 -2.445510082124461304e-01 3.096435956907582221e-01 -6.893568837702813701e-01 7.084553718024808044e-02 1.742449391375598677e-01
-2.029486527389144299e-02 -4.034442896249626487e-02 1.184611842750760841e-02 1.176349658358214062e-01 1.461294936190576654e-01 1.065150224690713104e-01 -1.124489202068613691e-01 1.983679521161685610e-01 2.234686572164559792e-02 -6.927627487272294826e-02 -2.086007997630805189e-03 1.795193796654347973e-01 -8.364793811073930815e-03
6.299630166183341207e-02 -5.600725131577279775e-02 -6.831015437007342816e-02 7.889512918336051561e-02 -1.991218345535159806e-01 1.185739019250217074e-01 3.214511178802610496e-03 -1.797138841756787120e-01 -1.727075231165583480e-01 7.718156733458081398e-02 9.466743504065690262e-02 -9.375682204248385332e-02 1.999767501279100246e-01
-1.649200802530538246e-01 1.500084076834083957e-01 -1.264966222413603340e-02 -1.682620549775903918e-01 -9.001808819611804846e-02 -2.463303089883754279e-02 1.164938310350582401e-01 1.323156666955410399e-01 -1.581143632613663530e-01 1.577626574176642718e-02 2.937245372177841804e-02 -6.508665094209339919e-02 1.534473165096356673e-01
-9.225421976584460837e-02 -1.862903837740944313e-01 -1.359239655565041005e-01 6.819494683738636098e-02 2.305601499764468182e-02 1.738141828987110338e-01 1.719661627709214713e-01 1.557654654431911978e-01 -1.922379010845724212e-01 1.122999487088977288e-01 5.551064381815109389e-02 5.986610302158992120e-02 8.927796347193928117e-02
1.478342467815943473e-01 7.450496182455396132e-02 4.738501312251523767e-02 4.656406561702097248e-03 -1.178882535102480367e-01 2.321595860590009233e-02 -2.009565074777913962e-01 -1.557634689621084922e-01 -8.769214124476698569e-02 1.517234936230794085e-01 2.731573821788528186e-02 -7.202126268456500446e-02 5.622656506828285078e-02
-1.887868643567790494e-01 -1.271434030405586835e-01 2.594928903516121044e-01 -9.025427268547416004e-02 -4.233626897536637429e-02 1.348459809731518237e-02 -8.673657860444851375e-02 -1.737463411099737440e-02 -1.146569758171826353e-01 -1.681870185075045321e-01 -1.585308187091337973e-01 4.872940818851683592e-03 -1.679303793182801985e-01
-4.264523837731397371e-02 -6.531915431136139927e-02 -1.900202238264621021e-02 -1.622465737713841005e-01 1.632467834465934631e-01 -1.352066306553805636e-02 1.341896155783056099e-01 1.860590746048038646e-01 -6.773736132398472387e-02 -8.160676093790542344e-04 6.387747165441576280e-02 -3.312529371512443893e-02 -7.338881418856280092e-02
9.230505956729910533e-02 1.600885547682991683e-01 1.981569066206482765e-01 5.021040931962626741e-02 -4.985923155724711342e-02 1.884848839043746505e-01 5.595250367392363977e-02 -1.739840366208462719e-01 -1.684343358832565973e-01 1.032930602745509574e-01 -1.824342631008925020e-01 -1.988582376072605407e-01 -3.918325659937207939e-02
6.401140208854519224e-03 -1.755636522179789688e-02 7.390623516471331658e-03 3.329634436236050127e-02 7.172644704948631655e-02 -3.269306200339650720e-02 -5.347522021243903551e-02 1.931007258156182960e-01 -9.945149457205036680e-02 1.139105913156558125e-01 -3.726092741602793357e-02 -5.994489341559695178e-02 -1.705684140817370908e-01
1.316835766752239290e-01 1.018776652050478598e-01 2.758026583479269433e-01 -3.251557242566058964e-02 6.960278600748648348e-02 -1.656460808608979374e-01 -4.740916946927705572e-02 -1.345068302314007536e-01 -2.066193279318402909e-01 2.191408419265440943e-01 -1.816007449782058025e-01 -1.499794551160112399e-01 -1.120172532723397868e-01
