1.758047535536517991e-01 2.538519890434384751e-01
-1.499969390605835118e+00 1.858906310522281613e+00
1.854275617336047066e+00 -1.323886383919612664e+00
3.045935332864815881e-01 8.136828017641805078e-01
9.709435524810943186e-01 -1.169477761305225683e-01
1.128359758289981363e+00 -8.023751190044787762e-01
-2.461093125346350829e-01 -1.025679594944085143e-01
1.180724142602147947e-01 -1.290011991344098385e+00
5.494870937603391070e-01 -1.037951954161824952e+00
-6.150177123806903623e-01 1.753228937345063576e+00
2.098895368561032981e+00 1.369764842422334317e+00
-2.388873836819285223e+00 -1.473304911481572388e+00
-4.384134244222397947e-01 1.197351622357675227e+00
