-2.291661437628841336e-01 2.073882782377512168e-01
-1.382159683704155428e+00 1.540886773399446241e+00
1.286687772668378082e+00 -1.405755587136579221e+00
-6.190271173721140913e-02 5.150250345125065854e-01
1.114582146133773044e+00 -1.415038615751680606e-01
9.761912793615405981e-01 -7.034866934087894430e-01
2.846859589394516027e-02 -3.866980020598856371e-02
5.477497722355537668e-01 -8.885973653202062783e-01
2.802307180584905910e-01 -7.686112600177034127e-01
-5.773214007695550709e-01 1.296052672894993929e+00
1.050759398813035483e+00 8.744726541319949309e-01
-1.342979174078391624e+00 -1.071550594431068593e+00
-4.569473388027973093e-01 7.771013554517176569e-01
