7.728244531876631712e-03 -1.525508185219295598e-01 -7.099352916678086656e-01 9.241450507872975284e-02 1.520953954747391867e-01 2.251735171861041218e-01 3.975592995927441087e-01 1.553492692077244053e-01 -3.707694350168255770e+00 2.683401788250827646e-01 8.701073855225422982e-01 2.720263288210606270e-02 -2.050947552962053833e-01 -1.124910042842346414e-01 -6.610896482746742020e-02 -1.010305753183479371e+00 1.878514289781619551e-01 -3.188482888559370648e-02
-3.394924922334128792e-01 -1.621196780298894691e-01 -6.571102339958408978e-01 1.577157612908471618e-01 1.395489151166947883e-01 2.224777461413113000e-01 3.921095086932995244e-01 3.553947257002905702e-01 -3.874469314098466732e+00 2.897064769729401079e-01 6.460526998969668977e-01 2.019014689289111153e-01 -3.570163292332841909e-01 -1.837467983086815693e-01 -1.954978624219292083e-01 -1.665642615739156840e+00 1.500977575273997749e-02 -2.697946270338545394e-01
-2.241862673666394079e-01 4.365154983473140682e-02 -1.161929673576527766e-01 4.027376160247377740e-02 1.627233216426100804e-01 1.035136595095067225e-01 2.438912582291711262e-01 2.276571978584517042e-01 -2.290316223996273326e+00 4.657874207314828818e-01 4.209486925749812425e-01 4.540498542947972727e-01 2.572973983822618091e-03 -1.175575464386006269e-01 1.343404728785748889e-02 -1.571257259613611845e+00 2.048839819309886123e-01 -7.910138418497343615e-02
6.886585045285806284e-02 -6.010270118394730327e-02 -1.368645570967089720e-01 1.733363676157621547e-01 1.212396439957458827e-01 1.205910984880860098e-01 -4.463349495565375330e-02 -4.857924071414163047e-02 -1.226762785085822927e+00 1.725385926138320869e-01 -6.470899914187441815e-02 3.788804086674087968e-01 9.572208322607818343e-02 -7.887746830707263734e-02 -3.683863274364011786e-02 -1.164253969813870970e+00 -1.086463009876391522e-01 1.631716007320069273e-02
-1.752961027006288974e-01 -9.637731985647336741e-02 3.789634740957804893e-02 -1.539304019999785389e-01 -1.841644713682799861e-01 -1.174637036131668914e-03 1.193532948268418714e-01 1.715847047706709483e-01 -3.565643212251938809e-01 2.788055179995314603e-01 -8.606277884259759536e-02 3.062306109176233804e-01 -6.530353329594867917e-02 4.470883237440721747e-02 -4.506839623297564240e-02 -1.197647615046054215e+00 3.789893736558090642e-02 -1.612025305035903744e-01
-1.981118991688489428e-01 3.980382695151205713e-02 1.278534223071411784e-02 -1.443344656672267967e-01 2.042859529254876030e-02 -4.818883315460692485e-02 3.593345737470857171e-02 1.194561656319768350e-01 -1.575434583324588911e-01 2.953166723618548817e-01 6.266359296732681994e-02 5.990625211766677921e-02 4.260839501462854867e-02 -6.485353799626850102e-02 -1.499755652997927236e-01 -6.550853900160920062e-01 7.631245717986813448e-02 1.066963314213754815e-01
-1.623319579366062915e-01 1.607968417000865402e-01 7.186256367455728933e-02 1.732260264148400841e-01 1.493443717882487753e-01 8.857823519679200452e-02 1.777825018957349679e-01 2.867253879444572190e-02 -2.176582964384624896e-01 -3.768575525946772642e-02 1.473866356043900538e-01 3.623062394070872272e-02 8.055338787574421733e-02 -1.781178498100904201e-02 1.158246196965301983e-01 -6.117118492695047260e-01 -1.702715717948819485e-01 1.623124955086398813e-01
-1.655398805952486285e-02 1.589825210946538003e-01 1.381838584902505274e-01 6.865979145180217680e-02 2.880558908309667834e-02 -1.002126239438224653e-01 -1.368170093090251838e-01 1.527649843988727052e-01 -2.201113143761167512e-01 1.509831819188469371e-01 1.283966948853488832e-01 -3.442827779816346346e-04 -1.026223347247376821e-01 -1.546220496865851612e-01 -2.979217625282282525e-02 -1.682003987007930634e-01 1.718803578549645550e-01 1.650168247383234088e-01
-3.930723355104524808e-02 -1.625352439135762384e-01 9.012101380293600916e-02 9.842059975179347220e-02 -1.874345269115822998e-01 -1.482847744297101020e-02 9.740040911765944498e-02 -1.652585179208487243e-01 -1.542793208958583850e-01 2.291639070080517815e-01 1.144580942877260477e-01 -1.411872714206792445e-01 -1.927652352105753142e-01 -5.629860523658297006e-02 -1.883478280077151568e-01 -2.072983375493072100e-01 -1.878498887797856176e-01 1.855543440064851279e-01
1.225888935613635849e-01 -1.746212701769826459e-01 1.394216343978838257e-01 -1.110404234348137259e-01 -1.177403668340359782e-01 7.554552342707236690e-02 2.060984852592362970e-01 -1.327589699757028285e-01 -4.563145598147681503e-01 3.816035465017303483e-03 -1.807124587247461167e-01 7.183358311201856750e-02 1.267630175726672803e-01 -1.252032061157760945e-01 -1.550586031684506039e-01 -2.382465625790816943e-01 1.943538504974514081e-01 -1.520678367057828329e-01
1.827998801621974756e-01 -5.759660101094505463e-02 -2.462064818486033729e-02 -7.833163444788894536e-02 1.751095438065953525e-01 1.879909662102260681e-01 8.206394990748344664e-02 -1.129266617071301992e-01 1.161167812477242878e-03 -1.092107171046214353e-01 3.090443176276467044e-02 -1.090166729116866240e-01 1.462289313895663023e-01 1.782714536901528757e-01 1.217724592083903185e-01 -2.410972670286261887e-01 -9.441995399315214477e-02 9.854077084987397650e-02
-8.559688882912667995e-02 -3.441249583684612146e-02 -1.882300593834110858e-01 -1.425455239618505510e-01 -1.915095506625172916e-01 -1.666118154104226090e-01 -1.525835748610431530e-01 -2.322645528252117661e-02 -1.008017297585277472e-01 1.323554159303256816e-01 -1.401457703070479732e-01 -3.459378337734470097e-03 4.698410984131928814e-02 -1.661776174619407076e-01 -2.201972152016409140e-02 -2.099008365979381785e-01 1.882796963536044199e-01 -1.781287310496703080e-01
-4.010185719908408025e-02 -3.523656094865613292e-02 7.918925800394213677e-02 -6.718125525560759981e-02 -1.181190404299793245e-01 -7.866710784549348079e-02 6.461001384056835883e-03 1.853164583250495323e-01 4.012569814670689794e-02 -5.708284621043392681e-02 3.750751223383598509e-02 9.864324660928200372e-02 1.131480219123409819e-01 -2.153414683034419325e-02 -4.042926374102202847e-02 -4.965077065619512980e-02 -1.812897813502512695e-02 -1.032432941490680073e-01
-2.113235528355552825e-02 1.732592540968722616e-01 -1.512334663038550076e-01 -1.159727826533846901e-02 5.513506533086484640e-02 -3.971669262764570239e-03 -1.022618615490974714e-01 -1.948932768937083893e-01 1.623240388045350813e-02 7.667087266681595070e-02 -1.842020003566273434e-01 -6.106605516501993625e-02 1.033775322064615781e-01 5.156822222624469348e-02 1.812190433903982517e-02 -2.857018789491152511e-01 8.970002422646086715e-02 -1.291976714770105145e-02
6.790668331687005344e-02 1.031316961039435015e-01 -1.188464668011448011e-01 1.065701239441487480e-01 -8.786020345335174286e-02 1.975509859018675096e-01 -1.412242435793935602e-01 1.546251541856854816e-01 -2.089515538755015167e-01 -8.097452953044015356e-02 2.470950368613476084e-02 4.467959248858447557e-02 -4.324475441182425162e-02 -1.591872693431401753e-01 -9.892763055529825433e-02 -1.981367638655931462e-01 1.059110160695339031e-01 1.609399449387181047e-01
3.423578580011798350e-02 -1.863723600707062888e-01 1.030794792907693547e-01 -7.669487685536642563e-02 -6.398390227539052511e-02 1.670070236888105547e-02 -9.101727073201054674e-02 1.709669791747381040e-01 -1.863371375579322142e-01 -2.072487173845884850e-02 -6.339122102360272848e-02 1.490900517636007880e-02 2.611023039426587505e-02 5.085588920428063542e-02 1.253899556179012900e-02 -1.120186100665180318e-01 5.605142211151211556e-02 -4.167231575645433811e-02
1.063355329331424626e-01 1.143652061957191879e-01 -1.016866568901572121e-01 -4.942679908243142323e-02 5.163422865462328343e-02 -1.308811560162757293e-01 8.871318881428319481e-02 -3.655650708963587708e-02 -1.293170319125550027e-01 -1.281731902008378388e-01 8.329112206104677396e-02 -4.726855024998959098e-02 -2.190160276693105257e-02 -3.395702555164366310e-02 -9.386859125154503949e-03 2.377241983733914543e-02 -6.958269989313031756e-02 5.633490513997539695e-02
