-2.807570721789309220e-01 2.444113876775037830e-01 4.388626728141242772e+00 -2.489216520150188128e-01 -2.391902625935694304e-01 -2.771645136198027104e-01 8.345791451758438617e-01 -1.614871870121040998e-01 -1.821704096481615298e-01 4.916106863808085148e-01 1.562778328509587311e+00 -5.919624584536217204e-01 2.913556684423866394e-01
-9.013293589442175624e-02 2.882221057326729841e-01 4.430862198041241040e-01 -7.627574404639846095e-02 -2.024441529141311757e-01 -1.468582464827143941e-01 1.008883244841005250e-01 -1.689628688113073429e-01 -2.413861763390096338e-01 3.055278780043838016e-01 3.033996054970383160e-01 7.133664299309032397e-02 1.681058196521131032e-01
-1.762139504687583805e-02 -4.043952552259211242e-02 1.184611842750760841e-02 1.049968061863098961e-01 1.442355663005852884e-01 1.075611585607698095e-01 -5.033965508394519506e-02 1.918303818542785311e-01 2.200746558655868046e-02 -7.057965777886514303e-02 8.258537136062056583e-02 1.795747297050226399e-01 -8.919867972241186591e-03
6.652085314708015840e-02 -5.704381325480201853e-02 -6.831015437007342816e-02 8.037846022564960891e-02 -2.003081375188233981e-01 1.195359935715829686e-01 2.440977158762823451e-02 -1.629897801816581060e-01 -1.723679672600825497e-01 7.694415784015896931e-02 1.628733313121294990e-01 -9.371770290478509402e-02 1.994702086063431523e-01
-1.606951594579089371e-01 1.495674977520446980e-01 -1.264966222413603340e-02 -1.699044058489586340e-01 -9.068141507669301438e-02 -2.407756098528706507e-02 1.207348138813517380e-01 1.435220331565657537e-01 -1.578932741142918816e-01 1.568715931056881979e-02 7.529372204168560678e-02 -6.506452204882311185e-02 1.531550775165241018e-01
-8.945416803490399693e-02 -1.862943697713186353e-01 -1.359239655565041005e-01 6.849893270651415123e-02 2.252660110031841356e-02 1.742104449536978628e-01 1.810892815787401022e-01 1.627002046713571237e-01 -1.921459699596059501e-01 1.121519351072303161e-01 8.201938216292212203e-02 5.988308144075457640e-02 8.906913626283094465e-02
1.542672930545692933e-01 7.406770552204124114e-02 4.738501312251523767e-02 3.238551295991902966e-03 -1.191587941181470323e-01 2.412269729010602451e-02 -1.740518551260361313e-01 -1.429370374211924588e-01 -8.755083044814397641e-02 1.512513893165391421e-01 1.219545010665662454e-01 -7.198115467058181782e-02 5.574817046425641770e-02
-1.860163422085034657e-01 -1.273549270830875157e-01 2.594928903516121044e-01 -8.987659430758558610e-02 -4.299552821734175384e-02 1.399127822833053092e-02 -7.073995274663277821e-02 -1.018318183467710816e-02 -1.145186889034603417e-01 -1.683564502299247645e-01 -1.191769654803041673e-01 4.894274900247445707e-03 -1.681973325405809461e-01
-4.015440595710573907e-02 -6.539713623486663463e-02 -1.900202238264621021e-02 -1.620076027317171041e-01 1.629046677646439345e-01 -1.326920209088976177e-02 1.427222206300220453e-01 1.896170912970614186e-01 -6.768619280002152738e-02 -9.246288012462317279e-04 9.260805469535973722e-02 -3.311439349973695906e-02 -7.352148191285966250e-02
9.261736185497555784e-02 1.599267567103356269e-01 1.981569066206482765e-01 4.975556081417141507e-02 -5.000776470312959937e-02 1.885947133570246570e-01 6.180265117011632392e-02 -1.740419065861996684e-01 -1.684111348010561560e-01 1.032403158340546578e-01 -1.733372279386432568e-01 -1.988534963414201329e-01 -3.924123126481742635e-02
7.344526707965371749e-03 -1.774629664399665976e-02 7.390623516471331658e-03 3.333966802889348074e-02 7.151086834830597261e-02 -3.251588380361238040e-02 -4.690719789650027449e-02 1.949956367244602418e-01 -9.938607563978633930e-02 1.138723467960270075e-01 -2.699209905880493171e-02 -5.993775137209026577e-02 -1.706616335759622016e-01
1.374606714757105608e-01 1.012243031865518172e-01 2.758026583479269433e-01 -3.332307274773954608e-02 6.816014771175489539e-02 -1.646165059957193089e-01 -1.437394466108786288e-02 -1.209106102937248656e-01 -2.064591669087126047e-01 2.185954578686838401e-01 -8.597647162004563859e-02 -1.499339129133942516e-01 -1.125604427790475731e-01
