-1.209259729238664066e-01 -1.322964205137002192e-01 -4.487709921765876686e-01 -3.780991999295036932e-01 -1.084744948569404260e-01 4.458916319229106473e-01 -5.656346965900972412e-01 -5.014275739702907936e-02 1.155976295376864166e-01 -1.194017896816231133e-01 -1.355943995279707548e-01
-5.434058456722725694e-01 6.284099886255196665e-01 1.178025836909354362e+00 1.821905874135050507e-01 4.015916240607855792e-01 2.267812874491804409e-01 1.770210956927142254e+00 3.199904970843217827e-03 -7.525058378691249633e-03 2.885987382182420014e-01 -2.925816659930038366e-01
-5.267456866763047668e-02 1.266385701863632363e-01 2.014730722823338260e-01 3.094611819904765498e-02 4.813787622377854736e-02 -7.667879796168856898e-02 4.457651954716743692e-01 -4.576979326204824033e-02 -1.303713580511555066e-02 1.350279287756987467e-01 -1.699839558050205424e-01
-1.892688591919413355e-01 2.957853569046495767e-01 1.281413488698347480e-01 9.489109684193541838e-02 -1.584231763465043241e-01 9.317404362201711643e-02 3.171395258373257420e-01 -2.316621953247279264e-01 -1.573336754263951198e-01 -3.538105085704456448e-02 1.077714230254841754e-01
-5.050475575525053412e-02 -6.892656495892994506e-02 -7.286770117371546562e-02 2.036610488534747743e-01 4.154861590400090593e-02 8.060531879929988541e-02 8.968928945142772002e-02 -7.418133230584494919e-02 -5.814700140533599765e-02 5.237414648100354592e-02 -2.050143407383475946e-01
-3.774942924386932332e-03 -1.480228876458617171e-01 -3.019478794908490027e-01 9.488555670697643163e-02 -1.106814590323694641e-01 1.316021902486238238e-01 -2.338772745774549411e-01 -8.120324810803082605e-02 -6.068819802977727662e-02 -9.944795849874394147e-03 1.303707331462089156e-02
2.913228140017725121e-01 -4.055962146340494900e-01 -4.485291397883439668e-01 -1.991285859477967823e-01 -2.159959214572282904e-01 1.418075482217007188e-01 -6.621332119316131193e-01 5.011207486942975686e-02 1.752506566976808899e-01 4.524128113553900488e-02 1.000039715544714797e-01
1.042820979915884058e-02 -1.313188418619453124e-01 -9.068377950383414710e-02 2.484399796155734204e-03 1.141717937733548460e-01 2.818254168988748587e-02 -1.757040687230998488e-01 1.162290468918974889e-01 -8.114536049898375680e-02 8.731862974712976955e-02 2.388476769853827841e-01
1.771003245611797172e-01 -1.513913547014330008e-01 -4.745988870738664933e-01 -2.354844098050307144e-01 1.748742189772096306e-02 -3.350644664410538237e-02 -4.945208850510655063e-01 5.544635474141577924e-02 -7.376532149242613634e-02 -2.449108332811767985e-01 1.588800744432843359e-01
1.657616032339157275e-01 2.508593841306904632e-02 1.379007740357999362e-02 -2.155418378688261916e-01 1.050502746071056842e-01 4.940843746465682917e-01 -3.055048139070402069e-01 -2.175053159537927439e-01 -9.857787040671087131e-02 1.799273277459411124e-01 8.162391686193083695e-02
