-3.054721767167550839e-01 2.866305265491883580e-01 4.388626728141242772e+00 -3.272703605666052451e-01 -3.128492784538096649e-01 -3.512584306304027404e-01 8.345792119957665678e-01 -2.546589267584855043e-01 -2.358177625330708793e-01 4.916232246542645568e-01 1.562778328509587311e+00 -5.599192667911070398e-01 3.174661466720819503e-01
-1.044994760224380037e-01 3.113694955288308641e-01 4.430862198041241040e-01 -1.270262439535285170e-01 -2.431950511056295561e-01 -1.961254596786530524e-01 1.008883825697555608e-01 -2.074737305028977463e-01 -2.687305574599109792e-01 3.055366360641615375e-01 3.033996054970383160e-01 9.899266873899789654e-02 1.845281388067301631e-01
-2.105604796781702925e-02 -3.439796148525112868e-02 1.184611842750760841e-02 9.477518260189289612e-02 1.337412947751622505e-01 9.804930281990398289e-02 -5.033964822826847429e-02 1.905183585703646987e-01 1.408729266721694788e-02 -7.057810058379641871e-02 8.258537136062056583e-02 1.828874591166886610e-01 -5.448770046068382965e-03
6.560915223413307795e-02 -5.563998859257438673e-02 -6.831015437007342816e-02 7.691225364453192770e-02 -2.027978502699646079e-01 1.161188918013946192e-01 2.440977617481788348e-02 -1.684148068158626554e-01 -1.739264916070897560e-01 7.694478237012257471e-02 1.628733313121294990e-01 -9.153985462231202519e-02 2.005706828097404970e-01
-1.611353691475889971e-01 1.502188213809981798e-01 -1.264966222413603340e-02 -1.716769914565254018e-01 -9.184423884010496641e-02 -2.584563036499136837e-02 1.207348164633971210e-01 1.382008268910316362e-01 -1.585730798221247628e-01 1.568748891137309101e-02 7.529372204168560678e-02 -6.384069000485004253e-02 1.537101848351731526e-01
-8.999626717548429855e-02 -1.854083373901028731e-01 -1.359239655565041005e-01 6.663278193944584260e-02 2.097033025807436279e-02 1.724084033614808886e-01 1.810892835946309454e-01 1.591793174342831518e-01 -1.932111108482416351e-01 1.121522521880068818e-01 8.201938216292212203e-02 6.084411006708122238e-02 8.967739519240837398e-02
1.527890393548549941e-01 7.653469040348262475e-02 4.738501312251523767e-02 -1.661847632639788797e-03 -1.234780577713338462e-01 1.943420254697375907e-02 -1.740518503303117581e-01 -1.484392252783745536e-01 -9.059615857164844688e-02 1.512522003586695141e-01 1.219545010665662454e-01 -6.968963244966182302e-02 5.736150243527787795e-02
-1.866369945505191030e-01 -1.263559677268100145e-01 2.594928903516121044e-01 -9.207223059857141956e-02 -4.475446179648853023e-02 1.185871204164987321e-02 -7.073995022391899035e-02 -1.203736290451252848e-02 -1.156967751421054263e-01 -1.683560708384259363e-01 -1.191769654803041673e-01 6.095311481440131643e-03 -1.674870229815015599e-01
-4.052088044842514641e-02 -6.479336966410603749e-02 -1.900202238264621021e-02 -1.632521819500185323e-01 1.618454079595240680e-01 -1.446657536696296757e-02 1.427222219273435178e-01 1.888726132091040344e-01 -6.841989475765299089e-02 -9.244194614645672966e-04 9.260805469535973722e-02 -3.249542696092874022e-02 -7.311448481903240482e-02
9.246157938606272553e-02 1.601825621550314327e-01 1.981569066206482765e-01 4.922280673412677415e-02 -5.045681991438327740e-02 1.880816910550239529e-01 6.180265173379193011e-02 -1.741829397834341320e-01 -1.687211446809694371e-01 1.032404057393533636e-01 -1.733372279386432568e-01 -1.985846597558665050e-01 -3.906742237275555307e-02
7.187832825113247594e-03 -1.750848208397869435e-02 7.390623516471331658e-03 3.273147678162918739e-02 7.108812105933874637e-02 -3.311833522316335460e-02 -4.690719706066677486e-02 1.938530327979817725e-01 -9.964434945619760065e-02 1.138724577640340130e-01 -2.699209905880493171e-02 -5.954118660855681200e-02 -1.704694435257283758e-01
1.357818510582748661e-01 1.040260816096819502e-01 2.758026583479269433e-01 -3.888821026125868080e-02 6.325474593937067957e-02 -1.699408526559202937e-01 -1.437393921555635452e-02 -1.256195645739925648e-01 -2.099182075704196238e-01 2.185963788765990512e-01 -8.597647162004563859e-02 -1.473318879934029935e-01 -1.107282781192792248e-01
