-1.278442434974664810e-01 -3.994619190542392229e-03 -1.487658088193565542e-01 1.484370567768693028e-01 1.737843553784595430e-01 -7.216120065847295151e-02 -2.606252697919200778e-02 2.282162576802262977e-02 -8.579768356656436445e-02 1.643027898382456997e-02 -1.195259818104864868e-01 -8.134349948923486062e-02 -2.328654672492902478e-02 4.186796087645722197e-02 1.446601043449727286e-02 -9.560480930642421826e-02 -1.072848498327779176e-01 -1.525079053197155865e-01
1.133974543568690430e-01 -1.604396934134478259e-01 9.315400247174421278e-02 -1.004905217347601271e-01 -8.617720639768698676e-02 9.443337320431977044e-02 6.384831668865453835e-02 9.676862220622328703e-02 6.113223517744570401e-03 1.436383278661083063e-01 -1.512824434498113713e-01 5.807878456260207045e-02 -1.527022750045376187e-01 9.491334725817124340e-02 -5.643813541661893418e-02 6.995284174844396130e-02 8.139356537651265544e-02 6.424338305642335323e-02
-1.113768078688694152e-01 1.327199545549415105e-01 -1.039455650306130158e-01 7.261318884844880639e-03 6.985830166134049390e-02 -1.065587300860973835e-01 5.140468919357560340e-02 -8.526758080106855431e-02 -1.314470495662452554e-01 1.238995314106308143e-01 2.124910803094418044e-02 -6.884611735645759789e-02 3.417237888221597020e-02 -1.898854410290846673e-01 -1.480708572958691072e-01 -4.176765932070275467e-02 1.903026317857649530e-01 4.189807150449281758e-03
-1.694175179732419212e-01 1.060162460997826628e-01 1.125775483701260682e-01 1.099208697579425187e-01 2.779921521918155003e-02 7.827949514778509421e-02 -1.146168254753474613e-01 9.302423635759532461e-02 1.264695949366377858e-01 1.039866160887676916e-01 -5.861503896564521088e-02 3.641122023028345311e-02 5.159574299593550073e-02 1.603239414628335746e-01 -1.567944418906666026e-01 1.335735083401634049e-01 1.057422338761568326e-02 -5.655435177922507606e-02
-1.775883940249906034e-02 -1.949458004277044854e-01 -1.119705630674289465e-01 6.110536802720195615e-02 6.433971190177956156e-02 -2.120423885474759240e-03 1.813303522389278499e-01 -7.633964580211538564e-03 -7.442253618173580443e-02 1.391123356782565934e-01 -9.633668024109520722e-02 4.172239721373979804e-02 8.136754092891995693e-02 1.286785194767136598e-01 1.141475000730995393e-01 -4.636306779451548898e-02 -1.763278776149052318e-01 -1.846848538066229173e-01
9.058415516338380602e-02 1.846765525627403481e-01 -6.273385029148245695e-02 -2.352196076979434780e-02 9.031920629671064127e-02 6.313249834155193474e-02 -9.595736460634558818e-02 6.863393831948100265e-02 -7.803903217024649175e-02 -5.745683737518461620e-02 1.580532210523774572e-02 9.292552957069222241e-02 -1.395135153728140898e-01 -1.912051156428244969e-01 5.113198179400874066e-02 -1.901741288856655110e-01 -1.820147037135325940e-01 -1.096897693111465871e-01
6.155074932178222769e-02 -1.733819609255884964e-01 -1.750376929493889233e-01 1.888372977494467420e-01 -3.093884248778006052e-02 1.569715735971436987e-01 -1.133902864188943982e-01 -2.591472821815324346e-02 -5.678594615473797624e-02 -1.292257855860123317e-01 -6.847472569923335195e-02 1.947183274784187179e-01 9.892360391804777553e-02 -4.693268832673661017e-02 -3.628622624002736385e-02 -9.450363953797347172e-02 1.253467143953002072e-02 9.425476485677863892e-02
7.465864630024043880e-02 -1.494006586347218501e-02 -1.832243813135372157e-01 1.686031225997074445e-01 -3.642647876157356635e-02 -4.388045319522734800e-02 -1.987559542043380034e-01 -1.447091143672347702e-01 1.475413670002714839e-01 5.573838472521186471e-03 9.297393768907069589e-02 -1.407328454266565942e-01 -6.797959733790023829e-02 1.360546226151455595e-01 1.282634084709698974e-01 -1.012822927655037675e-01 -1.912098766667711114e-01 1.225867894182411932e-01
-1.324623979842313448e-01 1.150725568483581540e-01 7.346369195404284236e-02 -1.326740958756423283e-01 -1.686045425320349400e-01 1.710597719689155860e-01 3.915135891335741469e-02 4.820406922260439542e-02 -1.699527886477852912e-02 -1.399716090710845795e-01 4.078796517863508830e-02 -9.901084798499854012e-02 1.223578624070166265e-01 9.308758192216642913e-02 -1.890931259817953125e-01 1.729692038580138980e-01 -1.854735806693287581e-01 -1.641522724677170475e-01
-8.290617563830188219e-02 -1.396763758119439758e-01 -1.055419668333590355e-01 -5.767620455537811330e-02 9.419988618188551710e-02 -3.811545569406224465e-02 -9.206409810982965625e-02 -3.074738548932171023e-03 -4.296270008449579181e-02 -7.569432100551720666e-02 1.602166631466976354e-01 2.017938038384176069e-02 1.909310043899068998e-01 1.091649637573752774e-01 2.819971904783077910e-02 -9.502136428925439526e-02 7.473746251553547992e-02 -1.763291241209130611e-02
8.855508601670136759e-02 -3.848847643557537501e-02 -1.597985472820973030e-03 -1.917264930216977525e-01 9.598340092802121193e-02 -1.862905822577477499e-01 7.229015433905583432e-02 3.280147821518486495e-02 1.103670445952506518e-01 -8.408896030503375252e-02 7.444432604933193254e-02 -1.171608097475847488e-01 1.170880054313244711e-02 -6.388784829952795508e-02 1.913818205428051700e-01 1.887466229517273941e-01 -1.164121058106559747e-01 2.641529435433173645e-02
-6.822292564869100739e-02 1.874152748081123754e-01 1.698103792746263330e-01 3.445834122259583410e-02 8.803378204339751267e-02 7.252990268362780046e-02 -5.865774702265560969e-02 1.665446277500640115e-01 1.597814147265427809e-01 -6.773661420876828099e-02 9.895796424174341244e-02 -1.963631493302205877e-01 1.265436442233767722e-01 2.594773815919984572e-02 1.809226851003801206e-01 -5.472277018073021249e-02 5.028522996134826561e-02 -7.079902739864851746e-02
1.131141525615999011e-01 4.028119871320012813e-02 1.949884091914756978e-01 -1.995948827614185961e-01 -1.436965031367458401e-01 -1.825594471636746430e-01 -1.496608604748662086e-01 1.717541188279322895e-01 1.794433198023579479e-01 -7.834986120742515325e-03 1.786757578379185030e-01 1.273550440753596358e-01 1.114470936584439631e-01 9.891278032127842623e-02 -1.249381659321604499e-01 1.955090444111212689e-02 -3.044830775646206744e-02 1.799152190391552497e-01
-1.304665847732734418e-01 -1.320564625761301569e-01 6.354470145520596525e-02 -1.370392841706068732e-01 -1.559785308192557229e-01 1.569278932002621252e-03 1.186643884880032029e-01 4.201826865881302941e-02 1.019015891392158202e-01 -9.369658734977913406e-02 -8.601486678828265675e-02 -2.851854330739017618e-02 1.963391537062852410e-01 8.716730260980354306e-02 1.785015829151593292e-01 1.514818229456321719e-02 2.182394062855869121e-02 1.960361341901535881e-01
-1.240046897364476958e-01 1.130361748686325440e-01 1.166055296114302808e-01 1.378966510472522944e-01 1.000210836867730935e-01 -1.378667927245811886e-01 6.445105284866958772e-02 1.694812738344905756e-01 2.531406099839378365e-02 -5.562339584788511537e-02 1.798080594431434864e-01 2.463946018346868660e-02 -3.534544218580326636e-02 4.565339922451078225e-02 1.216500066525812440e-01 -1.086791637545398148e-01 -1.937231827908086346e-01 1.163795882925686143e-02
1.765429680303233773e-01 7.210318504127688488e-02 5.236320005200256755e-02 5.112605899598932080e-02 -1.204115095312985328e-03 9.236770789402182213e-02 -1.003222239865101256e-01 1.567017055811871784e-01 -9.021093790190932993e-02 1.779780052842935834e-01 1.705986840128361215e-01 -1.688301903809888427e-01 -2.072811950226557953e-02 9.761451397483300596e-02 -2.013837139677185362e-02 3.559609934566193568e-03 1.227295750686871467e-01 8.199686437970882258e-02
1.832016890891772776e-01 -1.342056022867685050e-01 1.694237144745284751e-01 1.711945010028690928e-01 5.389957545620871482e-02 1.761563309188269311e-01 -9.892576504583190655e-02 1.527149133614589815e-01 1.093917171840760871e-01 4.387559988427763846e-02 -1.637483021407749872e-01 -1.879462585076151493e-01 -1.956122018023526143e-01 -9.977677702072945687e-02 1.049409639772726499e-01 -4.534998704310674866e-02 1.101786900620853049e-01 5.025699637256991759e-02
