-2.556562071486892518e-01 2.784343968730821350e-01 4.388626728141242772e+00 -4.015571866152575220e-01 -2.111089287411584137e-01 -2.945719614636765904e-01 -3.913992951920326480e-01 -1.534016338680672109e-01 -1.857208251627296691e-01 5.017517238060997808e-01 -6.883009060782565580e-01 -5.929743099926171324e-01 3.011858243501239207e-01
-1.579047611607297952e-01 2.971470456386753889e-01 4.430862198041241040e-01 -1.038334255185827115e-01 -1.772815535551766908e-01 -1.631788192590012398e-01 -2.271054772424716817e-01 -3.674596567180896112e-01 -2.474836149891294079e-01 3.096450143311145209e-01 -6.893568837617701783e-01 7.044204194035566524e-02 1.773811153395288276e-01
-1.953516172608014273e-02 -4.021199880613472721e-02 1.184611842750760841e-02 1.179571524385202713e-01 1.470246139301524535e-01 1.059235896540991206e-01 -1.124415681998476857e-01 1.981030811736416430e-01 2.200482190858508644e-02 -6.927610945785026009e-02 -2.086007996706090890e-03 1.794728129259728633e-01 -8.003373118426370530e-03
6.356288397884210517e-02 -5.592660654669435322e-02 -6.831015437007342816e-02 7.911552962474177608e-02 -1.982972242759576953e-01 1.182102657697735038e-01 3.219258045543362499e-03 -1.799152028330472386e-01 -1.729389429073148465e-01 7.718167962802352511e-02 9.466743504133943998e-02 -9.378882268159295654e-02 2.002255405344315342e-01
-1.645981955231985150e-01 1.500533841800978652e-01 -1.264966222413603340e-02 -1.681377427203688268e-01 -8.954256019199077765e-02 -2.483605324810007897e-02 1.164964939038707070e-01 1.322025886447161791e-01 -1.582447917056661879e-01 1.577632903429419461e-02 2.937245372216568465e-02 -6.510470773671638012e-02 1.535877224009183917e-01
-9.201126544076651537e-02 -1.862541289268541400e-01 -1.359239655565041005e-01 6.829131097873214484e-02 2.339508840759115318e-02 1.736510778483140172e-01 1.719682664431055885e-01 1.556756338862305411e-01 -1.923393850858374221e-01 1.122999978925240949e-01 5.551064381844430379e-02 5.985212609600430028e-02 8.938658698856311036e-02
1.484044464970553923e-01 7.459229508894323069e-02 4.738501312251523767e-02 4.884999153640633314e-03 -1.171118551662760771e-01 2.282361145364626698e-02 -2.009514794934135207e-01 -1.559962348274793187e-01 -8.793342891039528098e-02 1.517236104103065752e-01 2.731573821857450832e-02 -7.205439891747368597e-02 5.648403002647180843e-02
-1.884803359739247175e-01 -1.270983655902285792e-01 2.594928903516121044e-01 -9.013347924288250823e-02 -4.190230532892055826e-02 1.328184017653825932e-02 -8.673395322487811865e-02 -1.749137480165493738e-02 -1.147840870639518646e-01 -1.681869568908070656e-01 -1.585308187087633713e-01 4.855414658773573623e-03 -1.677941559040756203e-01
-4.248956420127107669e-02 -6.529572482365662844e-02 -1.900202238264621021e-02 -1.621846188447763903e-01 1.634622499404904394e-01 -1.362601940702138671e-02 1.341909715830454375e-01 1.860216830234466823e-01 -6.780242644625877890e-02 -8.160359773486788783e-04 6.387747165460339049e-02 -3.313427800108444121e-02 -7.331899802351532491e-02
9.237286696970395394e-02 1.600987136192295324e-01 1.981569066206482765e-01 5.023734023631844237e-02 -4.976502146811875860e-02 1.884391953972516798e-01 5.595309240511515264e-02 -1.739941757665504074e-01 -1.684625220004679347e-01 1.032930740223600985e-01 -1.824342631008100124e-01 -1.988621432972725867e-01 -3.915290528099647088e-02
6.504731573032026919e-03 -1.754172608361395311e-02 7.390623516471331658e-03 3.333653626615518117e-02 7.187805252562798342e-02 -3.275911303804069502e-02 -5.347435644490416279e-02 1.930786949466685165e-01 -9.949353429808167892e-02 1.139106117876622359e-01 -3.726092741590328328e-02 -5.995072998308470513e-02 -1.705230345305342732e-01
1.323310233880063413e-01 1.019768334030748819e-01 2.758026583479269433e-01 -3.225600687375845821e-02 7.048429682723887646e-02 -1.660915961583406542e-01 -4.740346017457182370e-02 -1.347691683957455422e-01 -2.068932861075904461e-01 2.191409745378977147e-01 -1.816007449774232618e-01 -1.500170810890405770e-01 -1.117249037462967609e-01
