1.922213756756202763e+00 1.602283813854653127e+00
-1.161363600769777626e+00 -1.046967666326679147e+00
-1.638537191719475317e+00 8.275216003427962042e-01
9.072041585132446517e-01 1.967094109436322569e-01
-2.379888345427050855e-01 -9.414708195598263663e-01
-3.282119267735759127e-01 -9.655273872166479920e-01
-8.289212824607641306e-01 7.958687089203371201e-01
-1.310604775350545204e+00 1.562632324310885279e+00
-6.999493156680685058e-01 1.800952733064153488e+00
1.121317475651531392e+00 1.505796919886809526e+00
1.530605038675310503e+00 -2.181627287409282911e-01
-1.005261621817114204e+00 1.767689920232191847e+00
-1.070821998581882040e-01 1.794253228378659637e+00
1.190513317175446062e+00 -4.013791392419253090e-01
-1.084813714315735922e+00 1.920154924362679649e+00
-6.298737032726651197e-01 -1.587853454599644554e+00
1.970409324227467618e+00 -8.780534458351072491e-01
-2.038747325162200141e-01 1.340829287210587806e+00
-1.335963785121716096e+00 1.817829909746967676e+00
8.950376640147645890e-01 -1.332442407051122046e+00
1.984013709024973426e+00 6.314478419692612920e-01
-1.176511833158364606e+00 5.749729633038797028e-01
-1.855472104773116637e+00 -4.461701632575671983e-01
-1.351069366780657699e+00 1.573583423877758403e+00
-5.822953257833873852e-01 4.602236491710219590e-02
1.729389747402413136e+00 1.033567446268979007e+00
-1.195238077328931059e+00 1.519319888436060362e-01
-3.042781213418078723e-01 4.639373448293906965e-01
1.744189071276858627e+00 1.645832119485470368e+00
8.081087964980140370e-01 -1.933115647842015505e+00
3.060088378038764434e-01 7.085829531867475772e-01
1.124566495025168145e+00 -1.968609198797311555e+00
-4.506528595425890460e-01 -5.727703869464023656e-01
5.819560034546085170e-01 -9.723142343153879930e-01
-1.427254937965085624e+00 5.500178267127202592e-01
-5.312199721271027020e-01 -9.682900179995431733e-01
-1.718642859889037311e+00 1.950735617590412030e+00
5.606111190570568503e-01 -1.012728899275473493e+00
-8.476819511760917969e-01 -1.901139194586648040e+00
1.149875184243016601e+00 -4.902350118153798730e-01
-1.338911095307457444e+00 1.570013386183770399e+00
-1.137348941047644058e+00 -1.560102979724228289e+00
1.180500705950464191e+00 1.014070343938237251e+00
-1.827784402150038900e+00 -1.247524786837133082e+00
8.546160322174818358e-01 -1.598649272383489084e+00
9.397821556621470673e-01 6.349696826245337933e-01
-7.181473797771791290e-01 1.462231096074227743e+00
1.666806004839517463e+00 -1.668706273418419705e+00
1.346928786076835305e+00 -1.825383861962849075e+00
6.824602791618841202e-01 2.208113717509035678e-01
-1.484321178473892111e+00 -1.048424950263721955e+00
-1.731608397772964825e+00 -1.300784295442634964e+00
-1.062064300806542683e+00 -1.309053149936823646e+00
2.029724814617967499e-01 -9.515757071163578606e-01
2.389497069296060983e-01 1.553044231427267663e+00
7.576996449915111009e-01 -1.239837189172571241e+00
-1.494503476574358114e+00 9.347496619931427997e-01
-1.101111643514629090e+00 1.370030893074913436e+00
1.635535852445222815e+00 4.566980514105760114e-01
-8.403269951852208042e-01 -9.784321512464041470e-01
3.650115476846726992e-01 -1.610018314886374480e+00
-3.846493477154269147e-01 1.343358964229822039e+00
2.839253694328331967e-01 6.885071093464776304e-01
1.412872005979779466e-01 -1.423129893829082393e+00
4.144085961509100802e-01 1.806321723540421920e-01
1.938215638605714997e+00 1.769277017493027515e-02
1.898202494987160538e+00 1.870748709147919353e+00
-1.033768523508089565e+00 2.036127663146007627e-01
1.340538471664274756e+00 1.098033258172004256e+00
-3.073794366410518286e-01 1.953280467678574217e+00
-1.549113373886683576e+00 2.399677708905304241e-01
-1.751867372792696997e+00 -8.717175492511551604e-02
-1.825491531823901781e+00 -1.558139088867368294e+00
-4.173653900580729381e-01 1.664046406257038813e+00
-2.156364163886782537e-01 -1.549190251238672156e+00
1.631947050629735330e+00 1.764976544253744617e+00
3.167549776810787421e-01 -1.599583127185980405e-02
2.653043221728482726e-01 -2.525997559207436849e-01
-9.971216144420771421e-01 5.510992495405498959e-01
-1.533591897182720931e+00 -1.176333273452088157e+00
-1.027106615502179299e+00 6.285155369343392584e-01
1.244463765071361028e+00 1.601223105277697512e+00
-1.341398823319457367e-01 -1.901511115153051490e+00
-1.597154324494201472e+00 1.647283999726109283e+00
-1.938247288228699627e+00 -1.813905621787242683e+00
-6.555278062667537764e-01 -3.126257558793493763e-01
3.893093758998740217e-01 -1.153230189475962231e+00
-5.817399586521765364e-01 2.960127732583139881e-01
6.332885588395096299e-01 -1.246154156703532356e+00
-1.917157853416495694e+00 -1.314991511166583305e+00
