-1.703758812915298737e+00 1.191812218558419900e+00
1.672373489270937874e+00 4.897073053957105571e-01
3.554290491146439024e-01 1.071635189943130229e+00
-1.624095032454718979e+00 9.172689770578541513e-01
7.442015331544561407e-01 -1.455501448041079282e+00
2.607146695350710530e-01 1.149203363670740607e+00
-1.032619675056219322e+00 -1.753492520620274941e+00
-1.586559762509937688e+00 -7.014406660270380289e-01
-4.629627581101423139e-01 1.406810966910737370e+00
-9.035106344773147224e-02 1.124949533554711945e+00
-1.056209725271786137e+00 8.670013727784109392e-01
1.904980142582923364e+00 -2.750018114267712699e-01
1.449115701617803786e+00 -1.707029172923216542e+00
-1.689345220900422717e+00 -1.913758465369730377e+00
1.440325705153510327e+00 1.398184451566846676e+00
9.819045421092315040e-01 1.461307221433349568e+00
-7.903913869054696173e-01 1.164274866509056761e+00
1.533075513362932352e+00 3.994568737431045680e-01
1.194760035408470422e+00 1.270404938074058965e+00
6.206772875626541675e-01 1.267722485267640753e+00
1.581359740425477334e+00 -1.070838498249373494e+00
-1.172784484594129983e+00 3.959703121040192286e-01
1.526288679257412628e+00 1.337781149035814909e+00
1.268211786915944828e+00 -1.308564786382458767e+00
-9.433065930388043752e-01 1.813370333424622061e+00
8.987220833881804927e-01 8.727735370114966251e-01
1.375491857069977897e+00 6.461290929256373605e-01
-8.270283095691833841e-01 1.600967866682727170e+00
-6.766480337723163041e-01 1.714855438607315818e+00
5.907478575649823815e-01 -1.150713831741877247e+00
1.422879550246287206e+00 1.249298298800484375e+00
1.531355444629907581e+00 6.576248988883168778e-01
-1.419649104007491891e+00 -1.635976059248431369e+00
-1.471642974780072333e+00 1.722372903010170042e-01
-6.553460256260154604e-02 4.100304737798418087e-01
-2.198653999694051286e-01 7.921663659786990497e-01
1.576596272052379066e-01 6.712486377684880878e-01
1.422401199873038369e+00 -1.727387220780258303e+00
1.397820782823472552e+00 -1.044184203361659957e+00
1.878682901408553096e+00 -2.405505134953059843e-01
-3.328034310745101587e-01 1.938339973772220226e+00
2.269626014206793663e-01 -1.753699758636027450e+00
1.570597271526889660e+00 -8.297485626609757414e-01
-3.942355165338448098e-01 -1.413777994750182287e+00
1.978841993458358539e+00 4.972490192003526377e-01
1.616576508411693869e+00 4.091507736157629083e-01
1.453903368990539402e+00 1.563874643874180403e+00
1.830162460767560617e+00 1.031131823121752777e+00
1.811773016235239453e+00 7.369104223002709286e-01
9.604349185518280541e-01 1.632859380240485603e+00
1.769655534554197107e+00 1.845817895854697799e+00
-1.984565916224345195e+00 2.692160759495451083e-01
1.842372786798132100e+00 6.664056985378685738e-01
