-2.910904968832209727e-01 2.616794235720664163e-01 4.388626728141242772e+00 -2.951768213599853530e-01 -2.799257805853205827e-01 -3.187054784428262066e-01 8.345791607492557551e-01 -1.116509692857647756e-01 -2.071852594914200540e-01 4.916135122863976581e-01 1.562778328509587311e+00 -5.877579361844916805e-01 3.001725044507477791e-01
-9.637961628562004279e-02 2.976127703480579423e-01 4.430862198041241040e-01 -1.059564458095529349e-01 -2.247338773574457937e-01 -1.742103336345845466e-01 1.008883380229801258e-01 -1.342658354022773504e-01 -2.540365486016078478e-01 3.055298521897575892e-01 3.033996054970383160e-01 7.496721260528937947e-02 1.736201907175702330e-01
-1.902639213090314904e-02 -3.795936021204425470e-02 1.184611842750760841e-02 9.892979704963465737e-02 1.384023855072292475e-01 1.021954198784809781e-01 -5.033965348626763536e-02 1.974470809250618852e-01 1.830623788079899575e-02 -7.057930684930653620e-02 8.258537136062056583e-02 1.800091913139350575e-01 -7.744009286622433735e-03
6.611304747295460027e-02 -5.647801277220990124e-02 -6.831015437007342816e-02 7.836247789784579754e-02 -2.016580945110614809e-01 1.176497019039992042e-01 2.440977265686755660e-02 -1.604572986323379857e-01 -1.730843849217679198e-01 7.694429862837533218e-02 1.628733313121294990e-01 -9.343175008914983426e-02 1.998384207067967488e-01
-1.608965984369543634e-01 1.498283824578048595e-01 -1.264966222413603340e-02 -1.709307187509760961e-01 -9.130677317576998964e-02 -2.504939224402941492e-02 1.207348144832174064e-01 1.448992929634240756e-01 -1.582034320129484251e-01 1.568723361654545886e-02 7.529372204168560678e-02 -6.490381448878812520e-02 1.533402878422044646e-01
-8.968757206970882911e-02 -1.859342374255430475e-01 -1.359239655565041005e-01 6.740567346612132138e-02 2.167316928512098839e-02 1.732079940953198116e-01 1.810892820486041388e-01 1.639232652910719013e-01 -1.926393429402357138e-01 1.121520065794209403e-01 8.201938216292212203e-02 6.000923082277143800e-02 8.927362098892448194e-02
1.536394365465917622e-01 7.507341025996600026e-02 4.738501312251523767e-02 3.578492875629087967e-04 -1.215368905353011314e-01 2.150554067227957930e-02 -1.740518540082733601e-01 -1.398257190826555918e-01 -8.896577856891674241e-02 1.512515721224184650e-01 1.219545010665662454e-01 -7.168040357211483138e-02 5.629162722708066363e-02
-1.862863329064976536e-01 -1.269497407803630573e-01 2.594928903516121044e-01 -9.116034861802442546e-02 -4.395737737493424918e-02 1.280754512892622390e-02 -7.073995215862521890e-02 -8.691070955583633448e-03 -1.150635025959094726e-01 -1.683563647097902349e-01 -1.191769654803041673e-01 5.051942849439035842e-03 -1.679588487980503142e-01
-4.031144204756809124e-02 -6.515143325181835254e-02 -1.900202238264621021e-02 -1.627378403840075705e-01 1.623228358628022450e-01 -1.393619636305216611e-02 1.427222209324055524e-01 1.904384466526022335e-01 -6.802658080692759734e-02 -9.245816154044886022e-04 9.260805469535973722e-02 -3.303314912685308136e-02 -7.338454650771464305e-02
9.255042037564092938e-02 1.600308263109862239e-01 1.981569066206482765e-01 4.944300138656708421e-02 -5.025431779515807801e-02 1.883090413914645100e-01 6.180265130149814601e-02 -1.736777962582834178e-01 -1.685550288308441391e-01 1.032403360991550056e-01 -1.733372279386432568e-01 -1.988182085272960919e-01 -3.918276448706548010e-02
7.273880870804209052e-03 -1.765067042860866964e-02 7.390623516471331658e-03 3.298664620688430277e-02 7.128234890912753252e-02 -3.284786779163035436e-02 -4.690719770167073310e-02 1.954466551095134785e-01 -9.950444786055753776e-02 1.138723718121083806e-01 -2.699209905880493171e-02 -5.988567989228116284e-02 -1.705974010592185841e-01
1.367476304447748647e-01 1.023665057995766237e-01 2.758026583479269433e-01 -3.659459578752925768e-02 6.545929938634126311e-02 -1.675886271457749377e-01 -1.437394339187015625e-02 -1.173726179549677839e-01 -2.080664267737272755e-01 2.185956654604320482e-01 -8.597647162004563859e-02 -1.495924099107607541e-01 -1.119432678838520739e-01
