1.652273193477340474e-01 2.406721563829428978e-01 4.388626728141242772e+00 -2.068565969009806271e-01 -2.175501229703355743e-01 -2.529200870424037628e-01 8.345791430232912811e-01 -1.493997636849948851e-01 -1.752904572726296517e-01 4.916102935774425142e-01 1.562778328509587311e+00 -5.924924444862712525e-01 2.898347040464146485e-01
4.493309138582997353e-02 2.862013849921438147e-01 4.430862198041241040e-01 -5.002471709291878704e-02 -1.908444986295498857e-01 -1.312298438022501124e-01 1.008883226127069294e-01 -1.639656080975921415e-01 -2.379371935327840026e-01 3.055276033855265916e-01 3.033996054970383160e-01 7.087894556259695389e-02 1.671569954003152003e-01
6.884544169824733523e-03 -4.097808418263174796e-02 1.184611842750760841e-02 1.106040504670542379e-01 1.473619658588655734e-01 1.107333761768583003e-01 -5.033965530476937345e-02 1.937778508708327407e-01 2.302705212607744287e-02 -7.057970653246076198e-02 8.258537136062056583e-02 1.795199726313160826e-01 -9.123033027093130701e-03
7.818942599758471612e-02 -5.716493580577379496e-02 -6.831015437007342816e-02 8.213015686785656022e-02 -1.996172482990842822e-01 1.206002004636884950e-01 2.440977143983236175e-02 -1.627692289672758308e-01 -1.721740265495982636e-01 7.694413824782871114e-02 1.628733313121294990e-01 -9.375375416375263116e-02 1.994069625888700015e-01
-1.560788067362840204e-01 1.495119113400718291e-01 -1.264966222413603340e-02 -1.690235804669019404e-01 -9.036630755958550976e-02 -2.353442855521275037e-02 1.207348137981580638e-01 1.435896685751524571e-01 -1.578098589786278705e-01 1.568714896711895929e-02 7.529372204168560678e-02 -6.508478372980576465e-02 1.531233033534298293e-01
-8.582288579430134845e-02 -1.863719849405536810e-01 -1.359239655565041005e-01 6.947236288722911934e-02 2.297288736241976520e-02 1.747857818467038471e-01 1.810892815137936651e-01 1.629086088428033929e-01 -1.920112480382096254e-01 1.121519251666574513e-01 8.201938216292212203e-02 5.986717844313654835e-02 8.903392781830220259e-02
1.676744965435931212e-01 7.385047667915069225e-02 4.738501312251523767e-02 5.827192744229552253e-03 -1.179060235006353374e-01 2.563590090227444579e-02 -1.740518552805347674e-01 -1.422958458504891277e-01 -8.716331704676172354e-02 1.512513638978292829e-01 1.219545010665662454e-01 -7.201906722684865703e-02 5.565451813401438991e-02
-1.799955492519508815e-01 -1.274421055245598955e-01 2.594928903516121044e-01 -8.874151530756786699e-02 -4.249522352100174039e-02 1.466737880920869139e-02 -7.073995282790918049e-02 -9.967862735188499565e-03 -1.143701881860818143e-01 -1.683564621263140271e-01 -1.191769654803041673e-01 4.874398041727018814e-03 -1.682383665799495609e-01
-3.687946678245495463e-02 -6.545013344968306224e-02 -1.900202238264621021e-02 -1.613555076535622967e-01 1.632098302277226187e-01 -1.288530404452285262e-02 1.427222205882260897e-01 1.897637848369365388e-01 -6.759312132889555569e-02 -9.246353633900319729e-04 9.260805469535973722e-02 -3.312463540775643922e-02 -7.354506529953697136e-02
9.463497213188114265e-02 1.599043167501748575e-01 1.981569066206482765e-01 5.003411463571425660e-02 -4.987855026423224092e-02 1.887589861986929130e-01 6.180265115195648917e-02 -1.739811845212542729e-01 -1.683717731352216418e-01 1.032403130156687443e-01 -1.733372279386432568e-01 -1.988579448564403440e-01 -3.925129804508005471e-02
8.841841159414234874e-03 -1.776673439176885624e-02 7.390623516471331658e-03 3.364521994576748914e-02 7.162716713131533908e-02 -3.232927573521437309e-02 -4.690719792343059358e-02 1.950292419759955265e-01 -9.935408319334901317e-02 1.138723433143699892e-01 -2.699209905880493171e-02 -5.994431631964367707e-02 -1.706726625340115877e-01
1.529081085877519175e-01 1.009775887186340204e-01 2.758026583479269433e-01 -3.038311728496204470e-02 6.958299661187271334e-02 -1.628980272336022217e-01 -1.437394483652132578e-02 -1.201821863470307755e-01 -2.060189437626255560e-01 2.185954290035689307e-01 -8.597647162004563859e-02 -1.499769626352764340e-01 -1.126667987496424439e-01
