1.287134599157773451e-01 1.506435977480859445e-01
-1.114824592156925531e+00 1.942709236457207389e+00
1.596457830362176367e+00 -1.352027769970642446e+00
3.951816755204900500e-01 6.991276515165422145e-01
1.729038290396580191e+00 -9.497600805884263975e-03
1.200926380693617901e+00 -6.989468982814790454e-01
4.776867138739299690e-01 3.519311075839629509e-03
6.523035125073741725e-01 -1.183199876787578431e+00
1.581006684127485851e-01 -1.122543154744669369e+00
-3.591693467371404602e-01 1.848512870717985868e+00
1.313866390994109290e+00 1.263745628221430106e+00
-2.138298905516968329e+00 -1.407031718589822678e+00
-6.885559777646677038e-01 1.105678744630204990e+00
