-4.280284620461127787e-01 -4.436497062964434024e-01 -2.860743948127453251e-01 -2.617629282453895478e-01 -7.783210029509856076e-01 -1.349974728184034078e-01 -2.894646442605517400e+00 -1.081486566605416866e-01 -6.114839629658030518e+00 -3.094210075333984067e-01 -1.377102909597454627e-01 3.606591487275272456e+00 1.015507758894138579e+00 4.316475694435213839e+00 -7.344498638508059063e-01 -4.703905289084289731e-01 -3.531152253125724449e-01 6.363393085185706788e-01 5.802074645695926014e-01
-3.243756230541625651e-01 -2.630293224151575987e-02 -1.322978043008684879e-01 -3.961475060769572565e-01 -3.721802833868080862e-01 -1.532357932684327850e-01 -1.081382828528468565e+00 -3.089856409410093874e-01 -1.948397049028466110e+00 -1.234146274466568771e-01 -3.054723175241313982e-01 2.783134731522934668e+00 1.748979959547277419e-01 3.032405508424744323e+00 -2.610629887704848384e-01 -4.969940798222425293e-01 -4.384309620591444467e-01 3.570883154816723026e-01 -3.605738310561533780e-03
-4.391436695980847071e-01 -6.262837922738721808e-02 -7.276209384992700369e-02 3.889085126895838046e-02 4.806334615311912140e-02 -1.565330610515457826e-02 -3.394466546028279130e-01 1.272591939878510159e-01 -4.825316280423059823e-01 -1.171979116071531907e-01 -1.688832674860555327e-01 1.358312604447243999e+00 5.796779472241898531e-03 1.603616520364211429e+00 -2.730196584921237846e-01 -1.422423971381676089e-01 -1.402907025939842955e-01 -1.101681040111237159e-01 5.289535409940906985e-02
-1.704072789864154169e-01 -5.645988618320854635e-02 8.288922660845385315e-02 -4.963243718201411359e-02 1.415172918672241154e-01 7.445797459258533639e-03 -7.893613060185886154e-02 2.429715276608317848e-02 -2.153885862639647875e-01 -2.198087378967706340e-01 1.985281350914474413e-02 7.112831461813489131e-01 1.197382433781457867e-01 6.004277024397964846e-01 1.329537220131356001e-01 3.836460156973854618e-02 8.405056106047359421e-02 1.650253284087968009e-01 8.298577804937073976e-02
6.964503962393717162e-02 -5.808522599413383936e-04 9.793783068960737470e-02 -1.472328144956697726e-01 1.010909304946917275e-01 -4.044081956410098405e-02 4.756488825957291833e-02 -3.252233811993504586e-02 -5.217723009542180046e-03 -2.047140388398109856e-01 -2.086837720903705340e-01 5.043353439759048484e-01 -2.177865046807533293e-03 5.350557385046764702e-01 1.562978340809006994e-01 2.594499718328219587e-02 -1.259537590045982716e-02 -1.006528185230734229e-01 -1.532431948960968071e-01
1.142297401188214212e-01 1.501221065460714432e-01 1.052241981291542616e-01 7.367721681248129428e-02 -4.128588325232497580e-02 -8.241379786474259395e-02 -1.910412358373732855e-01 -3.369389420323819218e-02 -5.060487785556282148e-02 1.603586902480608201e-01 1.677081675297532048e-01 4.827032512056092517e-02 -1.598579366399816570e-01 2.030008495718274575e-01 8.245017823188752204e-02 -1.978558482080976233e-01 -3.160051529127954478e-02 8.286134199520736598e-02 -1.814430777897581559e-01
1.602232053935424005e-01 1.827036567239296305e-01 8.598657518420296797e-02 -1.717443862803499088e-01 -1.755258281527170838e-01 -5.881158932645695614e-02 -2.030634718027155006e-01 -6.300830426213138713e-02 -2.276072129618006701e-01 1.848928721231877792e-01 1.239521930749406531e-01 -1.263579136634721545e-01 1.580817760209373146e-01 -6.515317949095565664e-02 -1.229324835972665092e-01 6.390010556671463227e-02 1.696147732128189256e-01 -1.473268754610011499e-01 -1.945082456495456358e-01
-5.452683039997897885e-02 -1.922332677797567724e-01 3.997494143412212708e-02 1.427341273545851275e-01 -1.290488225108665232e-01 -1.557742379179863079e-01 -7.639515518934608673e-02 1.828548711716367903e-01 -1.774958239461129073e-01 1.851416490740849241e-01 -5.616628335611201228e-02 2.514066904003443848e-03 -8.216388024596280037e-02 1.900549775685959064e-01 1.792920604944940877e-01 5.272073653259630455e-02 -1.280478017765865895e-01 2.003715979958980986e-01 -1.563940368040088735e-01
1.305242794996331994e-02 -1.417014863339699504e-01 1.522968604660318581e-01 1.701504054081137141e-01 1.149853814058232060e-01 -8.011498800175589907e-02 -1.316215280861092740e-01 9.655920832307327006e-02 -1.455407029832683774e-01 -4.448453156532242159e-02 -1.908981114320950079e-01 -3.005421205641518184e-02 -1.912181264680611892e-01 -3.597801409853773613e-02 -1.807679572377484667e-01 -4.632276332717182032e-02 5.667978709044960497e-03 1.030047218399502418e-01 -1.380704071573713443e-01
-4.257847863124576693e-02 5.104485705909021787e-02 -1.711004587967795976e-01 -2.691228312427607766e-02 -5.863143400956208340e-02 1.757299014156515349e-01 -2.021384658933656209e-01 -3.990123329613123881e-02 -8.684558400416729496e-02 8.386003070511646729e-02 -7.731431573449484840e-02 -4.893435725981282874e-02 -8.204428067554705994e-02 6.739845420283498145e-02 1.720116795781918007e-01 1.100332597745709295e-01 -9.791660490560064045e-02 2.905514985591652055e-02 7.976601577143871413e-02
8.489222286535150208e-02 -2.893779336573337746e-02 -5.222927322522970262e-02 9.300522152544055121e-02 -3.908206459060324656e-02 -1.120139127791777156e-01 -6.856777161064010750e-02 1.655226667490788395e-01 -2.505787512954385510e-01 -3.647901942713838164e-02 3.865700496661499119e-02 1.958362551541176222e-01 -1.173443016462256405e-01 3.060189339139463005e-02 6.215447974709921442e-02 2.255252347096133037e-02 -2.222244597924186438e-01 -6.902191062015369805e-02 1.161678681020637260e-01
2.253989927381501446e-02 1.062115831025894214e-02 -1.484842664491334840e-01 7.028309955195499725e-02 -2.361659964527132102e-02 6.153181486478183360e-02 5.366068336066071032e-02 -1.152917278143901075e-01 -3.109203653371639398e-03 -1.066676462836584072e-01 1.794579004948818057e-01 2.446399985766065099e-02 1.582571518365323837e-01 1.629625228895129063e-02 -1.143375382167361731e-01 -1.126615929410047096e-02 1.060062019633815564e-02 -2.990878524678057537e-02 -1.503344439360114193e-01
-1.081147888319415606e-01 -8.914247262863300714e-02 9.851811065228782693e-02 1.596482007745173570e-01 3.403725016675983317e-02 -1.888923128748054014e-01 1.000060901166488214e-01 -8.037575914956712753e-02 -1.001430333502774661e-01 6.167671929237238809e-03 -1.048447580073393753e-01 2.235530697025659430e-01 -1.340750119126470630e-01 2.907173200364473326e-02 -8.973440380009771455e-02 1.083846323507607276e-03 2.263647434259206948e-02 5.473694895285384499e-02 1.552620159036766784e-02
-4.658671282070088460e-02 5.292915360514960366e-02 -4.134778847546832781e-02 1.068444857536464399e-01 1.143133450745761337e-01 -8.675892093853782017e-02 -5.735706408239299448e-02 4.867075186459300651e-02 -1.511884523954482584e-01 7.186127640796971527e-02 -5.274530968807684961e-02 1.026809325781330440e-01 -1.439259743609448694e-01 1.422600783160175020e-01 -6.142277816740110419e-02 -1.907096953219246729e-02 -4.222774488740198284e-02 -7.824893582469343023e-03 7.884427822727430035e-02
-7.699336225307235049e-02 5.969666691789157764e-02 -1.775492866573994133e-01 -8.173406402557659156e-02 9.623955484819443629e-02 -1.804768515964505771e-01 4.086071293008236571e-02 -1.910012792722081409e-01 -2.764815697870949898e-02 1.526534099398080824e-01 -1.980466039238270581e-01 3.675690127220056225e-02 -1.732918642607387816e-01 1.764115826425277089e-01 7.197183186354516593e-02 9.357372692326393349e-02 6.434520609107560740e-02 -1.956829166512190077e-01 -1.821927053193569401e-01
4.508781386612492614e-02 1.992526202554452674e-01 1.481872243146125645e-01 7.850162785840517077e-02 8.988513261073163840e-02 -1.104200350151588184e-01 9.645659993204167004e-02 -8.572850319148266063e-02 -1.669030638078331519e-01 -1.773552816394622506e-02 -6.951197155324762011e-02 -1.128921214492570602e-01 -3.113313463925343125e-02 1.813436014762185855e-01 -2.741732639026559643e-02 -2.352090192453589607e-02 8.105464183722041471e-02 1.063938834684140244e-02 -1.475863455426257020e-01
1.605730174285795453e-01 -2.264851843823972866e-02 1.148439317808658267e-01 -4.595324352654346634e-02 1.224241943986785763e-01 -4.538810292133396707e-02 -1.139318960881401943e-01 -1.224596463724032802e-01 1.714118249576381814e-01 3.232823037798050747e-02 -1.818293760723518337e-01 -2.289287127399806943e-02 -1.062779787965565104e-01 -1.415105163188384862e-01 -1.262979993076542296e-01 -1.798772450485782159e-01 5.251215102994560846e-02 -1.301615723976457528e-01 4.462906633788717159e-02
7.101737668749425955e-03 7.358186763210064485e-02 -8.470736591770094276e-03 -1.021887777524011359e-01 1.376568072782858310e-01 -7.148862995447625990e-02 -7.326699471498604455e-02 4.217010850923670617e-02 -1.154701414136382748e-01 1.582225984195730351e-01 1.634146511307249527e-01 4.019195481379930213e-01 1.737386318028349419e-01 2.934520292661976226e-01 -2.369236722536236656e-02 5.331923911427279700e-02 -1.426065664892032792e-01 -8.056040446039168523e-02 -1.726060945646086531e-01
