3.667412098237277096e-01 -4.083538051641860678e-02
-9.315590346469869720e-01 1.758084220280890397e+00
2.421980815423389721e+00 -1.424705443463573973e+00
2.966412357468196648e-01 9.144699781153426965e-01
4.030416206499082832e-01 -1.604003509293143448e-02
5.605335210398568746e-01 -7.013539343128151193e-01
-1.016441669755337118e+00 -1.430834295157507562e-03
1.241048743089767092e-01 -1.297134156181231734e+00
-1.816197485970147407e-02 -9.371118542933370987e-01
-4.913434232756662412e-02 1.652408704727637678e+00
1.540978328470954395e+00 1.470902825585833851e+00
-2.956576885852165937e+00 -1.372484344609653073e+00
1.292476974191105188e-01 1.096515819630536903e+00
