3.858267562140726969e-02 2.840180119646888435e-01
-1.376734604574671561e+00 1.828740287630169936e+00
1.976777355883424514e+00 -1.354052406832656485e+00
1.699689221490490731e-01 8.438488246802611226e-01
8.462545082333716717e-01 -8.678175322950253123e-02
1.003815801732283353e+00 -7.722090960920461322e-01
-1.236075584700995628e-01 -1.327339824062584439e-01
1.080227778199499694e-01 -1.313687810688375590e+00
4.240853548522234839e-01 -1.007785931488046627e+00
-4.925154285074613281e-01 1.723062914432018422e+00
2.221397107108294300e+00 1.339598819509290495e+00
-2.511587219978357766e+00 -1.443138888568266109e+00
-3.139428102973893520e-01 1.167185599444867661e+00
