1.581817377052110174e-01 2.544158438978230685e-01
-1.486936965678569811e+00 1.858342455667876925e+00
1.867025183275254463e+00 -1.324450238775030764e+00
2.854153018105584083e-01 8.142466566186745691e-01
9.570790585594775024e-01 -1.163839212773079695e-01
1.114555569792334833e+00 -8.018112641494158366e-01
-2.333597427348250708e-01 -1.031318143489939054e-01
6.637246842647315237e-02 -1.289448137797946314e+00
5.354829120952360189e-01 -1.037388099322108070e+00
-6.022680104882262020e-01 1.752665082489645476e+00
2.111644934500185755e+00 1.369200987566916217e+00
-2.401665779117860389e+00 -1.472741056626154288e+00
-4.250219410248717300e-01 1.196787767502318856e+00
