2.599954712570772819e-01 -5.773104538523911033e-01 4.380664346318176028e-01 -2.998686702829010398e-01 -1.366929410614266815e-01 -2.905898811508544899e-01 1.096892048450314738e-01 9.475411835371749802e-01 1.850772060821432419e+00 8.017002483426831361e-02 5.259800207346531087e-01 2.332966631544236835e-01 1.002304187391877877e+00 7.662470857266405755e-01 5.818227883611769569e-01 -2.587386892598202981e-01 5.338963404468106688e-01 -1.589528914132859239e+00 -1.978018842073208938e-01 -1.186623644785695375e-01 4.439066907766509029e-01
9.555320709115340538e-02 -1.766190386821072378e-01 2.763209980191819737e-01 -6.252354749547651969e-02 -1.280028319737896991e-01 -3.109296461182041726e-01 2.142226580679866821e-01 3.084443092464644876e-01 8.679752327567441528e-01 1.894478506093452419e-01 3.640789101502655417e-02 3.865114091393435092e-01 9.221269014062588587e-01 4.229825191009443652e-01 1.118661616456246288e-01 -4.099421725954506823e-01 1.243402061700328298e-01 -5.915025225144335819e-01 -1.442497693703656825e-01 -1.701384738815194253e-01 3.720087043893176570e-01
1.454347727354603770e-01 -3.468143253627494205e-01 1.650739561958610990e-01 -1.145312838729684590e-01 -1.078885893246569611e-01 1.851554010783790227e-02 2.037978308537217731e-01 8.565055423012313263e-02 6.657258962508816671e-03 -1.917921925179462417e-02 -1.429286887102189096e-01 1.459911047139381135e-01 4.905327648348481451e-01 -5.480059474832184307e-02 -3.895385718385696583e-02 -1.688719784380716682e-01 2.151636739045765523e-01 -2.372130531429005873e-01 1.564732734115256152e-01 -4.694083655976952207e-02 1.261164172602576884e-02
-7.367851961971652597e-02 1.326002936430530077e-01 1.875279725080624404e-01 4.797554353254791792e-02 -1.235074754775142281e-01 1.916615851278499483e-01 -1.507692750424997064e-01 8.831065305868206206e-02 -1.892114030000159250e-02 1.614085472836833124e-01 2.082979632286716953e-01 1.463795934536435417e-01 8.142271743033191803e-03 -5.779876970911120015e-02 1.280360391843433088e-01 -1.082908686657734210e-01 -1.044705814167570281e-02 -2.106918946217744004e-01 -1.550271797312589295e-01 -1.894955684027044285e-01 -1.431091890335081385e-01
-1.684681525993538820e-01 -5.707547753961662168e-02 2.718734200088215869e-02 9.045234311090125101e-02 -1.423309340327728045e-01 -4.545301453970389260e-02 5.500147537307206042e-02 -1.327729637668588758e-01 4.355302517644594335e-02 -5.367317095517560449e-02 1.972157692946877872e-01 -1.621606195278312845e-01 1.227918251059239782e-02 -7.589383667136717290e-03 1.069134334616421711e-01 -8.650824403461053469e-02 -1.109299250857275904e-01 -1.103115920000218714e-01 -1.446463943450526993e-02 1.806995679219128847e-01 1.354906646184307062e-01
-8.688746326224441874e-02 1.721430868394872860e-02 7.882735483089972628e-02 1.163006712780946389e-01 -2.038709341489106444e-02 -3.923265236811875056e-02 1.100419523511585451e-01 -1.847398193548586628e-02 -6.733011628324084286e-02 -1.815615248050169925e-02 1.835132005639034669e-01 -1.390729275940074672e-01 -1.844390613199724293e-03 6.773192224794716276e-02 -1.498129055029952120e-03 -1.228590385565668103e-01 -1.958406612295583715e-01 6.921238345601002373e-02 4.489721152243587865e-02 -1.959732164139809940e-01 -7.312764418245591702e-02
1.093898666907372891e-01 3.892918876303435444e-02 1.935003168583253330e-02 -1.360191470794038793e-01 8.352750352414002599e-02 -1.526861662819030581e-02 7.534410550503298221e-02 1.206684223581308973e-01 -1.025805802383544796e-01 1.082540912194605159e-01 -8.731276392320817814e-02 2.009216215549193274e-01 -1.274014169790389506e-01 1.539883598549869059e-01 -1.761791538767245036e-01 -1.046553442366394970e-01 1.349448353397367413e-02 2.397000583969982265e-02 -4.418270725502083940e-02 -1.583761773218339275e-01 -1.006764625560937071e-01
-8.552939237368070713e-02 9.322421814962837672e-02 1.639479417540890827e-01 3.929841048469923798e-02 -1.853200465759439475e-01 1.099265010394252923e-01 -7.630374234066551742e-02 -5.181911427405879594e-02 1.405272553161823236e-02 -9.861378766016520858e-02 1.690304075145160068e-01 -1.291934830785732846e-01 -1.605053787472062246e-02 -8.424715179428904355e-02 1.425291684716691910e-02 2.395512533722832585e-02 5.399775305653244789e-02 3.794873329709601241e-04 -3.713169505222099070e-02 5.423832602049376284e-02 -3.914633925397160985e-02
1.122820760229572834e-01 1.121129720422823772e-01 -8.210559013141871532e-02 -5.128273811759170853e-02 5.176479656304793647e-02 -1.429524255919861764e-01 7.961689912579311690e-02 -4.288225064846050427e-02 4.191707668495509020e-02 -1.436522253249825631e-01 6.924230401267192359e-02 -5.637173210500179277e-02 -4.174496604381236660e-03 -3.210599707349225812e-02 -6.729523656381013186e-03 7.569106931354101231e-02 -6.969500742145104399e-02 5.124808589207306697e-02 -1.765337390961229658e-01 -7.973527428799431771e-02 9.978320698310023940e-02
-1.779143285889961124e-01 4.290407103521900328e-02 -1.884401620336094152e-01 -1.137687815977296568e-02 1.559069321740897685e-01 -2.011287514829570855e-01 1.194666397727651291e-02 -1.654281134601988668e-01 1.563375411804239501e-01 7.512885813233652343e-02 9.983723909411357234e-02 7.112641180367279548e-02 -1.855525338677001257e-01 -1.802461875681759529e-01 5.289594100044794911e-02 1.960292478581659170e-01 1.522582704188767955e-01 6.156078380381422438e-02 8.957622658978151020e-02 -1.089352271345139234e-01 1.029926796278782669e-01
-8.339717986330069666e-02 -1.635384712558368980e-01 -1.481269255010198536e-02 -6.781754975961069853e-02 -1.320483702119281122e-01 -3.840589305914521995e-02 1.609610842690364640e-01 -1.766529442201845296e-02 -7.269748714502236378e-03 8.455607915244388317e-02 1.366473769933413199e-02 -1.446828451148536032e-01 1.763846472901883511e-01 -1.751691845879080334e-02 1.204016548716132923e-01 -4.840372480840365865e-02 1.263290391408948554e-01 -6.139758385655441630e-02 -1.134956037150389591e-01 -1.210027808793069926e-01 1.790773130139635683e-01
4.019983766239724338e-02 -1.987050691364360688e-01 -3.987437192160877414e-02 -1.064953611092510355e-01 -1.633662271041234071e-01 -1.494654967629699682e-01 -1.670597704012778406e-01 8.234586609955651948e-02 -7.386155612102421331e-02 5.152052023166193984e-02 5.935815361985588567e-02 9.393220607474397910e-02 4.525415856176315949e-02 -6.540499757894245592e-02 1.667745968471367191e-01 -7.196232522273927901e-02 -4.616728212328218006e-03 9.163615407610400249e-03 -2.372148886917913897e-05 1.847976272799319308e-01 1.946143482474656239e-01
1.754865240354890610e-01 1.611461928317265979e-01 3.452215285290374108e-02 -2.849188754660373149e-03 8.331794834656641724e-02 -1.251430617839830450e-01 -8.782828326458566592e-02 -1.646356035850316257e-01 -1.108084249501599394e-01 -1.935239013514110373e-01 6.794016839444134981e-02 -1.359703435934137006e-01 1.411604279738700729e-01 8.050655986968908995e-02 1.982695429040208512e-01 -4.992212298492737510e-02 1.760872769958565509e-01 -3.876199298658205422e-02 -6.819073806094601287e-02 -1.577356584933741479e-01 1.584490094127871396e-01
1.189965998833828753e-01 -7.612935993078266683e-02 -1.691775332643253443e-02 -7.009452608792532402e-02 -1.878576594135294708e-01 -1.853074095230955454e-01 -5.049005172389713081e-02 -1.088537114914179260e-01 2.330606446864579712e-02 -1.237284439209890008e-01 -1.160812936606175211e-01 7.228686927803286422e-02 1.050141889069688000e-01 -7.016485043731031379e-02 1.477751780376138080e-01 -1.015149032256356804e-01 -6.065337204743737054e-02 7.528558665385082227e-02 -1.836904020517997616e-01 1.741609584470072414e-01 -1.683816614929480593e-01
-1.453159334522672631e-02 8.685685260878213410e-02 -1.810549844771725536e-01 1.245478043743102753e-01 1.922300910267333296e-01 -2.163878130495114349e-02 -1.496452379838300040e-01 -1.631661116978772308e-01 -1.539058809605214906e-01 1.085778559972270796e-01 -3.317957387851365458e-02 1.695641531492249054e-01 -1.745391211360255296e-02 -1.670699097237372532e-01 -2.688553065304218406e-02 9.991760731513453508e-02 1.334936150732236315e-01 -1.898665038163989682e-01 -1.293106518612356926e-01 -3.456275508502663126e-03 -1.479733926914589270e-01
1.489726290644488027e-01 1.702461777801561882e-01 -6.991646606423401744e-02 -2.702952739082313885e-02 2.313788218652598760e-02 -8.891088321797276095e-02 1.667930485457118708e-02 -1.143190995254392689e-01 -6.911619484130469837e-02 -2.319893916891181684e-02 4.539364951215460464e-02 1.676384942988353582e-02 -8.782824653681053917e-02 -1.025610390523716137e-01 -1.494045076451069598e-01 1.108371287856389914e-01 -1.591474344625529169e-01 8.684319855778466213e-02 -1.013146409384345498e-01 -8.592839519905365320e-02 9.808010285890118862e-02
6.454728836632733779e-02 9.401923700418170216e-02 7.311302771603670272e-03 1.427946569070125959e-01 -1.509920788381435841e-01 5.646221302309189366e-02 -1.518036096047058470e-01 9.876571150214843997e-02 -4.432092198947010925e-02 7.037533602409767886e-02 8.440210592499534925e-02 6.594104803622363731e-02 -1.056799489965922351e-01 1.375174365138278898e-01 -1.018774531699425251e-01 5.455093887022542491e-03 7.140823348382181746e-02 -1.110886496940172025e-01 5.066878411942327132e-02 -8.503706309533244634e-02 -1.284543042653002731e-01
1.243442316627483557e-01 1.800131358896305336e-02 -6.726031998044680604e-02 3.412388508074161442e-02 -1.896160995862410936e-01 -1.502937226302789031e-01 -4.161749465160163863e-02 1.948558130230800545e-01 7.651655374661852152e-03 -1.692532049255940918e-01 1.073581203132313033e-01 1.145840797748102075e-01 1.166548337685608672e-01 2.883909652799613449e-02 8.072680899622203254e-02 -1.167527764302087323e-01 9.394762365274578197e-02 1.222830165282374065e-01 1.032898313461390327e-01 -5.840519045917516583e-02 3.798331715133827086e-02
5.294782396098853677e-02 1.576014965656440114e-01 -1.563232056434125106e-01 1.345179840235685431e-01 1.119688399335597682e-02 -5.542699452071624816e-02 -1.553449657219660787e-02 -1.909525506417695251e-01 -1.102290517277496051e-01 6.283798323905577521e-02 6.470083592364817004e-02 -3.582722024597991169e-04 1.872914653999332157e-01 -7.438054106042936951e-03 -7.205401128649638332e-02 1.371531813898520247e-01 -9.431632551229651718e-02 3.806982229887057728e-02 7.996966776670992594e-02 1.291763560251265874e-01 1.137349312903493670e-01
-3.886854551926444135e-02 -1.957715517513815007e-01 -1.813859004655725415e-01 9.295155320700718149e-02 1.880501787923491153e-01 -8.233250548609773178e-02 -1.036052490449454293e-02 1.184241259858092588e-01 1.093876513165881331e-01 -8.660147969699116821e-02 8.006571987668018031e-02 -6.564274220872047538e-02 -1.563704234822622247e-02 3.176824591689979271e-02 1.090520596371341439e-01 -1.530921902991536632e-01 -1.759009888688363443e-01 4.734830558358016708e-03 -1.978876239769065959e-01 -1.793222033158050899e-01 -1.007468353615425527e-01
