1.781224421886655473e-01 2.543752932298736225e-01
-1.506552838554910290e+00 1.858383006335887710e+00
1.847428016498297909e+00 -1.324409688106975125e+00
3.053063071767047609e-01 8.142061059508093335e-01
9.767316001463985931e-01 -1.164244719452266069e-01
1.134203235190671455e+00 -8.018518148172917304e-01
-2.529569098140931893e-01 -1.030912636810400740e-01
8.953363451142716534e-02 -1.289488688357827151e+00
5.551558269305743032e-01 -1.037428649989563301e+00
-6.218651881326197062e-01 1.752705633157701115e+00
2.092047767723230756e+00 1.369241538234971856e+00
-2.382065108378335516e+00 -1.472781607294209927e+00
-4.446655664345292580e-01 1.196828318170372274e+00
