1.538166460644233846e-01 3.596524853659870402e-01 -2.408847207102324528e-01 2.245615398680460839e-01 -3.156071569359697460e-01 -4.642900189364745911e-01 -5.390168891083025465e-02 -4.012477794749529925e-01 -1.915067555775234187e-01 3.438607100879315093e-01 3.564792701425441024e-01 -2.148145944886588055e-01 2.173138833232159950e-01
-2.013743283961378638e-01 -6.796393402005097562e-01 7.759137642679166946e-01 -1.109130829937824275e-01 2.186672535504965986e-01 5.004076829128375481e-01 -8.697066506962693178e-02 1.171211342125606097e-01 2.056101867911915848e-01 -3.374788395821483045e-01 2.703559976675219967e-01 -2.246688017020475325e-01 -2.724084543189843055e-01
-8.371575378497930764e-02 -4.820153685253759646e-01 3.845831718204466565e-01 1.045622176403982091e-02 3.352873846194459606e-01 3.912819333080507223e-01 -1.207100375585061641e-01 3.742978028598475948e-01 1.997728781087876881e-01 -4.042710031963895334e-01 1.530321104143102240e-01 9.672036880513716628e-02 -2.781847491921858317e-01
6.450269412570312777e-02 -1.460469852837461002e-01 -5.806618075616872682e-02 6.670777864677703006e-02 -1.997468577323227301e-01 1.290751090756074304e-01 1.629825435437529807e-02 -1.340825894407458307e-01 -1.197563590810409168e-01 3.716342311128998949e-03 1.469221358090820884e-01 -1.156563128570490956e-01 1.548978285437138391e-01
-2.012768669312341996e-01 -3.261177294878314648e-02 1.659543197525242819e-01 -2.034442544336777237e-01 2.058683911804009767e-02 1.127937858071091926e-01 1.188298978326442629e-01 1.941452771761471852e-01 -1.129061596083723307e-01 -4.948436903259260944e-02 1.449013846873638545e-01 -1.609190955958463010e-01 4.977112573416594271e-02
-9.282467145189608748e-02 -2.318709813911556672e-01 -1.348530092629060262e-01 6.094865401667826782e-02 2.362755712302033392e-02 1.617650520808595616e-01 1.802546095997372699e-01 1.763139008216176029e-01 -1.623673260249021144e-01 6.797408271786122003e-02 9.424139806712955592e-02 2.544768203791311634e-02 6.132765823833229157e-02
1.468090145599505736e-01 8.653183713817086398e-02 5.167511259340288460e-02 4.133263823496854950e-02 -4.038063739525163398e-02 4.422134952215427128e-02 -1.945081418317825828e-01 -1.931601536796754282e-01 -1.200563423915802647e-01 2.131404729073504700e-01 2.362251521198383275e-01 -2.039475418886075309e-01 5.172876548481741832e-02
-1.358585662157597573e-01 2.479946296767324143e-01 6.178093153812679733e-02 4.502312324443338148e-02 -9.211106019135932577e-02 -2.509637991272821167e-01 -7.567325307825295555e-02 -2.364777261530769947e-01 -2.895912273126705072e-01 1.470072483980053579e-01 7.440028688841826554e-02 -1.749909169420340027e-01 2.080037642818799784e-02
-8.639304539844695416e-03 1.494954653888952711e-01 -1.396408028569763871e-01 -8.061463092499969452e-02 1.259039114524272973e-01 -1.519520898309867363e-01 1.384676057740728550e-01 5.238728247845520630e-02 -1.822745595707524202e-01 1.905805376913755622e-01 1.795946798507177256e-01 -1.196387461543239328e-01 4.323481288093521807e-02
9.201204502545098918e-02 1.320135458656747085e-01 1.887226325498580493e-01 3.937294775126435470e-02 -5.414462592721822065e-02 1.825293294037925451e-01 5.781000523541361680e-02 -1.568355349436679758e-01 -1.448066735584461751e-01 6.779111918204823450e-02 -1.839611369181706479e-01 -1.990256045020609710e-01 -5.952785266807485154e-02
1.246737145479592662e-01 4.820776125391689204e-01 -5.020050922818275474e-01 1.893781623613231546e-01 -2.251122056067020316e-01 -4.824232474655279490e-01 -4.490689041384491459e-02 -6.456231666330342067e-02 -2.932779835541767244e-01 4.166695512526109590e-01 -8.189386539304724377e-02 -3.229937510752483448e-02 1.455101900087934497e-01
1.515943863837086736e-01 -9.496492760152285342e-03 4.055961001946019606e-01 -1.945591408350601237e-02 8.108687445358487341e-04 -4.587031382507726907e-01 2.365815152598182199e-03 -1.795569486137428283e-01 -1.561847263653976525e-01 1.418707625076571499e-01 8.287221908584609109e-02 -5.355899753912115591e-01 -1.632784529062998036e-01
