-1.248500559638242857e-01 6.118172557336709616e-01
-4.985586751968835162e-01 3.340168557922910952e-02
-4.302945292483955075e-01 2.235201459320335093e-01
-4.790045577470038868e-02 3.025769052475478851e-02
1.308752738653381487e-01 1.065773112478332202e-01
-4.921791999798992290e-01 1.204946628031294598e+00
-2.178333735080938971e-01 -4.762592161683593811e-02
1.515424844422169348e-01 -3.331376221786889191e-01
1.256767391916200072e-01 -1.683207006251339621e-01
-5.602136329086306876e-01 7.906725893432722252e-01
9.021792630896213749e-02 -1.399670370106061434e-01
2.252994403561011660e-01 -1.399870695615258231e+00
-5.470168167147154703e-01 -2.394475089820221614e-01
1.110188692233779140e+00 2.297002349997045306e-02
-8.076730028147338647e-01 3.541877860920181198e-01
7.308253296069713301e-01 7.423441207504306583e-01
-3.134259411635587945e-03 4.906787521285334991e-02
-3.655115036669351336e-01 2.473323780833214802e-01
9.403296140971286743e-01 7.946129191603470421e-01
-5.014275118182297264e-02 2.692839524574539879e-03
