-2.829280544401321373e-01 2.484539201584443913e-01 4.388626728141242772e+00 -2.659108003147888644e-01 -2.528408590713169812e-01 -2.914169612413488042e-01 8.345791478439709143e-01 -1.674709650442378350e-01 -1.887840390119992773e-01 4.916111823123198166e-01 1.562778328509587311e+00 -5.912714030391093001e-01 2.931468465570005733e-01
-9.143912065545799217e-02 2.904130177285402792e-01 4.430862198041241040e-01 -8.707944238287118610e-02 -2.098534714330735351e-01 -1.561724934100142126e-01 1.008883268034776320e-01 -1.708178046063617006e-01 -2.447157423895230666e-01 3.055282246662666124e-01 3.033996054970383160e-01 7.193344962637318596e-02 1.692239179537619875e-01
-1.791712691385686021e-02 -3.985809557549589016e-02 1.184611842750760841e-02 1.027581632185970012e-01 1.422740872661049372e-01 1.057120185450134420e-01 -5.033965481019878063e-02 1.907748133221298936e-01 2.102828278768398285e-02 -7.057959621827511465e-02 8.258537136062056583e-02 1.796461269236064862e-01 -8.680750588336219251e-03
6.643580899747006385e-02 -5.691215785392682996e-02 -6.831015437007342816e-02 7.964836877873311682e-02 -2.007540376014858297e-01 1.188964167270104011e-01 2.440977177079644428e-02 -1.630304986507359333e-01 -1.725559447385782985e-01 7.694418257012834717e-02 1.628733313121294990e-01 -9.367069418912153667e-02 1.995447812358975836e-01
-1.607370379705565511e-01 1.496280378304487846e-01 -1.264966222413603340e-02 -1.702743883886644050e-01 -9.088669192758690174e-02 -2.440595629252889642e-02 1.207348139844536539e-01 1.435361764160244524e-01 -1.579742832094928884e-01 1.568717236554539526e-02 7.529372204168560678e-02 -6.503810192044083560e-02 1.531925480516745652e-01
-8.950298916354623713e-02 -1.862102929760721115e-01 -1.359239655565041005e-01 6.810047851827967513e-02 2.224242508845616570e-02 1.738686051775689134e-01 1.810892816592341026e-01 1.626150887282733215e-01 -1.922758379671636597e-01 1.121519476560071393e-01 8.201938216292212203e-02 5.990381781438243458e-02 8.911061025345937137e-02
1.541356978215291385e-01 7.430280518930493239e-02 4.738501312251523767e-02 2.185024647277994045e-03 -1.199530341571233144e-01 2.322782643397014804e-02 -1.740518549345424770e-01 -1.432306402967269410e-01 -8.792403364879909644e-02 1.512514214064046292e-01 1.219545010665662454e-01 -7.193171964271642682e-02 5.585847709782396087e-02
-1.860727794927420631e-01 -1.272604061697443500e-01 2.594928903516121044e-01 -9.034370875050284910e-02 -4.331517792157262015e-02 1.358825615418140023e-02 -7.073995264589966192e-02 -1.026253423925713865e-02 -1.146620292022824811e-01 -1.683564352126961927e-01 -1.191769654803041673e-01 4.920192986947433816e-03 -1.681489809058339668e-01
-4.018729661741150122e-02 -6.533973912313678634e-02 -1.900202238264621021e-02 -1.622742221904273918e-01 1.627106696164429822e-01 -1.349691639383213473e-02 1.427222206818252737e-01 1.895542080827853637e-01 -6.777591089445578199e-02 -9.246205171519680799e-04 9.260805469535973722e-02 -3.310103880131040621e-02 -7.349369799940981551e-02
9.260333270732395983e-02 1.599510682728925159e-01 1.981569066206482765e-01 4.964140342665090966e-02 -5.008996302959043551e-02 1.884971954455429421e-01 6.180265119262412510e-02 -1.740675242135591716e-01 -1.684490979066503302e-01 1.032403193919770867e-01 -1.733372279386432568e-01 -1.988476957964362413e-01 -3.922936788326481655e-02
7.329821461537430055e-03 -1.772407075675805355e-02 7.390623516471331658e-03 3.321211577444476565e-02 7.143557256643351394e-02 -3.262828038630799510e-02 -4.690719786312481931e-02 1.949928439757261101e-01 -9.941706628284678604e-02 1.138723511905598007e-01 -2.699209905880493171e-02 -5.992919105800492696e-02 -1.706486314652355119e-01
1.373112191351705813e-01 1.014913140921282070e-01 2.758026583479269433e-01 -3.451956105449385109e-02 6.725809923784047129e-02 -1.656327594544981241e-01 -1.437394444364671793e-02 -1.212441957212633675e-01 -2.068831189404816695e-01 2.185954943094714498e-01 -8.597647162004563859e-02 -1.498777794205390090e-01 -1.124351728447816195e-01
