-3.083267367456740682e-01 2.920575623963311274e-01 4.388626728141242772e+00 -3.331916569864220024e-01 -3.190266190627870091e-01 -3.573233309970881844e-01 8.345792314438874593e-01 -2.635905344182782328e-01 -2.416312658005642655e-01 4.916269634336800642e-01 1.562778328509587311e+00 -5.030605289236037558e-01 3.218134248817811627e-01
-1.059040286218662363e-01 3.143891503976471991e-01 4.430862198041241040e-01 -1.309413141311872031e-01 -2.467008805149031869e-01 -2.002491493952985313e-01 1.008883994727772654e-01 -2.121368856422508331e-01 -2.717395296679244732e-01 3.055392444767800475e-01 3.033996054970383160e-01 1.479853950613113922e-01 1.872843868189866257e-01
-2.148485661787783232e-02 -3.362669879073740958e-02 1.184611842750760841e-02 9.401210819812672037e-02 1.328719648208468995e-01 9.728194500533517142e-02 -5.033964623252930315e-02 1.892106313888661795e-01 1.323331767927429792e-02 -7.057763584725451622e-02 8.258537136062056583e-02 1.887759315586525766e-01 -4.873580969819347845e-03
6.553192848384814528e-02 -5.545469509819768439e-02 -6.831015437007342816e-02 7.664163870712302484e-02 -2.030163202269956169e-01 1.158292056789702318e-01 2.440977750960465070e-02 -1.686860314439890263e-01 -1.741002119126826564e-01 7.694496825117402850e-02 1.628733313121294990e-01 -8.768434624679617706e-02 2.007563269797863481e-01
-1.611677795254253254e-01 1.503057189662923288e-01 -1.264966222413603340e-02 -1.718166743341141556e-01 -9.194811018790370605e-02 -2.599691712004056909e-02 1.207348172146930632e-01 1.380799766170476561e-01 -1.586499021965678546e-01 1.568758696714652942e-02 7.529372204168560678e-02 -6.167494880466053292e-02 1.538041937797471614e-01
-9.005157542367399348e-02 -1.852931583678087968e-01 -1.359239655565041005e-01 6.648939093150600665e-02 2.083725106841732844e-02 1.722582646216685720e-01 1.810892841812756782e-01 1.589985734709659648e-01 -1.933279657508708838e-01 1.121523466481080533e-01 8.201938216292212203e-02 6.254706985041326439e-02 8.977929990276618810e-02
1.526289018506556683e-01 7.685368873814313329e-02 4.738501312251523767e-02 -2.035638700650988821e-03 -1.238440346115816521e-01 1.904659535988314015e-02 -1.740518489346263575e-01 -1.489514248599865531e-01 -9.092835520201324184e-02 1.512524420720928742e-01 1.219545010665662454e-01 -6.562684362094517443e-02 5.763103728124566172e-02
-1.866974895349759744e-01 -1.262256092612994429e-01 2.594928903516121044e-01 -9.224168850552923182e-02 -4.490586302949782505e-02 1.168014769235922908e-02 -7.073994948980394382e-02 -1.223843474596710348e-02 -1.158264851105518106e-01 -1.683559578460828987e-01 -1.191769654803041673e-01 8.222911174991522423e-03 -1.673677925278322931e-01
-4.055915058655293337e-02 -6.471504687972134962e-02 -1.900202238264621021e-02 -1.633475208765105269e-01 1.617551578154407255e-01 -1.456603899647943533e-02 1.427222223048836280e-01 1.887486052926324320e-01 -6.850017772946884187e-02 -9.243570886942333812e-04 9.260805469535973722e-02 -3.139840177180099057e-02 -7.304636985412779615e-02
9.244546678278847684e-02 1.602157689564243925e-01 1.981569066206482765e-01 4.918197515949464943e-02 -5.049512500168888696e-02 1.880390331142388904e-01 6.180265189782901958e-02 -1.742353322139952865e-01 -1.687550583504283386e-01 1.032404325248573174e-01 -1.733372279386432568e-01 -1.981082251459760357e-01 -3.903832148792567291e-02
7.175196880941056218e-03 -1.747696910364704773e-02 7.390623516471331658e-03 3.268380715315934160e-02 7.105078072480072726e-02 -3.316959718183234984e-02 -4.690719681745814107e-02 1.938077340913758051e-01 -9.967328349497581175e-02 1.138724907860797497e-01 -2.699209905880493171e-02 -5.883924722772512772e-02 -1.704369745404634984e-01
1.355999748411270689e-01 1.043883649571049066e-01 2.758026583479269433e-01 -3.931269393728677869e-02 6.283911500932462535e-02 -1.703810196845332303e-01 -1.437393763075915133e-02 -1.262012872553871790e-01 -2.102955044711460886e-01 2.185966533630520903e-01 -8.597647162004563859e-02 -1.427185855913407631e-01 -1.104221852063050485e-01
