6.131507927032341376e-01 -3.565859837388316717e-02
1.825127576643936489e-01 1.483675560852431297e-01
1.253513975947782910e+00 -4.190565043591929495e-01
1.233089165990559621e+00 -1.290861659592996258e+00
-2.955777662034650977e-01 -4.055413896804208052e-01
-2.387639113814500613e-01 1.035755965911643983e+00
9.252781022244198350e-02 1.777360616757512446e+00
1.487781792868101638e+00 -1.351177007246962880e+00
-7.850103016709337744e-01 -1.816592104757838166e+00
9.577014155891898639e-01 -1.683135615341099456e+00
1.552057601538502141e+00 -9.787442964618848773e-01
-3.702039939693761994e-01 -1.545848670873037234e+00
-7.317463283191268930e-01 -2.694640343096600388e-01
-1.779338517996205793e+00 8.180550485039487230e-01
8.329129550836026352e-01 -3.468210510316613315e-01
1.334775579316882066e+00 -1.401357271856650488e+00
-1.763334343479506572e+00 -4.820732989073052699e-01
1.583656326087081068e+00 8.747482569448009615e-01
7.009513772012458954e-01 1.634156652382716957e-01
1.233103914629557041e+00 -2.013053783968502541e-01
-1.887137032186395835e+00 9.902553287567137374e-01
-1.223007865594193389e+00 -3.321732058061478976e-01
-6.229249307938020674e-01 -1.391199606908985587e+00
-6.101148306264341237e-01 -1.082303492342557405e+00
