-1.048639836526248814e+00 1.150556631879702918e+00
4.578445032809675408e-01 1.699102365334132392e+00
6.829084617004572699e-01 1.363038041790880749e-02
7.977038471186280733e-01 -1.277282549272562399e-02
4.598999623166699635e-02 -3.996094339296214770e-02
-5.483727666948092633e-02 -9.509902770329717314e-03
-1.107487059907636372e-02 9.887686171558780768e-03
5.841522423610542303e-01 -1.230387306222872068e+00
-1.276583111591340414e+00 1.757162771680961688e+00
-2.520760417808072806e-01 1.373839594707832346e+00
2.698698118245970168e-01 1.270579988249284295e-02
-9.581702668999214634e-02 2.649472338027636636e-03
3.157770252690651758e-02 1.397209211281167859e-02
7.040497000301459973e-01 1.105477127433494244e+00
-7.623589516099159302e-02 -1.613597279334881909e-02
