-1.526270531091366255e-02 5.359015244370354258e-01 2.685527164502424124e+00 1.408296963505329069e+00 1.548734667988499680e+00 5.029254565027541091e-02 -2.792652627953139399e-01 5.043188267398991398e-01 -6.055519706918955691e+00 6.257870322892048476e-01 -1.070727883050345053e+00 -2.054141797197117647e-01 2.082994027199523146e-01 1.591175426641069923e-01 5.672770275111953531e-01
-2.089289864479345060e-01 3.446259227848588041e-02 1.416942448234234375e-01 3.676286276575143619e-01 4.811338598133750935e-03 -3.079673462099534118e-02 -4.773447323044051616e-01 -1.802255331893144741e-01 -2.306554477237029221e+00 -4.172014547857719746e-01 -1.716642680609582194e-01 -3.231463393756910940e-01 -2.913141549877891201e-01 -2.526831972728639797e-01 -4.708309549891396273e-01
-9.713165970357685863e-02 -2.385470592060279227e-02 3.707951331053230271e-01 -1.007771528879604639e-01 2.145199136648089644e-01 2.526314447423914089e-01 3.622472412690164734e-01 2.794838652606294604e-01 -6.944351244699222825e-01 -1.148034970848282703e-02 4.243820469393526640e-01 2.059196558157516330e-02 -6.359110278129573857e-01 -2.031073696659336722e-02 2.712315109878115638e-01
-2.698885074451033428e-01 2.080257832312882305e-01 1.203836295427339748e-01 -2.179393734182798192e-01 -2.482976843562111624e-01 6.811927902186845074e-01 6.198264505819528480e-01 3.229341324723842277e-01 2.417479334264506008e+00 1.750284225436121444e-01 6.352117054501863480e-01 4.526714172890972665e-01 -1.257377263045242333e-01 3.184043700587488868e-01 5.792239869903337973e-02
3.888900626847233144e-01 1.854621540042376282e-01 -5.439581363407204606e-02 -8.274054205710247578e-02 -3.087310720650284779e-01 -1.859878735335043221e-01 -8.782727165579423678e-01 -5.735428993279434451e-01 1.381215563375548294e+00 -1.895535110976290794e-01 -8.700441039769840623e-01 -2.113101474207529085e-01 3.801841743682987662e-01 -1.871753944591021956e-01 -1.453952424495490670e+00
4.288140902004183852e-02 1.250402528794818946e-01 -4.215878602814215892e-01 -3.869854116032656610e-01 8.477069773788992180e-02 -1.263049951947817495e-01 3.332846362053666356e-01 -5.142835197452085699e-02 1.728382160308392423e+00 -1.924630757781074231e-01 4.888401412237315946e-01 1.118519393518403321e-01 1.337323781859221239e-01 7.633532793818878504e-02 8.245862994138797308e-02
-1.264204097976316110e-01 5.607887933153628268e-02 -2.607992372752340193e-01 -3.535356978434603392e-01 7.971243078760049949e-02 -3.831875020472508969e-02 -7.169541829469573690e-02 -1.203756536512427533e-01 1.357661675216205843e+00 1.135103923865361381e-01 -4.828829219532930483e-02 1.931569532728762695e-01 1.699877847230615580e-01 -4.392488004894214149e-02 2.540745465254900734e-02
1.772351480273994806e-01 2.144005161635137713e-01 -9.627394934054170905e-01 -1.460934473836095204e-01 -5.827155384496945922e-01 -7.954717205426978799e-01 3.865352394756060850e-02 -7.950378250607352537e-02 1.673589168967735796e+00 -6.703805749789136514e-02 2.355167498666954906e-01 -8.426803442837575708e-02 -1.399157532870387577e-01 1.918771201551354721e-01 -2.039533298248893622e+00
-6.340867352046845040e-01 4.014542447062289243e-01 -8.691841408909954936e-01 -5.902914787497850480e-01 -4.387136706023076482e-01 5.621185475923907299e-02 1.626419948875394428e-01 6.495540756086299883e-01 1.659280585951484976e+00 2.608320599586875788e-01 4.224884537367720738e-01 6.049218972625643870e-02 -2.810646135523098277e-02 5.917851081051295203e-01 3.074538641985748444e-01
1.961582647285644299e-01 -1.434351919957580768e-01 -3.978839069717529653e-01 -4.403614947336738084e-01 -2.890288888790795360e-02 8.791996727790645297e-03 -1.745893451006637898e-01 5.136110493688797463e-02 6.703314460720819490e-01 1.985384974475571662e-01 -4.970080860074206353e-01 3.796837852470865554e-02 4.201955544793796737e-01 -8.831420995759203807e-03 7.189978796957792184e-01
-2.278291338551987899e-01 -8.519259133308937360e-02 3.384471066334189815e-01 1.754143288345649254e-01 4.675235308685389835e-01 2.377105857471200345e-01 6.638198118822860039e-01 4.542172648805395951e-01 -1.895791432051204373e+00 8.129063443961656588e-02 6.151265609468606899e-01 4.660852691018426142e-01 -8.222369881796494084e-01 7.029892215704415526e-02 3.849449255491743105e-01
2.344759058127834916e-02 -1.163153961741075354e-01 2.500969558576847107e-01 4.002035495212110106e-01 -6.282848603854375158e-01 -2.209516929885723957e-01 -6.789968758002554727e-01 -4.867157545275858088e-01 2.000971189301599118e-01 -2.942181886186414630e-01 -3.354276792823298603e-01 -2.201348720926980251e-01 2.363703892274089322e-02 -1.908350699622765601e-01 -1.372024362482221926e+00
1.047698091709601542e-01 -1.565507997384045155e-02 -5.712648248621267077e-01 -2.379398205069587491e-01 -5.316678430019613488e-01 -1.711733589173426717e-01 -4.229677489637472254e-01 -2.502629800205125044e-01 6.741358587697168225e-01 -3.068044533873540702e-01 -5.922689486403392989e-01 -2.189683600134340324e-01 -5.432077357296640624e-02 -2.802563854159996759e-01 -2.036413607576379181e-01
-2.217281879300774527e-01 1.641654262348528348e-01 -4.255003136996753366e-01 -2.219226134475509593e-01 -1.219031218819504603e-01 -2.222877805546748242e-02 4.747089323769951991e-02 8.592712258961046623e-02 2.179855203883747650e-01 8.610473355094372394e-02 -4.837679113184733398e-02 -8.033513757583462048e-03 5.338191670855231552e-02 2.057631181504791240e-01 -3.332782452381649607e-01
