5.756325435813171021e-01 2.735359893188086741e-02
-1.140549798890970079e+00 1.689895240960302969e+00
2.212979196138174842e+00 -1.492894422795183695e+00
5.056340893101283207e-01 9.826589574630694157e-01
6.117519771902389936e-01 5.214894323822364536e-02
7.692906509419620287e-01 -6.331649547425977076e-01
-8.074406894423002967e-01 6.675814503759092133e-02
3.327488110361181972e-01 -1.228945559079602345e+00
1.906257828967866386e-01 -8.689228822909389471e-01
-2.581359546218494616e-01 1.584219725396013301e+00
1.749979947756118870e+00 1.539091804917443573e+00
-2.747578095784128038e+00 -1.304295365272037932e+00
-7.969289759873883494e-02 1.028326840221950089e+00
