3.072083330963011893e-01 1.474758670864136645e-01 1.060890013926285014e-01 1.478867047590705364e-01 2.604375001356970878e-02 3.351538022707785114e-01 -6.600915869350458542e-02 -5.455612075667100325e-02 -1.550158977461472687e-01 -1.571374957009624151e-01 -1.206575698009716840e-01 -5.047458624184059106e-01 -3.378656417987048188e-01 1.501074966611972150e-01 1.061226404532738810e-01 1.125737170536692117e-01 1.801907350339106983e-01 9.226797619297772909e-03 1.945344854866020712e-01 1.488434638267850940e-01
1.642009907414354319e-01 1.954826202233540811e-02 -1.520189769620760578e-01 -1.042807345055569296e-01 1.160366378287766426e-01 -3.681945743529534965e-01 -1.772892771109068899e-01 2.649202220910691907e-01 1.947549407398805332e-01 -1.661460060040292064e-01 -1.144418594390643473e-01 -7.388577380778810211e-02 3.107616877005253339e-02 2.617497622098605703e-01 -1.313725909157733851e-01 2.371730139108958468e-01 1.578249997473979982e-01 -1.977823300308158005e-01 2.552374483676441153e-01 -1.806739919646406789e-01
8.006658098265773821e-03 -2.261135049708543066e-01 -1.682320203299860761e-01 -1.848968976771516171e-01 9.245385227425562125e-02 -5.723966107110662893e-01 -2.420270236007973086e-01 4.479582955714672687e-01 2.253713467028143069e-01 -1.870239950791669215e-01 3.146175862433135406e-01 1.711950402629700274e-01 -1.361554890379001841e-02 8.372453202911545392e-03 -5.247339288955111813e-01 1.270202363307995075e-01 8.235906867419517940e-02 -1.781216449518867595e-01 9.257022248461387048e-02 -1.491089903188176080e-01
-8.802167759983953177e-02 -2.487099952665045577e-01 -1.498602661975081407e-01 -3.423704857716253908e-02 1.873078625354762938e-01 3.170894335599554192e-02 -7.062692805488419989e-02 -6.030052458864427339e-02 1.878156599680380900e-01 -4.831093062839508789e-02 -1.406386699322300371e-01 -2.344234821606736019e-02 2.591682123466461721e-02 -1.102811605745716295e-01 2.081214241085994898e-02 2.293419902645019715e-01 8.016059227814606447e-02 -2.797254633690220982e-01 -1.319418596981630498e-01 -1.029262482299905662e-01
-1.780758130455803445e-01 -1.107968105227552513e-01 -2.613186213374710243e-01 1.563800363784025038e-01 1.392626020588419999e-01 -2.592805964595232826e-01 1.403122038319614961e-01 -5.807406926493243610e-02 -7.139219521837329718e-02 -1.511019195007664261e-02 1.970783440144752985e-01 -1.679135203675048149e-01 -2.229333971751459864e-01 -1.261502948610156855e-02 -2.753642308666069960e-01 7.085873106622224415e-02 1.428740494253185611e-01 -1.903794233041748440e-01 -1.256952825663305295e-01 -8.685450756230107816e-02
1.659385412229182066e-01 -2.300388252948680767e-01 8.692197990074879144e-02 -1.097862757581253151e-01 -2.113475667845997764e-03 -2.117390078519163499e-01 1.429995001798170240e-01 2.713986867579816220e-01 1.279724623526272143e-01 -2.497581319184477011e-01 2.369365637960315352e-01 -1.340008704744865276e-01 -9.689068293669100655e-04 -7.104231578674985448e-02 3.418436177201715498e-02 1.936216711916417255e-01 1.110115468874018352e-01 -1.727210142492440204e-01 -7.062093522790520439e-02 5.894820286422916555e-02
-1.209497156582084870e-01 -1.216737678565462527e-01 -2.927563106951397986e-01 -2.109869848119373115e-01 -1.902535975178245853e-01 -3.159818320626196497e-01 -2.040921857945103002e-01 6.978703041198666690e-02 1.055175232877949704e-01 -4.088016856821024420e-02 -9.225568156033504830e-02 1.323114223877973859e-02 2.445033369163820969e-02 -9.881854260267755596e-02 -1.628117087673000007e-01 -4.409425920700629081e-02 1.589644105229998938e-01 -2.891717781782735530e-01 -1.503231805789330931e-02 -8.203724369787569748e-02
1.033257766680975714e-01 -1.174547522736843486e-01 -1.760473818368912535e-01 -1.091566149153144205e-01 4.409946591100279492e-03 1.135974973770008806e-01 9.997911394791804407e-02 -4.343595037424854283e-02 5.824306884821271735e-02 5.066428694969878944e-03 1.354208684049282019e-01 -4.073369417800301595e-02 -7.006036877900959081e-02 1.488881371471313386e-01 -9.792594277473420927e-02 -6.790004076887425077e-02 -1.511173445852889707e-02 1.222143015197895421e-01 -1.110865872156181766e-01 -3.616034837279411690e-02
8.444986263401955962e-02 -4.847408415382670893e-02 -1.672148318480375651e-01 -2.154839233936901299e-01 1.070451066566706771e-01 7.137945102177793710e-03 -2.183337680040912665e-01 -5.199600068807461173e-02 1.266171042965662241e-01 -2.699564788084061334e-03 2.468091855806033713e-02 -1.747850597252809945e-01 4.345489341445610970e-02 3.703438067567323827e-02 1.818718595782430753e-02 1.497829507336508603e-01 -9.168816459395315310e-02 6.789917319361930825e-02 -4.186330917631602561e-02 1.776360546263196782e-01
-1.472853378349476272e-01 1.175929357719513735e-01 -2.284667164658421845e-01 -1.192041405005892923e-01 2.102547826787036847e-02 -2.165025198152302488e-02 -5.622880052577901994e-02 -1.220396602598008695e-01 -6.960882325765258005e-02 -1.443107263535504392e-01 1.167133747343343242e-01 1.579157140406204085e-01 1.671755518783639774e-02 -1.528948163033803376e-01 6.032562351439072629e-02 -5.548496126844395387e-02 -6.274970095413845428e-02 -3.159039944929242782e-02 -7.662845639267949760e-02 1.501617745153105976e-01
-8.710096271960739156e-02 -5.981968840926842057e-02 -1.090455316982391898e-01 5.697370344649269405e-03 5.988640163653951437e-02 3.994502210553364102e-02 -3.636035787459337889e-03 -2.907854498016504766e-02 5.611411827075710179e-02 -6.569348175484220065e-02 1.025071419065502476e-01 6.582003915447275089e-02 -1.176125267727900353e-01 -1.192170656915455401e-02 2.840068424822999454e-02 -9.566819899671605287e-02 1.035273949322230713e-01 -6.155938822126744148e-02 8.802364598824434505e-02 -1.505491562273357231e-01
5.359815284301722160e-01 -6.106034344701605915e-02 7.195927179646088856e-02 1.276183991929947525e-01 2.672195228044912940e-01 4.447821987917738862e-01 -1.553729453296288643e-01 -1.906378070176415196e-01 -4.143797476488577658e-01 7.948462013587771768e-02 -1.154368561204540955e-01 -6.498354562804899981e-01 -1.996397883630658121e-01 2.378840624836585371e-02 1.967215861563599844e-01 4.902246553743582758e-01 8.281495228494230310e-02 2.120568409198951010e-01 2.341703160073396184e-01 2.145726999197664353e-01
2.416099103438530127e-01 1.423503317051818540e-01 1.343024143069850851e-01 -1.245547207422671721e-01 -1.025061421253628119e-01 2.024819938005825992e-01 1.997158247167732381e-01 4.324122260773451132e-02 -2.246203667244918087e-02 1.828772112789939508e-01 -1.888173043459387412e-01 -9.862681285579504020e-02 -1.447272128434724525e-01 -1.395837020811791784e-01 8.990111406055197041e-02 5.661099297720276896e-02 -4.411767887830483209e-02 6.781628791872894302e-02 2.631239934194680719e-01 1.880435203031369587e-02
9.258511879855389759e-02 1.024398819129150595e-01 4.112436197007347111e-02 -1.058871039276017972e-01 2.247282433300758497e-01 6.423220561314411936e-02 1.091045298003429087e-01 -1.043382972828207356e-01 6.335551301696883131e-02 -7.868882168887841866e-03 -1.614161176800365527e-01 -2.505207887652302068e-01 1.255137143043073000e-01 6.263354473484140927e-02 -1.295014622739207588e-01 5.242601327697244545e-02 -4.332730371025322186e-02 -1.173247890099086144e-01 -4.050613091217852152e-02 -1.545621963322628134e-01
1.765685870515280309e-01 -8.492971216249710353e-02 1.071886165495364723e-01 1.042986400453787543e-01 1.381509994480192294e-01 1.296174238442309445e-01 -8.090765355350464094e-02 6.458861173527456756e-02 -1.403387098838660696e-01 6.059194004294958524e-02 -9.353066294476686249e-03 -1.357988754673354892e-01 1.451622360009046930e-01 1.849905089248953527e-01 2.619833919964484337e-01 2.630856362428851125e-01 9.751820438199181040e-02 7.698946568169352800e-02 1.532004935966450876e-01 -7.660297425849084407e-02
-5.766725159428027353e-02 -1.907684493268513581e-01 -1.397319878493009093e-01 -1.917281995909920767e-01 8.568095351432056250e-02 -1.303224201151235717e-01 1.051292663331624966e-01 6.303917750634205341e-02 1.776798144456584461e-01 -4.616821662659764680e-02 1.567539966151922093e-01 -5.571984935499516012e-02 -8.887252819473456800e-02 -1.349890943374988661e-01 1.532435037203791484e-01 1.524291693610952403e-01 -4.938841281469451977e-02 -1.474421569714279116e-02 -3.301317874097992738e-02 -1.879102398379447481e-01
3.356772541585434323e-04 1.427084035140997742e-02 -2.631720315806007973e-02 9.963257902394689891e-02 -3.902074145369593267e-02 7.483134865968130156e-02 7.643921780620857587e-02 -3.779336454932299971e-02 -2.024723508110129744e-01 2.711165713250905940e-01 -1.893122980091092311e-01 -2.920391631968859980e-01 2.598094017681250312e-02 -1.791294056669353596e-01 3.123046933955674342e-01 -3.354418917198746797e-02 8.001185210126490754e-02 2.191113383255053615e-01 -8.060908071663296093e-02 1.820395539772584892e-01
4.544726355517680338e-01 8.240362316113337970e-02 -1.887711795884152235e-02 -3.448362935911977040e-02 -3.469538125036683573e-02 3.969955769196177875e-01 -2.501002778432043910e-02 -2.947888216374133091e-02 -2.131080390404708480e-01 2.096569005089397517e-02 -1.630977421195803079e-01 -2.264602457974417005e-01 4.489982962411003670e-02 -1.778924317795341492e-01 7.968848976364949210e-02 1.949575747497114542e-01 -8.631011105004330816e-03 3.407753869370948596e-01 3.203668491523949946e-01 1.340718677939387385e-02
3.858867344082967388e-01 -2.711688774497381105e-01 -4.194779004361230967e-01 -4.811348421823392202e-02 1.832423850048105485e-01 -2.791195778354682022e-01 -1.942470265567008969e-01 1.820734085648193223e-01 8.000746977536637994e-02 -4.694230657322390754e-01 -1.301381372929892033e-01 -6.577677835010895535e-01 -2.626059711054705148e-01 2.493545798911940559e-01 -2.517892038432899549e-01 4.061394130797676971e-01 1.271641666938537196e-01 -1.241750112126609740e-01 5.478697618587700102e-01 8.275654759700951796e-03
