2.329185064295392904e-01 2.541328832777327573e-01
-1.559487838929864534e+00 1.858625416288447685e+00
1.794601969983402601e+00 -1.324167278154058103e+00
3.601042439452043498e-01 8.139636959981612074e-01
1.029916101417907681e+00 -1.166668818972765864e-01
1.187364027059293781e+00 -8.020942247700497685e-01
-3.057829579899677963e-01 -1.028488537286772059e-01
1.586045826560170402e-01 -1.289731097789013958e+00
6.084383319673490886e-01 -1.037671059937701923e+00
-6.746912930602235736e-01 1.752948043110618137e+00
2.039221721208340998e+00 1.369483948187888878e+00
-2.329220403009298668e+00 -1.473024017247126949e+00
-4.977533567191163022e-01 1.197070728123263539e+00
