-2.014525632211630890e-01 -1.567330551851710663e+00
-7.529165089929985566e-01 -1.394512543732850940e+00
1.588286748880200161e+00 1.139468809718749753e+00
3.674960615571896960e-02 -7.522472438920614346e-01
9.767217778414571949e-02 -1.106654465787314939e-01
-7.619382514482544444e-01 -1.179686271631793737e+00
4.612824321748776324e-01 1.222730702532909497e+00
-2.137249451503113462e-01 2.265602144139980956e-01
1.191606314649783727e+00 -1.467416457205815039e+00
2.075121485114080899e-01 -1.081684030934386836e-01
1.106670619002100953e+00 5.021809461144575160e-01
-2.357713763745889590e+00 -1.610544156173407515e+00
2.958636197744631158e+00 1.275164423437068262e+00
1.571646785931052559e+00 1.496170101345466463e+00
-9.009232229557841976e-01 -2.118826431884278383e-01
-1.418375065501675358e+00 -2.232323284684721187e+00
1.604068264560457369e+00 -1.308870619325078088e+00
9.074239808719857248e-01 8.548629214463316917e-01
5.297537815328571265e-01 1.652912757103448538e+00
