1.767382266688100056e+00 9.271680736999874384e-01
1.607663082091441709e+00 1.331417799169758664e+00
-1.575960365388339834e+00 -2.018726092654558713e+00
1.173939280485113867e+00 2.971736646921873115e-01
1.772637313223471844e+00 -1.533935977431981401e+00
-2.400947492809049066e-01 -6.553709104403617758e-01
1.735129287354938654e+00 1.214870725026157977e-01
1.435773619600725581e+00 6.352618686571729345e-01
1.774875495973675443e+00 2.124600346884801538e-01
2.123461768788050374e+00 -1.112878412345174040e+00
-4.526273478364016278e-01 1.204287513850480634e-01
1.692837008124885578e+00 8.037071122838741755e-02
1.679884769440174175e+00 7.075197513959903262e-01
2.684288075727296885e-01 -2.407363200955049687e-01
-7.442885148532820683e-01 -1.012625993477535458e+00
-9.356954098962120270e-01 2.043806240618042391e+00
3.661948757376076169e-01 1.650130343535574307e+00
1.321021970859807659e+00 1.575720860225662046e+00
-8.269830111874825196e-01 -4.624311053037876151e-01
7.529095264910434793e-01 -5.251316064642850279e-01
-1.643112328557058355e+00 8.459387116583447774e-01
4.203923240369672465e-01 3.395901226785976723e-01
1.060708860723408087e+00 -1.347540850424929770e+00
1.468811324414123209e+00 -2.742058061175415284e-01
9.861409765367505909e-01 5.947919678732815907e-01
6.397564006171285733e-01 1.033144673799128332e+00
-1.863642132287903319e+00 -2.065652720765992767e-01
-1.138566594478383598e+00 -8.374303215639934406e-01
-1.718415480546497398e-01 -7.777035962385943080e-01
-5.919731806960435438e-01 7.299815986011578550e-01
-1.607863240331917520e+00 2.014113580850439345e+00
6.459273706015551397e-01 -1.875064857986273870e+00
4.476997613710472224e-01 -1.482759608893193581e+00
