5.320899729622113883e-01 -9.459527273262782199e-01
-1.667067595246976675e+00 1.051108045196054164e+00
-3.926429688987957412e-01 2.350870881072467000e+00
-1.018371095855094444e+00 -7.890546741162294264e-01
-4.845478939599974222e-01 -2.071390845351489318e+00
-5.397059249094749989e-01 1.491350151094446463e+00
9.673445505805976508e-01 -5.339386064642591689e-01
-4.461715798703223546e-01 -1.333325227125100876e-01
4.230341397903746026e-02 1.691434530978293882e+00
4.849649926514008058e-01 8.980394469109498345e-02
-1.915589079393585692e+00 2.517657367850616001e+00
-4.475839797149905319e-01 3.660479717434289015e-01
-2.070868859513081528e+00 -6.406739613665043409e-01
1.392095646455471902e+00 7.971033827568573260e-01
8.464297985890637532e-01 -6.182504964466053465e-01
-5.964850188892979466e-01 5.727806770496298716e-01
1.199323981368175973e+00 -2.213585283467305320e-01
-1.812129468755792727e+00 4.433953955442788697e-01
-1.240966863195653191e+00 3.558692328859902054e-01
8.288652431096446005e-01 -1.246579622862595382e+00
-1.768711923405444475e+00 2.490300701710146836e+00
