3.420221407825757010e-01 -6.410724079920013252e-02
-9.067341618823275828e-01 1.781356080557377153e+00
2.446815972105071957e+00 -1.401433583179867659e+00
2.718156686514549558e-01 8.911981178301709994e-01
3.785232421918300894e-01 -3.931189478349036981e-02
5.359943886838969274e-01 -7.246257945800957945e-01
-1.041276138549763308e+00 -2.470269457896535209e-02
9.960194281243435477e-02 -1.320405863238864219e+00
-4.280422171877287796e-02 -9.603837119745842754e-01
-2.429919302371626524e-02 1.675680565011344436e+00
1.516143171789323230e+00 1.447630965302127537e+00
-2.981408796305749398e+00 -1.395756204893903396e+00
1.540222730841201704e-01 1.119787679918021084e+00
