-2.884512403102731937e-01 2.575429518260760609e-01 4.388626728141242772e+00 -2.878910089488616597e-01 -2.728971999369274593e-01 -3.116561954358139097e-01 8.345791558681493472e-01 -1.662508147692544347e-01 -2.018313155780182833e-01 4.916126405958814449e-01 1.562778328509587311e+00 -5.891447257851293307e-01 2.977843781710466931e-01
-9.477736352470568504e-02 2.953480322301295646e-01 4.430862198041241040e-01 -1.012018271000521691e-01 -2.208339277811674772e-01 -1.695046883452008546e-01 1.008883337787224305e-01 -1.668058206583302172e-01 -2.513086119680031372e-01 3.055292415807245310e-01 3.033996054970383160e-01 7.376955603045270982e-02 1.721180387013733493e-01
-1.866830777824941487e-02 -3.855162681399577906e-02 1.184611842750760841e-02 9.987623906760734194e-02 1.394024003237572529e-01 1.030981518729942592e-01 -5.033965398691639392e-02 1.904572817651023209e-01 1.909658465469162708e-02 -7.057941489064153973e-02 8.258537136062056583e-02 1.798659137903619587e-01 -8.061440589657650410e-03
6.621793291297067841e-02 -5.661521525311161152e-02 -6.831015437007342816e-02 7.868861619267593366e-02 -2.014192782932008874e-01 1.179768107424953305e-01 2.440977232164943944e-02 -1.626136511523356143e-01 -1.729289348221613731e-01 7.694425501893599473e-02 1.628733313121294990e-01 -9.352608607756948689e-02 1.997377495494642441e-01
-1.608446598760760737e-01 1.497647902229025940e-01 -1.264966222413603340e-02 -1.707633493753021592e-01 -9.119499055061697224e-02 -2.487985411189657520e-02 1.207348142945177949e-01 1.438054918307004049e-01 -1.581356296046232957e-01 1.568721057691547377e-02 7.529372204168560678e-02 -6.495683381283637314e-02 1.532895053440234134e-01
-8.962774874844968431e-02 -1.860209519094196684e-01 -1.359239655565041005e-01 6.758027163021954054e-02 2.182201071471145948e-02 1.733799790600039359e-01 1.810892819013129595e-01 1.627318073835710976e-01 -1.925330798984354330e-01 1.121519844858477888e-01 8.201938216292212203e-02 5.996761760035745903e-02 8.921798792376546550e-02
1.538001013553508545e-01 7.483184767139913762e-02 4.738501312251523767e-02 8.150934628882732002e-04 -1.211242463480236703e-01 2.195238792658974272e-02 -1.740518543586437039e-01 -1.430336537573014266e-01 -8.866193585269659116e-02 1.512515156651676740e-01 1.219545010665662454e-01 -7.177960844280477370e-02 5.614406873198021786e-02
-1.862170711653065025e-01 -1.270474744104139742e-01 2.594928903516121044e-01 -9.095460670323886332e-02 -4.378903092312028122e-02 1.301124840232072838e-02 -7.073995234295810119e-02 -1.008895528510897477e-02 -1.149459791775327283e-01 -1.683563911618216336e-01 -1.191769654803041673e-01 4.999931080582155525e-03 -1.680238197470015626e-01
-4.027122397243296237e-02 -6.521053635275340932e-02 -1.900202238264621021e-02 -1.626215371865053216e-01 1.624240967068729391e-01 -1.382198413422143675e-02 1.427222208376175416e-01 1.896240976417916391e-01 -6.795337642027414471e-02 -9.245961967158464884e-04 9.260805469535973722e-02 -3.305994898372491969e-02 -7.342177300743127355e-02
9.256756375862240649e-02 1.600057857017463114e-01 1.981569066206482765e-01 4.949278944577823608e-02 -5.021138659900915152e-02 1.883579826044236571e-01 6.180265126031353473e-02 -1.740343169715038718e-01 -1.685240954447041195e-01 1.032403298359204913e-01 -1.733372279386432568e-01 -1.988298489079544373e-01 -3.919866330932433862e-02
7.292071467504640699e-03 -1.767390375467631225e-02 7.390623516471331658e-03 3.304396080736837771e-02 7.132293327991745535e-02 -3.279015651384810381e-02 -4.690719776275292796e-02 1.950721409856097932e-01 -9.947868899008120713e-02 1.138723640603340470e-01 -2.699209905880493171e-02 -5.990285853501513269e-02 -1.706149819181418670e-01
1.369300918974047099e-01 1.020921599461668411e-01 2.758026583479269433e-01 -3.607533306177946458e-02 6.592793822068934717e-02 -1.670811807586147502e-01 -1.437394378971444502e-02 -1.210203048070623427e-01 -2.077213057751440550e-01 2.185956013484441351e-01 -8.597647162004563859e-02 -1.497050570786306600e-01 -1.121108415667077807e-01
