-2.890678165095788010e-01 -5.907195338525119688e-01 -1.936774451790039819e-01 1.334039282145066174e+00 4.959760195180429321e-02 1.948986585179346864e+00 1.445842881100427135e+00 -1.524613018747911664e+00 -7.324338577533291428e-01 -1.909097993892453271e+00 9.350136853784292157e-01 -1.923196782532648808e+00 1.543754059299169423e+00 -1.226628540630951392e+00 -3.446548388781263128e-01 -1.751842775975407829e+00 -7.549804509649749029e-01 -4.419400420286687670e-01 -1.791076105819679576e+00 1.070202612711452783e+00
8.453988781023435983e-01 -5.684655035019057223e-01 1.340770212616284152e+00 -1.690312790625509543e+00 -1.783974395969311288e+00 -5.800788222509081216e-01 1.607365328673579619e+00 1.025870807642584648e+00 6.892707142157212807e-01 2.509429409829375679e-01 1.215062154937919914e+00 -3.510932272474089899e-01 -1.877245680876700629e+00 1.209617145781201053e+00 -1.238026262841071645e+00 -4.493646006556528683e-01 -5.695626110939615572e-01 -1.506537496263186338e+00 -5.968625241119527303e-01 -1.291652488596340742e+00
4.640553203395585413e-01 6.137374310791257059e-01 -1.945413788473508987e+00 -1.740965905560334370e-01 2.162106259468647984e-01 1.486651977743134179e+00 -1.587475906215374266e-02 -1.678198252380590727e+00 -1.793104483615944655e+00 1.448436331806574717e+00 1.162917637339648369e+00 1.433791724606445328e+00 -9.510293296636160854e-01 5.919894431789227696e-01 -1.617127810817960754e+00 1.306292446854484979e+00 -6.655482542947046554e-01 1.820588949277576862e+00 -1.144697377638115299e-01 -1.867729212216381995e+00
1.636223510402356141e+00 5.021285952551068910e-01 -8.516748559525435525e-01 -1.852784424998566326e+00 -4.932544130775018409e-01 -1.372557760941564897e+00 1.931212453835251530e-01 -1.412465299351267412e+00 -1.301542884727551197e+00 1.683477942913031988e+00 5.604801380585739956e-01 -1.029674352909516699e+00 1.515585122529878426e+00 4.988633194050335895e-01 1.782397360320332691e+00 -6.833282236516957653e-02 1.551603335912160819e+00 7.137752293975441198e-01 -1.823325776266289555e+00 -1.038838039765603405e+00
-8.736943802663956760e-01 -1.319933266454202947e+00 -1.047252197501594928e+00 -1.095839406143983119e+00 1.513374996803634520e+00 -1.484048258278836130e-01 1.506047325294636696e+00 -1.448008466168938746e+00 2.596739462244332941e-01 -1.946129287417505793e+00 1.721205639351948591e+00 -1.977451542409060181e+00 -4.403694057921443417e-01 1.206343834756680611e+00 1.999526236917937183e+00 -1.921961038554725221e+00 1.296341935495241238e+00 4.035183798363206620e-02 -1.847271917843661182e+00 1.108477083610212244e+00
-1.552390349715910833e+00 4.458967491297332053e-01 1.113300864492418718e+00 6.943637069120738303e-01 -4.805027011721456631e-01 -1.894233452715359700e+00 -2.549441287504490283e-01 1.654777934742901913e+00 -6.683065381286970030e-01 -1.008165123387076534e+00 -1.448676664709247497e+00 4.100982000419017837e-02 1.333930909749176941e-01 -1.707807030385803504e+00 -3.689660559264154038e-01 6.347258195457712304e-01 1.864202740685843018e+00 -2.738355131237413254e-01 -2.558586524234587323e-01 -1.154641097259734295e-01
-1.099866035093744809e+00 -4.206494319422628969e-01 5.810589039678286660e-01 -4.117631637925498467e-01 3.255029937332176715e-01 1.342329151999017700e+00 1.991870292302227785e+00 1.540158734517870442e+00 -5.128134923475964335e-01 -1.913091462730369674e+00 4.464183980105733696e-01 -1.017971671595701011e-01 -1.051931551805679543e+00 -1.838783603579802861e+00 -7.137190441091947335e-01 1.192285251342523722e+00 1.856476027551358321e+00 -1.573359443710089067e+00 1.510557647125798653e+00 -1.805129315131687395e+00
8.539032755026036980e-01 -1.892817146547309815e+00 -3.158012708722814921e-01 1.480923353925049923e+00 -4.275674094868717745e-01 1.698257270598970248e+00 8.527805644478307912e-01 4.167371231909866580e-01 -1.354483807992673317e+00 -6.380168654215614410e-01 -3.556153428849784248e-01 3.608194565299815970e-01 1.984152640837170800e+00 -8.651610087802739102e-01 1.425156332599053499e-02 1.733791630514933679e+00 -6.183168249519663817e-01 5.144191490894938212e-01 1.064526154776761491e+00 5.210789000605724475e-01
1.013722719368494563e+00 -1.217227999057213683e+00 1.829350747395525278e+00 -1.292408772603974576e+00 3.347247041663878875e-01 -8.158295637335339912e-01 5.376921010453257210e-01 -8.355583384205380604e-01 -2.751465727418387353e-01 7.288901928230204774e-01 -9.237249977838284387e-01 9.115035297922728930e-01 -6.124893088888319070e-01 -1.471375611117514026e+00 4.525148676921038060e-01 -1.336967884563630360e+00 -2.776902146131936533e-01 -4.064103524828159841e-01 -1.695324610415259503e+00 8.430793496082906735e-01
7.232942604370418138e-01 1.111180020136472546e+00 1.796525635185814984e-01 2.156671028822882974e-01 -1.323067988366836367e+00 -1.170144404039635155e+00 -1.087002038069889043e+00 1.012141148911744892e-01 1.275930329949917841e+00 -5.721035331529900070e-01 1.527487952213007816e+00 9.435130741607986593e-01 8.657885728247536328e-01 -6.593114827813919554e-01 -1.526090031785912959e+00 1.851161924425619887e+00 1.418442542496073155e+00 -3.645280369096814965e-01 1.452872760944619923e+00 1.596868460128297862e+00
-6.301055065400533728e-01 6.245969788201577444e-03 -6.728406389614520755e-01 7.806300563985253405e-01 1.648669254068701129e+00 1.938176415556645438e+00 9.751162992560518106e-01 -7.790305842597349262e-01 1.521973160351035137e+00 1.970478516178327144e+00 -6.138953450243156418e-01 1.794849409796990702e+00 4.618562180276253315e-02 1.858541769090329865e+00 1.983423960396605512e+00 1.251768383315586153e+00 7.337481967574039921e-01 -1.383942122827583443e+00 -1.980330867067216616e+00 3.818834016934440356e-01
8.178396219322143779e-01 1.742152180716040721e+00 6.847960075181491746e-02 7.873864108110155691e-01 5.894238858840070705e-01 -1.180319500095073249e+00 5.772003711203206322e-01 1.926884845300080418e+00 -1.555260173479340313e+00 7.541729727959523011e-01 4.572204699706214903e-01 -4.965811048335728728e-01 1.173391015411051175e+00 -1.958056565660283077e+00 1.569646488492682845e+00 1.269455812050800603e+00 -7.718067412514484360e-02 -1.567443380475801451e+00 -1.894857773454630134e-01 3.370115964615481019e-01
-9.844660858350309240e-01 -5.387414061761708339e-02 1.102915055415500944e+00 1.690927182407589768e+00 2.465801105389262560e-01 1.308967140158329379e+00 -1.688267148121596062e+00 1.425472185253861213e+00 1.683258261857683458e+00 -1.327994494861915342e+00 1.309949447012290324e+00 1.398264681303952539e+00 1.514635473303051594e+00 6.855807926956902776e-02 4.330169755413741939e-01 -1.167667018229203713e+00 8.325261975428182026e-01 -3.799307863674292740e-01 -1.915323657171778216e+00 -1.462931545982979475e+00
-4.471278735597437048e-01 1.540719224243244145e+00 2.597691730753446393e-01 1.665028136224988131e+00 1.717935377429238297e+00 -1.652820031522000743e+00 3.528616549130756397e-01 -6.618878473909037830e-01 2.718048910547432584e-02 -1.779007900027624878e-01 -8.022690951815469873e-02 -1.592776767352466649e+00 1.332640335187322389e+00 -3.888015297674574100e-02 5.799502251771335715e-01 -1.092849890796259160e-01 -1.275926493711154741e+00 1.640023399687464689e-01 -1.361841043756794711e+00 1.408717024590333544e+00
1.326416102552579357e+00 -1.425444887372227409e+00 -1.724624187874269854e+00 -1.726032332238200517e+00 -4.270239005649014707e-01 1.812165749370527212e+00 2.245616642308654320e-01 -9.378937041076444991e-01 -1.081404691503284887e+00 -1.556507220962831894e+00 -1.435715158001695801e+00 1.247453066532275834e+00 -1.445466141151270367e+00 1.456246228716030267e+00 1.291992296741776514e+00 -1.452764791652711551e+00 2.348990797550363219e-01 -1.971778928248180129e+00 1.448144537340199545e+00 2.331084817584567759e-01
1.021361577562175604e+00 -3.861869233496628695e-02 7.616879971934711335e-01 1.724956496744216583e+00 2.381832405114332474e-01 1.498821907640231821e+00 -6.278182306115152045e-01 -1.609869817324312002e+00 -1.979421429583756442e+00 -1.093398884006111516e+00 1.354347347743458219e+00 -7.540181495411144574e-01 -1.101535409421561251e+00 -1.747830644651848786e-02 1.787616489973831158e+00 3.591379304279973539e-02 -6.365133496622448206e-01 -1.689992835975717700e+00 2.946677333799954113e-01 -1.094972081811257603e+00
-5.300034891494478373e-01 -4.753505331059773020e-01 1.032737348838947966e+00 -1.073484620812453993e+00 1.743568903187263430e+00 9.695522718502185278e-01 -7.552183687672364698e-02 1.521897965120354357e+00 -5.633280788988295207e-01 -4.626405056590892073e-01 -1.482523476149069985e+00 1.114224377854461157e+00 -3.952293886226723174e-01 1.012112756087812926e-03 -1.161253384158760227e-01 6.247272702843087444e-01 -5.042462756586232331e-01 1.663445304594968643e+00 -2.723109639462277798e-01 -5.631440886050591565e-01
-3.964877793990382315e-01 1.065182885955854086e+00 1.972226359936757323e+00 1.466058585205335163e+00 -8.109000612500771865e-02 -8.345626258663081387e-01 -2.160517825404961734e-01 -6.239377876257434785e-01 -1.025871791144556067e+00 -1.252236338566201646e+00 1.823502938094604175e+00 -2.779238560888241949e-03 -1.560100505319079289e+00 -4.643735594954834234e-01 -4.451323311084971479e-01 5.413810794877305099e-02 1.920165298454775460e+00 1.906533986296190974e+00 2.635764428525928516e-01 4.723661011652762198e-01
7.025162994649472026e-01 8.888730740712613709e-03 -5.328776739071416912e-02 -7.419042432928635300e-01 7.356869578850644409e-01 -1.632418886668501212e+00 -7.314190151015402819e-01 1.563914237910453142e+00 -1.090487396098190231e+00 1.870329512099957459e+00 1.936678887862850473e+00 3.015306523849448084e-01 -1.838256078764711976e+00 -1.626087210671226746e+00 -1.198793449240030284e+00 -6.927537268825894046e-01 -1.547567153548502272e+00 1.188843092282073410e+00 -5.433817199390373887e-01 -1.065065206501310868e+00
-1.825224518534767082e+00 -4.693125625080778462e-01 -1.981973077963110619e+00 -1.534034197881650741e+00 4.185820402466902124e-01 1.739781645312442393e+00 -1.202536312295068299e+00 9.642448266175516203e-01 -1.209177915818510307e+00 -1.994019224637130439e+00 1.586152184647209307e+00 1.384434950804827480e+00 -1.732885136099702184e+00 -1.291458847344522098e+00 -1.062796287925550143e+00 1.713285458547622042e+00 -4.722836174164743994e-01 1.229527026425893066e+00 -2.567458686201691265e-01 -4.750213332156607571e-01
