-1.514759563827797084e+00 -1.262256264203057921e+00
5.097201749205914068e-01 1.180996173893854306e-01
-1.093017689118235491e+00 -8.715994777964535256e-01
6.316355506603963388e-01 9.239469107201673248e-01
-1.980377012306213436e+00 -5.872964075304609732e-01
1.080578640543643720e+00 1.666611420722598824e+00
2.461706114197942108e-01 -2.554709190301541200e-01
7.324654870602342882e-01 -1.182170758090243412e+00
7.577607092864135918e-01 2.160574379608724449e+00
-1.132918199780623691e+00 -7.306085948924422035e-02
-9.232146529721036998e-01 8.061043156151878053e-01
-1.504653819394902170e+00 3.267232834247074669e-01
-1.860935549691997704e+00 -2.075367998508086842e+00
1.161574106179747573e-01 3.974418441685911157e-02
-4.536959544193856497e-01 -1.399071166044128622e+00
-9.060535537749864199e-01 1.816692057618165268e-01
9.964514345515685934e-01 5.343355530980906654e-01
