-1.251163032102154515e+00 -1.014075012256737018e+00 1.228011225796680428e+00 3.046046108538578712e-01 -1.970842816136341602e+00 3.192309118938248425e+00 -1.214261737414911391e+00 -1.726731129185677505e+00 -5.912599171589920655e-01 -9.894729277267458878e-01 1.278523419299566477e+00 7.888423211907470423e-01 2.079009463757852672e+00
-3.533638846075511375e-01 -4.485445767184997323e-01 2.395158166834437108e-01 -2.513001671200005838e-01 -4.102497651310186844e-01 -9.700447622042380758e+00 -5.347433058858036325e+00 -1.343662769769906395e+00 -7.647069396596102298e-01 -5.610315093876078185e-01 1.692774875475427099e-01 4.613755853767191883e-01 1.344750904064954344e+00
8.603951248314199773e+00 -1.792152155043459927e-01 9.171910741423210112e-02 2.524501423693814584e-01 -1.262501555139496245e+00 -4.075846857609318974e+00 -2.104510820589260423e+00 -4.127526160553302015e-01 -3.568823510717023528e-01 -2.798816097905069133e-01 4.848791204024033852e-01 3.076065405065205316e-01 7.148006862820760476e-01
4.022818601629425950e-01 -1.059040164358556468e-01 1.134738889523549260e-01 1.206156199567899545e+00 -2.334983948422708344e-01 -1.132473092070978016e+00 -5.537602472020551891e-01 -3.452891505636683789e-01 -3.125781258092961146e-01 2.445298897547204878e-02 1.935227465055140983e-01 -4.550476915375031156e-02 4.525368742242538711e-01
-6.429474890498401152e-01 1.244508292450888925e-01 6.350018072259222546e-02 8.175817336487968268e-01 7.945107552362038472e-01 1.301051091835464302e+00 4.199743066378033296e-01 9.676491324848872366e-02 -2.158013593762772853e-01 -1.092470020680772966e-02 5.261571546827563672e-01 -6.688542389907217722e-02 1.625670410776394181e-01
2.564187275461958571e+00 -2.591782267386250060e-01 -2.422184350817822296e-01 -9.194724786738661670e-01 -7.398842693970691942e-02 -2.927429907403518161e+00 -5.489097445644862683e-01 1.205096267034384272e-01 -1.968248319069572927e-01 3.018897974828442521e-02 -3.887677760060134768e-01 1.225197330776403581e-01 1.331053661124131093e-01
-3.776063449900549429e+00 -1.207041802842141326e-01 -3.189368614290205572e-02 -1.443139496496049778e+00 1.882897075191979575e+00 4.359158344135160235e+00 8.236657658753754330e-02 -1.294469716441914164e-01 -6.355864211715515910e-02 -6.717554696777089385e-02 -3.843572340303758050e-01 3.980543781057488406e-02 5.243983799821988478e-02
-1.667135958657216088e+00 -3.475937677116902047e-01 1.253748001888511376e-01 -3.224403805218836183e+00 1.947206613008204856e+00 -2.743328998282442477e+00 -2.044000042410138551e+00 -4.449084483543450097e-02 -1.169620412366277062e-01 -4.081838426584313839e-01 -8.095314648601783514e-01 1.414124662516097475e-01 -1.556704980591824272e-01
-8.341603028237708495e-01 -1.380029315523166877e-01 1.262858238365433816e-01 -3.582336844473635318e-01 1.973558467886788348e+00 5.130638530042710421e-01 -5.863051437709643210e-01 1.757829979542881726e-01 -9.939490939645677370e-02 -8.224413018143263143e-02 5.563029073814476089e-01 -3.174365869764817633e-02 -1.277227021763922277e-01
8.699216512711627214e-01 1.281623503476760628e-01 2.884442787902462002e-01 -2.915920424844057890e-01 1.237931496677638021e+00 -1.431514518624565357e-01 -1.203919571062572053e-01 -1.924530905087132038e-01 -1.905102189414127900e-01 6.728065627825011163e-02 2.828964715539169505e-01 -2.099999082944237760e-01 -9.551204343094046867e-02
-3.318089102640646715e+00 -1.322523195090555270e-01 1.497036415402936971e-01 -1.028622335647965125e-01 2.472212932263038176e+00 3.023658663292664528e+00 8.250200885972307219e-02 2.066395067210778647e-01 -8.324462480285865773e-02 -4.973338651152455631e-03 -2.508513744881656904e-01 -2.938541655589237828e-02 -3.155478011503902169e-01
-1.463881799378177195e+00 -1.838664888844634138e-01 1.865826830857365559e-01 -3.279223770602082588e+00 2.965078894869807691e+00 -2.666688443428498978e+00 -1.850746109908235848e+00 -1.954606793392800745e-01 -2.100475517857643137e-01 -1.008700206000040372e-01 -5.702250113655392694e-01 1.478226743498495862e-03 -1.464985620869395655e-01
