2.053810410139892406e-01 2.832394174237178319e-01
-1.541666825098515714e+00 1.829518882170691363e+00
1.811923201749529921e+00 -1.353273812291882372e+00
3.356909881462152856e-01 8.430702301391987952e-01
1.011271872942320238e+00 -8.756034777047008721e-02
1.168819230126927122e+00 -7.729876906331408781e-01
-2.884617153034783055e-01 -1.319553878651932577e-01
2.761476998138337469e-01 -1.314466405199756771e+00
5.892092964493649276e-01 -1.008564526026471064e+00
-6.573696774550856770e-01 1.723841508972792536e+00
2.056542952974390381e+00 1.340377414050064608e+00
-2.346686345981797928e+00 -1.443917483109040223e+00
-4.790520558768683879e-01 1.167964193985607579e+00
