2.328012957378233772e-01 2.541731789725811264e-01
-1.559687097645483078e+00 1.858585120593523099e+00
1.794383661392830343e+00 -1.324207573849053743e+00
3.599425665503127592e-01 8.140039916931020025e-01
1.030066481780931076e+00 -1.166265862024307431e-01
1.187518455485626179e+00 -8.020539290750821060e-01
-3.060012663099462848e-01 -1.028891494235924103e-01
1.563054493889656504e-01 -1.289690802175393669e+00
6.085744440685385559e-01 -1.037630764243681059e+00
-6.749095921637602302e-01 1.752907747415622497e+00
2.039003412617790723e+00 1.369443652492893237e+00
-2.329005069867669420e+00 -1.472983721552131309e+00
-4.979274342174961898e-01 1.197030432428273672e+00
