-2.345313111258673644e-01 2.165056414025457177e-01
-1.420332242846708226e+00 1.547772336456555431e+00
1.314846254174388163e+00 -1.387665012903854578e+00
-6.899151814444622055e-02 5.084648242990413847e-01
1.118502387363742079e+00 -1.816316330695883774e-01
1.025577911417551169e+00 -7.112699226165063449e-01
3.193934851756859844e-02 -4.628138586282038586e-02
5.535535077623571221e-01 -8.835649826200009382e-01
2.779906576587643507e-01 -7.524214966990894204e-01
-5.948662087053948611e-01 1.272669363860717384e+00
1.065690144700788933e+00 8.589121943937008119e-01
-1.356167482515802325e+00 -1.070864066332453568e+00
-4.587195844971753700e-01 7.684995329677564158e-01
