-2.855679148359716590e-01 2.529455996685064378e-01 4.388626728141242772e+00 -2.782463834661416668e-01 -2.638471936044342048e-01 -3.025890729253709055e-01 8.345791514157935298e-01 -1.701008088127693996e-01 -1.954847285915881916e-01 4.916118361667692338e-01 1.562778328509587311e+00 -5.903387524936347663e-01 2.953337437590975445e-01
-9.303201739872064835e-02 2.928490473537442851e-01 4.430862198041241040e-01 -9.497885060957957093e-02 -2.158624939547473531e-01 -1.635127473696439959e-01 1.008883299083230128e-01 -1.707422468141630567e-01 -2.480966886367888813e-01 3.055286807871160915e-01 3.033996054970383160e-01 7.273872762903023370e-02 1.705878287742516319e-01
-1.827631289814928006e-02 -3.921215394355500455e-02 1.184611842750760841e-02 1.011381004311432130e-01 1.406962754849113706e-01 1.042669357268152103e-01 -5.033965444372089093e-02 1.901792283414380780e-01 2.003591094361526978e-02 -7.057951493674197163e-02 8.258537136062056583e-02 1.797425068632606537e-01 -8.388622023265082661e-03
6.633192308614234423e-02 -5.676570785642984923e-02 -6.831015437007342816e-02 7.911250119991672380e-02 -2.011173013297032075e-01 1.183908618549747854e-01 2.440977201599203728e-02 -1.629483778617570044e-01 -1.727470422626813107e-01 7.694421507231996582e-02 1.628733313121294990e-01 -9.360727028856148657e-02 1.996356899352272896e-01
-1.607882879862960468e-01 1.496954167450307016e-01 -1.264966222413603340e-02 -1.705469185364934526e-01 -9.105467300800838826e-02 -2.466617078207293187e-02 1.207348141224686977e-01 1.436095170651489061e-01 -1.580567804271787447e-01 1.568718951035972739e-02 7.529372204168560678e-02 -6.500245782697913755e-02 1.532382079714148804e-01
-8.956251129686683410e-02 -1.861168127316561172e-01 -1.359239655565041005e-01 6.780938372444263174e-02 2.201222385093232897e-02 1.735994605291790449e-01 1.810892817669895738e-01 1.626022098141924888e-01 -1.924077431926548565e-01 1.121519641741842432e-01 8.201938216292212203e-02 5.993179871697978250e-02 8.916121683760655503e-02
1.539754512302301537e-01 7.456412247079068079e-02 4.738501312251523767e-02 1.417440966631904140e-03 -1.205950198520463201e-01 2.252462260371030853e-02 -1.740518546781942011e-01 -1.433261565381251101e-01 -8.830271223520054502e-02 1.512514636762565257e-01 1.219545010665662454e-01 -7.186500919399921306e-02 5.599311050793052275e-02
-1.861416173970836807e-01 -1.271553037999369196e-01 2.594928903516121044e-01 -9.068536411881214510e-02 -4.357446968579033186e-02 1.327059799781893541e-02 -7.073995251105313908e-02 -1.025881536213587436e-02 -1.148076231184814028e-01 -1.683564154542843416e-01 -1.191769654803041673e-01 4.955164477942771047e-03 -1.680899983808479270e-01
-4.022736610698324222e-02 -6.527593494417938125e-02 -1.900202238264621021e-02 -1.624687124319068865e-01 1.625536782909984823e-01 -1.367604651374308353e-02 1.427222207511723018e-01 1.895405777853251816e-01 -6.786695957828660364e-02 -9.246096099193497906e-04 9.260805469535973722e-02 -3.308301803050477108e-02 -7.345979467621552295e-02
9.258624679641326571e-02 1.599780905455870095e-01 1.981569066206482765e-01 4.955816510201198344e-02 -5.015648068818420735e-02 1.884204828797189923e-01 6.180265122275425960e-02 -1.740719623523394877e-01 -1.684875922810671611e-01 1.032403240759746377e-01 -1.733372279386432568e-01 -1.988398686533698057e-01 -3.921489372280013291e-02
7.311839129734631557e-03 -1.769933958184469192e-02 7.390623516471331658e-03 3.311831662387234448e-02 7.137411919185815412e-02 -3.271722376479713201e-02 -4.690719781844751579e-02 1.950109764464552087e-01 -9.944860579515391041e-02 1.138723569645314904e-01 -2.699209905880493171e-02 -5.991764176050309171e-02 -1.706327823709627711e-01
1.371292293581489463e-01 1.017880995858985310e-01 2.758026583479269433e-01 -3.539128226488971740e-02 6.652898303566043281e-02 -1.664313395186874656e-01 -1.437394415256315443e-02 -1.213527441968903636e-01 -2.073132731816891006e-01 2.185955423105367113e-01 -8.597647162004563859e-02 -1.498020296750919023e-01 -1.122822764202600770e-01
