-1.944735854808929965e-01 4.925254843930464421e-01
-5.190665871210502491e-01 1.102330621490842377e-01
-4.541655257356045361e-01 2.093233644973202523e-01
-6.643578524541790542e-02 4.485722886606274828e-02
1.038313166403079801e-01 3.331131387207258987e-02
-6.470448230014417268e-01 1.323695793566841639e+00
-2.035517335200787703e-01 2.360604157712543200e-02
2.109083522633640462e-01 -2.917690016584339463e-01
1.755752748928794404e-01 -1.740465304049892137e-01
-6.317971917488632849e-01 7.754947036734135546e-01
1.349451409691714010e-01 -1.630830096115869765e-01
1.316512253212286654e-01 -1.413331557741606126e+00
-4.994297148498671457e-01 -1.180409290011991685e-01
1.033707144178449111e+00 -3.988788255611680489e-02
-8.556105162846151524e-01 4.215848962497481534e-01
7.612545454085147822e-01 7.446937517649863114e-01
-6.228828547731306113e-03 3.396001180911807638e-02
-4.052091529372902623e-01 2.782553618213349789e-01
1.002452569536975036e+00 8.464173965981395265e-01
-6.225068250481682885e-02 1.399164404408457553e-02
