-9.250709106520978997e-01 9.169000342361981193e-02
5.735095468869987334e-01 -7.663787473096079772e-01
1.233462397110758557e+00 -1.181032643264912307e+00
-9.687926725853690524e-01 -1.868408512714215819e+00
5.147951520555533733e-01 7.301005758553855141e-02
1.247489500672995133e+00 1.556826836923644874e+00
1.694814862037624881e+00 -2.146228227576247427e+00
4.874614308786607286e-01 8.158425952035242013e-01
3.066286265459965410e-01 7.447181741079172967e-01
8.992294683862792626e-01 5.035923880074707482e-01
-3.672478101576315268e-01 1.847838948912007284e-01
