-2.860677408706634450e-01 2.537541800204085041e-01 4.388626728141242772e+00 -2.801075483918252229e-01 -2.655648283128907439e-01 -3.043133520937417735e-01 8.345791521314903649e-01 -1.701707903615021500e-01 -1.966370341997019933e-01 4.916119667962862150e-01 1.562778328509587311e+00 -5.901491525860559362e-01 2.957496383739970924e-01
-9.333259753774179879e-02 2.932877421147877528e-01 4.430862198041241040e-01 -9.617347702071557536e-02 -2.168029305582634125e-01 -1.646485102945280943e-01 1.008883305303811956e-01 -1.704814465475811003e-01 -2.486786656657642147e-01 3.055287717521565360e-01 3.033996054970383160e-01 7.290241202143660226e-02 1.708468890773332527e-01
-1.834444106485165135e-02 -3.909588972373688465e-02 1.184611842750760841e-02 1.008939571421480774e-01 1.404503521361458174e-01 1.040442450992545148e-01 -5.033965437028005419e-02 1.901259311002262697e-01 1.986526539866471236e-02 -7.057949867771499963e-02 8.258537136062056583e-02 1.797621028338615146e-01 -8.333026014942557930e-03
6.631236433347821591e-02 -5.673932683980659197e-02 -6.831015437007342816e-02 7.903135761274927840e-02 -2.011742810689519378e-01 1.183125224404304315e-01 2.440977206511499298e-02 -1.629172098905344590e-01 -1.727799550904078330e-01 7.694422154802402214e-02 1.628733313121294990e-01 -9.359437915054047430e-02 1.996529430290794882e-01
-1.607979186696252838e-01 1.497075580182051502e-01 -1.264966222413603340e-02 -1.705882359346807819e-01 -9.108107962167337479e-02 -2.470653912118437115e-02 1.207348141501182470e-01 1.436308509069504635e-01 -1.580710041799310295e-01 1.568719292400445192e-02 7.529372204168560678e-02 -6.499521326079762962e-02 1.532468681267144806e-01
-8.957375114080830258e-02 -1.860999792544191789e-01 -1.359239655565041005e-01 6.776537503143283125e-02 2.197621868152115771e-02 1.735578355280967822e-01 1.810892817885788042e-01 1.626090371201892315e-01 -1.924304497080964460e-01 1.121519674696612873e-01 8.201938216292212203e-02 5.993748637389301193e-02 8.917083173516010541e-02
1.539451543250116572e-01 7.461117205822895282e-02 4.738501312251523767e-02 1.301499637139649215e-03 -1.206953249057132610e-01 2.241596650566355861e-02 -1.740518546268317313e-01 -1.433188069384578600e-01 -8.836786857395559358e-02 1.512514721144278262e-01 1.219545010665662454e-01 -7.185144843163571160e-02 5.601870103231320480e-02
-1.861546060430684935e-01 -1.271363760905454832e-01 2.594928903516121044e-01 -9.073703762511832471e-02 -4.361505304477530237e-02 1.322144356065253074e-02 -7.073995248403647240e-02 -1.024745489717743263e-02 -1.148326853519790330e-01 -1.683564115139185857e-01 -1.191769654803041673e-01 4.962272928791765063e-03 -1.680787955158857538e-01
-4.023493658883687402e-02 -6.526444616960593026e-02 -1.900202238264621021e-02 -1.624981022598137037e-01 1.625291348596311636e-01 -1.370373948082635393e-02 1.427222207650663544e-01 1.895442849260403073e-01 -6.788262853362957150e-02 -9.246074333869308678e-04 9.260805469535973722e-02 -3.307935490791950872e-02 -7.345335220872482862e-02
9.258301901278451207e-02 1.599829561751805185e-01 1.981569066206482765e-01 4.954558818199004261e-02 -5.016688037547516882e-02 1.884086227408962588e-01 6.180265122879112505e-02 -1.740701117386160013e-01 -1.684942149137156064e-01 1.032403250105724812e-01 -1.733372279386432568e-01 -1.988382776230418203e-01 -3.921214346126244976e-02
7.308456246547445287e-03 -1.769488406475931697e-02 7.390623516471331658e-03 3.310410447091714781e-02 7.136447182351568497e-02 -3.273101295625536339e-02 -4.690719780949678674e-02 1.950170917399871584e-01 -9.945403923359787124e-02 1.138723581146392494e-01 -2.699209905880493171e-02 -5.991529435297696105e-02 -1.706297751770304016e-01
1.370948215456405384e-01 1.018415349534706471e-01 2.758026583479269433e-01 -3.552295209814839566e-02 6.641506533846758265e-02 -1.665547322579390144e-01 -1.437394409424114054e-02 -1.213443873907232573e-01 -2.073872841447114423e-01 2.185955518928138774e-01 -8.597647162004563859e-02 -1.497866314223960105e-01 -1.122532145441732104e-01
