-9.223270825218919944e-01 9.508012246046848581e-02
5.780865969317631192e-01 -7.727403013228371087e-01
1.239327013666861710e+00 -1.192453286829366910e+00
-9.589360003557853007e-01 -1.872591659373303408e+00
5.151782520410570498e-01 7.009327877658855233e-02
1.247095926750824368e+00 1.558662758811771631e+00
1.710746051841480986e+00 -2.162827970673902200e+00
4.797741008645658445e-01 8.162917072684540143e-01
3.020921734256798441e-01 7.457143054666452997e-01
8.940271359531379858e-01 5.026118660994829401e-01
-3.674569393117377847e-01 1.865050728745508146e-01
