-1.971474153170564292e-01 -1.186673254422856871e+00
-9.534518008957578727e-01 2.150600007480897580e-01
-2.663872846365342856e-02 -7.953888807067327482e-02
9.685527627475040147e-01 1.272087322684563482e+00
-4.121571018729966451e-02 -4.514585052942425292e-01
-1.887645762136088701e-01 1.440025546145558000e+00
1.326261788058596069e+00 9.858456969761134614e-01
-1.229588019363853979e+00 1.706179575203595089e+00
5.523009409514098023e-01 -1.843849436044350698e+00
8.798584410711859372e-01 2.220039704856628493e+00
