-2.878802264943581268e-01 2.567432244480162273e-01 4.388626728141242772e+00 -2.863200397906316974e-01 -2.714281634395973031e-01 -3.102150677028522874e-01 8.345791550375044610e-01 -1.666330890090943762e-01 -2.007361061049023621e-01 4.916124914515785926e-01 1.562778328509587311e+00 -5.893624359183213812e-01 2.973394321928796713e-01
-9.443481826460009554e-02 2.949163130035147851e-01 4.430862198041241040e-01 -1.001990861051638149e-01 -2.200320456597376073e-01 -1.685596226741003789e-01 1.008883330570789633e-01 -1.674293825800627633e-01 -2.507572288582012310e-01 3.055291386429953016e-01 3.033996054970383160e-01 7.358174150818845571e-02 1.718433186811024471e-01
-1.859033860665121329e-02 -3.866690941455770691e-02 1.184611842750760841e-02 1.000831139528351732e-01 1.396130798423952102e-01 1.032848343816482745e-01 -5.033965407219365140e-02 1.904643440212858141e-01 1.925911029704913124e-02 -7.057943357052376410e-02 8.258537136062056583e-02 1.798433950721366470e-01 -8.121233859999460805e-03
6.624017734109192979e-02 -5.664106457751841989e-02 -6.831015437007342816e-02 7.875646962731878975e-02 -2.013708225381183048e-01 1.180418172875837696e-01 2.440977226467248851e-02 -1.626729927292315248e-01 -1.728978680486884245e-01 7.694424772691939307e-02 1.628733313121294990e-01 -9.354087325830573452e-02 1.997195612381809371e-01
-1.608337195061204095e-01 1.497529401392353465e-01 -1.264966222413603340e-02 -1.707288842671834672e-01 -9.117258516492865450e-02 -2.484641932026936118e-02 1.207348142624509457e-01 1.437684209618360354e-01 -1.581222463767524011e-01 1.568720674600801446e-02 7.529372204168560678e-02 -6.496514249235423033e-02 1.532804167114115712e-01
-8.961492714424602879e-02 -1.860375410602615187e-01 -1.359239655565041005e-01 6.761727109200856012e-02 2.185274000567559091e-02 1.734146534145157847e-01 1.810892818762654399e-01 1.627124996956628156e-01 -1.925115357834665253e-01 1.121519807495789667e-01 8.201938216292212203e-02 5.996109062523892475e-02 8.920777015277613076e-02
1.538346856766197035e-01 7.478539973755368719e-02 4.738501312251523767e-02 9.127444648357024284e-04 -1.210385512487627269e-01 2.204303447454233553e-02 -1.740518544182428629e-01 -1.430714257670397949e-01 -8.860005690020489322e-02 1.512515060691896618e-01 1.219545010665662454e-01 -7.179517401592862280e-02 5.611679040112863004e-02
-1.862022678664808362e-01 -1.270661002518418126e-01 2.594928903516121044e-01 -9.091123200339902566e-02 -4.375442672361307822e-02 1.305214875902994953e-02 -7.073995237429955840e-02 -1.011592009696871131e-02 -1.149222317376120128e-01 -1.683563956202880074e-01 -1.191769654803041673e-01 4.991774774887203919e-03 -1.680356985477317877e-01
-4.026258834397762609e-02 -6.522186509286040379e-02 -1.900202238264621021e-02 -1.625968179929037916e-01 1.624450498660837960e-01 -1.379890496263995459e-02 1.427222208214967147e-01 1.896121618912407769e-01 -6.793850898844414066e-02 -9.245986670864685293e-04 9.260805469535973722e-02 -3.306415300884057301e-02 -7.342862677894074208e-02
9.257124352486399699e-02 1.600009899679335768e-01 1.981569066206482765e-01 4.950336004455809652e-02 -5.020251145046649571e-02 1.883678628716667081e-01 6.180265125330962339e-02 -1.740398223544142864e-01 -1.685178171298147565e-01 1.032403287756760157e-01 -1.733372279386432568e-01 -1.988316748042368576e-01 -3.920158738607366217e-02
7.295918598183601805e-03 -1.767826389299556253e-02 7.390623516471331658e-03 3.305583757108276205e-02 7.133113195264570439e-02 -3.277872117630059590e-02 -4.690719777313427652e-02 1.950609804305576955e-01 -9.947356373732967050e-02 1.138723627669290805e-01 -2.699209905880493171e-02 -5.990555101818816064e-02 -1.706181470547625256e-01
1.369693685611788891e-01 1.020394080394647074e-01 2.758026583479269433e-01 -3.596443567849641476e-02 6.602526271840482297e-02 -1.669782403652590730e-01 -1.437394385738836704e-02 -1.210632250782966435e-01 -2.076510191942833317e-01 2.185955904513424142e-01 -8.597647162004563859e-02 -1.497227317995642459e-01 -1.121418202332665204e-01
