-3.030703874723714719e-01 2.820859675197047722e-01 4.388626728141242772e+00 -3.221760979871122754e-01 -3.075133163098054956e-01 -3.460051446730746938e-01 8.345791987015015456e-01 -2.458722113044736479e-01 -2.308916612603808816e-01 4.916206664364884960e-01 1.562778328509587311e+00 -5.710871732663587164e-01 3.139777793714557674e-01
-1.032484972865266165e-01 3.088473194229766072e-01 4.430862198041241040e-01 -1.236604535458449561e-01 -2.401756944237982971e-01 -1.925616765713291101e-01 1.008883710140084794e-01 -2.028926891046925196e-01 -2.661863999147217608e-01 3.055348493566699686e-01 3.033996054970383160e-01 8.935710188592889403e-02 1.823185525070102342e-01
-2.070365587739211866e-02 -3.504461866988475838e-02 1.184611842750760841e-02 9.543207082189930635e-02 1.344933518307860620e-01 9.871500731820011254e-02 -5.033964959234968339e-02 1.918055976071470770e-01 1.481149937972178754e-02 -7.057841833083122740e-02 8.258537136062056583e-02 1.817324682785743939e-01 -5.910608724939164609e-03
6.568168155819328891e-02 -5.579443661065046356e-02 -6.831015437007342816e-02 7.714478070432931323e-02 -2.026101287436770371e-01 1.163689175031775574e-01 2.440977526225204808e-02 -1.681487292693455426e-01 -1.737799005742277914e-01 7.694465497022327793e-02 1.628733313121294990e-01 -9.229852934853900737e-02 2.004219560853881532e-01
-1.611030977246286355e-01 1.501465163431397742e-01 -1.264966222413603340e-02 -1.715569960705659314e-01 -9.175516037753020382e-02 -2.571517215030084264e-02 1.207348159497375617e-01 1.383193061573173843e-01 -1.585083506652354146e-01 1.568742167817174793e-02 7.529372204168560678e-02 -6.426698972469661875e-02 1.536349003006536040e-01
-8.994769191405983799e-02 -1.855046060991263623e-01 -1.359239655565041005e-01 6.675609086338156473e-02 2.108503062862248853e-02 1.725382232539003080e-01 1.810892831935779768e-01 1.593569840491247391e-01 -1.931122397692173753e-01 1.121521874995152351e-01 8.201938216292212203e-02 6.050926019348621537e-02 8.959567793929071322e-02
1.529267347831843316e-01 7.626783133389263003e-02 4.738501312251523767e-02 -1.340345321808766215e-03 -1.231622987068232283e-01 1.976960903600021371e-02 -1.740518512844202725e-01 -1.479355968846599867e-01 -9.031490996724159115e-02 1.512520348887821386e-01 1.219545010665662454e-01 -7.048815221707098455e-02 5.714530036103306065e-02
-1.865830353152550802e-01 -1.264648462619015479e-01 2.594928903516121044e-01 -9.192654330365714055e-02 -4.462407448460731230e-02 1.201302776702597129e-02 -7.073995072579575272e-02 -1.183982598030616958e-02 -1.155871038846219556e-01 -1.683561482369111129e-01 -1.191769654803041673e-01 5.676862866371435931e-03 -1.675826066418797389e-01
-4.048757461875010510e-02 -6.485885316437162151e-02 -1.900202238264621021e-02 -1.631701975550678418e-01 1.619232227117987366e-01 -1.438055051769376175e-02 1.427222216692474177e-01 1.889945038109456521e-01 -6.835195687917648699e-02 -9.244621700743114318e-04 9.260805469535973722e-02 -3.271110082426287313e-02 -7.316910882792088122e-02
9.247563070666013629e-02 1.601548041862186633e-01 1.981569066206482765e-01 4.925791234554529469e-02 -5.042379967991741929e-02 1.881185795742757461e-01 6.180265162165117510e-02 -1.741314585638525370e-01 -1.686924529372192672e-01 1.032403873973920250e-01 -1.733372279386432568e-01 -1.986783320755470816e-01 -3.909075621775461723e-02
7.199955032340651928e-03 -1.753473391620029298e-02 7.390623516471331658e-03 3.277243808688799082e-02 7.112018461256491841e-02 -3.307410538493102403e-02 -4.690719722694434990e-02 1.938974743818980828e-01 -9.961994186470182755e-02 1.138724351277087266e-01 -2.699209905880493171e-02 -5.967932940095843630e-02 -1.704954536677924237e-01
1.359382316257848333e-01 1.037230120643174991e-01 2.758026583479269433e-01 -3.852310736774228195e-02 6.361334605419317889e-02 -1.695599646250070258e-01 -1.437394029894424087e-02 -1.250475782683604653e-01 -2.095987752762503153e-01 2.185961909713413920e-01 -8.597647162004563859e-02 -1.482386078045155320e-01 -1.109738042626634835e-01
