-2.814169474187022679e-01 2.455815322671315859e-01 4.388626728141242772e+00 -2.549421956814526546e-01 -2.437331204954813202e-01 -2.819037397084725449e-01 8.345791458919938899e-01 -1.644002157178575396e-01 -1.841842571687716534e-01 4.916108199501331710e-01 1.562778328509587311e+00 -5.917835027874585041e-01 2.918587077798535101e-01
-9.052715678956214929e-02 2.888513615441785642e-01 4.430862198041241040e-01 -8.004973150511597579e-02 -2.048850780057815957e-01 -1.499194858163696020e-01 1.008883251063356218e-01 -1.700950090700888706e-01 -2.423934678699218859e-01 3.055279705982242300e-01 3.033996054970383160e-01 7.149109719708238164e-02 1.684166066982628052e-01
-1.771157578629406135e-02 -4.027061175318989023e-02 1.184611842750760841e-02 1.041971931475772911e-01 1.435797605007595179e-01 1.069418808876132915e-01 -5.033965501043054236e-02 1.913508912153599473e-01 2.170851047391564315e-02 -7.057964110104131272e-02 8.258537136062056583e-02 1.795932307088422830e-01 -8.852312130515356536e-03
6.649529905000174657e-02 -5.700624524319625880e-02 -6.831015437007342816e-02 8.012562022131153316e-02 -2.004538139612053460e-01 1.193272549216868039e-01 2.440977163675845524e-02 -1.630355189142317918e-01 -1.724245001281393408e-01 7.694416441544900398e-02 1.628733313121294990e-01 -9.370553998852250432e-02 1.994907976582892262e-01
-1.607076878695809785e-01 1.495846647503734361e-01 -1.264966222413603340e-02 -1.700315879977446210e-01 -9.074793283665753829e-02 -2.418416434100389284e-02 1.207348139090029804e-01 1.435117222546679616e-01 -1.579174553849672646e-01 1.568716277077396651e-02 7.529372204168560678e-02 -6.505768715200481445e-02 1.531653678033223220e-01
-8.946891732639424000e-02 -1.862701759754996911e-01 -1.359239655565041005e-01 6.835938863388053843e-02 2.243275843639448014e-02 1.740978254791243074e-01 1.810892816003365491e-01 1.626526265248350311e-01 -1.921853092024095877e-01 1.121519384649153767e-01 8.201938216292212203e-02 5.988844862124569762e-02 8.908069077720402740e-02
1.542274251806177443e-01 7.413555040880576152e-02 4.738501312251523767e-02 2.867616715432533877e-03 -1.194220554545332713e-01 2.382665918756311785e-02 -1.740518550746502913e-01 -1.430884319505336677e-01 -8.766418415170966483e-02 1.512513979272490372e-01 1.219545010665662454e-01 -7.196835691313567540e-02 5.577901407882847329e-02
-1.860333700146142855e-01 -1.273277841771560115e-01 2.594928903516121044e-01 -9.003969770395138517e-02 -4.310080821366437526e-02 1.385885039187904032e-02 -7.073995271960845099e-02 -1.023168130249797053e-02 -1.145620400719246645e-01 -1.683564462192430888e-01 -1.191769654803041673e-01 4.900982485326208817e-03 -1.681838951600510834e-01
-4.016435795617161880e-02 -6.538060096616118977e-02 -1.900202238264621021e-02 -1.621012079311626441e-01 1.628405053244185996e-01 -1.334434711202918573e-02 1.427222206439215935e-01 1.895828869566413555e-01 -6.771340386581406467e-02 -9.246265823927235722e-04 9.260805469535973722e-02 -3.311093667746129593e-02 -7.351373039787706398e-02
9.261311541103854628e-02 1.599337578764238599e-01 1.981569066206482765e-01 4.971548270515070006e-02 -5.003494024269308088e-02 1.885625467894856133e-01 6.180265117615536818e-02 -1.740561756050237052e-01 -1.684226490993054326e-01 1.032403167865865168e-01 -1.733372279386432568e-01 -1.988519949348619975e-01 -3.923792308888382485e-02
7.340118094025153625e-03 -1.773996915226254065e-02 7.390623516471331658e-03 3.329564477357008223e-02 7.148634446874709003e-02 -3.255248637909735621e-02 -4.690719788754856012e-02 1.949893348157428485e-01 -9.939536652849037535e-02 1.138723479630553148e-01 -2.699209905880493171e-02 -5.993553662464194687e-02 -1.706580511950167578e-01
1.374153928972339234e-01 1.013013574185547966e-01 2.758026583479269433e-01 -3.374435284729622453e-02 6.786114839716204938e-02 -1.649527028604608481e-01 -1.437394460273915160e-02 -1.210826325235663387e-01 -2.065879367590782723e-01 2.185954676469100411e-01 -8.597647162004563859e-02 -1.499193810517620851e-01 -1.125254149669051712e-01
