-2.929654433700376592e-01 2.643243449924689847e-01 4.388626728141242772e+00 -2.994587521950478615e-01 -2.840536232627305369e-01 -3.228072075963435705e-01 8.345791644235417417e-01 -2.183550893344901045e-01 -2.105120252856103602e-01 4.916141517274391637e-01 1.562778328509587311e+00 -5.867032344537645994e-01 3.017990540513756925e-01
-9.752408656788688623e-02 2.990606902562290004e-01 4.430862198041241040e-01 -1.087516061387115013e-01 -2.270266283793218876e-01 -1.769492331934317819e-01 1.008883412176813793e-01 -1.519941931133281521e-01 -2.557327584081910965e-01 3.055302990558397824e-01 3.033996054970383160e-01 7.587787756400969641e-02 1.746417283956270550e-01
-1.927987883235424485e-02 -3.758059608387524786e-02 1.184611842750760841e-02 9.837369638187934417e-02 1.378153263273747819e-01 1.016702473581333338e-01 -5.033965310937654758e-02 2.080586614327536721e-01 1.781496755504292928e-02 -7.057922746067597786e-02 8.258537136062056583e-02 1.801181834306938567e-01 -7.527610117838894575e-03
6.603782250651095420e-02 -5.639030625217537201e-02 -6.831015437007342816e-02 7.817070127168371241e-02 -2.017986034841633414e-01 1.174592755311650305e-01 2.440977290918405762e-02 -1.635798464681179343e-01 -1.731810814231211360e-01 7.694433050233549787e-02 1.628733313121294990e-01 -9.336002574345293736e-02 1.999068155881001674e-01
-1.609339455341926850e-01 1.498690239612089914e-01 -1.264966222413603340e-02 -1.710291382264068627e-01 -9.137258216070318073e-02 -2.514809933661824037e-02 1.207348146252485710e-01 1.420953720870914427e-01 -1.582455894163254939e-01 1.568725044128437690e-02 7.529372204168560678e-02 -6.486350551986778956e-02 1.533747604583698132e-01
-8.973022691236844095e-02 -1.858787960752332213e-01 -1.359239655565041005e-01 6.730304693437645647e-02 2.158568816372458815e-02 1.731078981812362028e-01 1.810892821594738411e-01 1.611941751952389035e-01 -1.927054089915115065e-01 1.121520227563283095e-01 8.201938216292212203e-02 6.004087356391900332e-02 8.931146589814896453e-02
1.535250698881016340e-01 7.522786692655913932e-02 4.738501312251523767e-02 8.909790809342549257e-05 -1.217793391970275335e-01 2.124549906620912948e-02 -1.740518537445368830e-01 -1.411359074274912140e-01 -8.915467667129783891e-02 1.512516134936672807e-01 1.219545010665662454e-01 -7.160496289328914521e-02 5.639206254003231722e-02
-1.863358022136174519e-01 -1.268872562546922711e-01 2.594928903516121044e-01 -9.128129801421015765e-02 -4.405634940459724619e-02 1.268898005565707518e-02 -7.073995201987626213e-02 -9.851658848185257389e-03 -1.151365811531939592e-01 -1.683563453518247821e-01 -1.191769654803041673e-01 5.091491070078638277e-03 -1.679146668415083532e-01
-4.034011103585524727e-02 -6.511364422501093874e-02 -1.900202238264621021e-02 -1.628062060345689954e-01 1.622633279252634064e-01 -1.400266626777151371e-02 1.427222210037533134e-01 1.902482666761877439e-01 -6.807209046215771664e-02 -9.245709358724972212e-04 9.260805469535973722e-02 -3.301277000111436932e-02 -7.335921672308212682e-02
9.253818905781402426e-02 1.600468364316944836e-01 1.981569066206482765e-01 4.941373115031397201e-02 -5.027954840419104204e-02 1.882805576894129862e-01 6.180265133249883414e-02 -1.733666510602811517e-01 -1.685742580599947638e-01 1.032403406858265482e-01 -1.733372279386432568e-01 -1.988093570530234111e-01 -3.917194698944659326e-02
7.260828048801463291e-03 -1.763581995748673276e-02 7.390623516471331658e-03 3.295294670242586432e-02 7.125846563617584117e-02 -3.288146552839329995e-02 -4.690719765569498212e-02 1.944417753764143553e-01 -9.952046708330407332e-02 1.138723774759335117e-01 -2.699209905880493171e-02 -5.987261910446445984e-02 -1.705854609622680651e-01
1.366177470486871770e-01 1.025419241916293855e-01 2.758026583479269433e-01 -3.689979975924281841e-02 6.518395145993735595e-02 -1.678839341415830355e-01 -1.437394309239924985e-02 -1.178158268493872257e-01 -2.082809860371095112e-01 2.185957124410262409e-01 -8.597647162004563859e-02 -1.495067469849384323e-01 -1.118292091031472812e-01
