1.765507803839630352e+00 9.264739984015439855e-01
1.605788619242927151e+00 1.330723723871402475e+00
-1.574085903704295575e+00 -2.018032017356015118e+00
1.172064817724461028e+00 2.964795893938019233e-01
1.774511776071986402e+00 -1.533241902133625212e+00
-2.419692078144433656e-01 -6.560649857396962936e-01
1.733263139900921068e+00 1.207929954886632351e-01
1.437648082449240139e+00 6.359559439556163873e-01
1.776741606473435597e+00 2.131541117099369775e-01
2.121587308447513642e+00 -1.113572487644045372e+00
-4.507580598513090120e-01 1.211228277510024154e-01
1.694703132620111852e+00 8.106478824707669117e-02
1.678010307355028541e+00 7.068256760973883335e-01
2.665543447245257158e-01 -2.414303953936592917e-01
-7.424140520048263525e-01 -1.011931918179179268e+00
-9.375698727446677427e-01 2.043112165319736828e+00
3.643287699677736358e-01 1.649436266512939175e+00
1.322896397917386224e+00 1.576414935531400774e+00
-8.288491183184176769e-01 -4.631251823261546274e-01
7.510434207034937248e-01 -5.258256834870029817e-01
-1.641237865708543797e+00 8.466327869567882303e-01
4.185178613089864386e-01 3.388960473802067330e-01
1.058834397875136446e+00 -1.348234925723285960e+00
1.470685787262637767e+00 -2.735117308191750141e-01
9.842665175471354555e-01 5.940978925740447725e-01
6.378819377700590820e-01 1.032450598500770811e+00
-1.861767669439388762e+00 -2.058711967784449537e-01
-1.140402253307404079e+00 -8.381004904421068824e-01
-1.699670852063428494e-01 -7.770095209401508551e-01
-5.900987184050514589e-01 7.306756738997172151e-01
-1.609737690417547995e+00 2.013419505549501221e+00
6.478018328840091655e-01 -1.874370782687803105e+00
4.458252985228432497e-01 -1.483453684191549771e+00
