2.323577702783462540e-01 2.543347852924068841e-01
-1.560515553615437367e+00 1.858423514273424670e+00
1.793480360627904169e+00 -1.324369180169388427e+00
3.595074120319271538e-01 8.141655980132639359e-01
1.030725064718852613e+00 -1.164649798826664223e-01
1.188194216817799465e+00 -8.018923227548548915e-01
-3.069045659433756734e-01 -1.030507557435616228e-01
1.461152441318832040e-01 -1.289529196196027128e+00
6.091643648620100882e-01 -1.037469157926498076e+00
-6.758128529393897521e-01 1.752746141095287813e+00
2.038100111852832796e+00 1.369282046172558553e+00
-2.328114483683325187e+00 -1.472822115231796625e+00
-4.986513040603314795e-01 1.196868826107953643e+00
