-2.202014995225841099e-01 -1.123305225728081336e+00
-9.763438693059173223e-01 2.770238917314669647e-01
-1.897435508623778189e-01 -1.723987419581102520e-01
9.454992199628320382e-01 1.335450413376225720e+00
-1.877122876800467813e-02 -5.095151907578384654e-01
-1.658507168328396397e-01 1.365088115333990215e+00
1.303233229154860284e+00 1.048983004294869570e+00
-1.252465315847817617e+00 1.768076936319556314e+00
5.292468567458751272e-01 -1.780481407349571610e+00
9.029125248385148073e-01 2.156671680164925942e+00
