2.376424405749614777e-01 2.545377533841254314e-01
-1.567188598222195584e+00 1.858220546181320376e+00
1.786730938238962008e+00 -1.324572148261711213e+00
3.650471560885759081e-01 8.143685661046630164e-01
1.037251894816265674e+00 -1.162620117911238038e-01
1.194735957571365192e+00 -8.016893546633947487e-01
-3.136539869872920772e-01 -1.032537238352678882e-01
1.363487212307505914e-01 -1.289326228764707594e+00
6.156090545962270566e-01 -1.037266189837032115e+00
-6.825622283145666991e-01 1.752543173002965027e+00
2.031350689463888415e+00 1.369079078080235767e+00
-2.321380763322255625e+00 -1.472619147139473839e+00
-5.052050473789518881e-01 1.196665858015651285e+00
