-2.887605969161256003e-01 2.581132304213278328e-01 4.388626728141242772e+00 -2.889352545974174791e-01 -2.739139976882353777e-01 -3.127014612892138889e-01 8.345791565013483959e-01 -1.635321211034496125e-01 -2.025678753364541229e-01 4.916127541672367651e-01 1.562778328509587311e+00 -5.889608290586895167e-01 2.981014529332060570e-01
-9.496781436346522776e-02 2.956631681926709665e-01 4.430862198041241040e-01 -1.018932314165060110e-01 -2.214032943431290812e-01 -1.702095200699732802e-01 1.008883343296937546e-01 -1.650859828952122854e-01 -2.516866669252251221e-01 3.055293221172409868e-01 3.033996054970383160e-01 7.392851160550549527e-02 1.723203600824196324e-01
-1.871001876033557762e-02 -3.847034309445199890e-02 1.184611842750760841e-02 9.974178447453707630e-02 1.392583866474382537e-01 1.029651781528859306e-01 -5.033965392201900091e-02 1.908066532188459341e-01 1.898826404400601187e-02 -7.057940093813203086e-02 8.258537136062056583e-02 1.798848956890789497e-01 -8.019652688129156465e-03
6.620536363195625440e-02 -5.659598013782461690e-02 -6.831015437007342816e-02 7.864078996469846261e-02 -2.014543958167846760e-01 1.179275292466529373e-01 2.440977236517818949e-02 -1.624962839974120332e-01 -1.729506245099171058e-01 7.694426080897923126e-02 1.628733313121294990e-01 -9.351356121634345209e-02 1.997514317189096611e-01
-1.608509378425097835e-01 1.497737693413943305e-01 -1.264966222413603340e-02 -1.707880568531726373e-01 -9.121153836892023636e-02 -2.490550557651051780e-02 1.207348143190248857e-01 1.438649220678238083e-01 -1.581451737522125423e-01 1.568721364968950899e-02 7.529372204168560678e-02 -6.494979307080629705e-02 1.532964561892321831e-01
-8.963484913510413876e-02 -1.860089126369167956e-01 -1.359239655565041005e-01 6.755495135816545760e-02 2.180032830718226997e-02 1.733542723192148804e-01 1.810892819204317772e-01 1.627943058944200660e-01 -1.925477828562071614e-01 1.121519873924259753e-01 8.201938216292212203e-02 5.997313974096366712e-02 8.922545796934859552e-02
1.537811415727979580e-01 7.486527178959836992e-02 4.738501312251523767e-02 7.491301840046156674e-04 -1.211841578510327172e-01 2.188583258147878963e-02 -1.740518543131759077e-01 -1.428674894059160094e-01 -8.870384439683451361e-02 1.512515230616149897e-01 1.219545010665662454e-01 -7.176644750320618216e-02 5.616378133607649592e-02
-1.862253102469522970e-01 -1.270338722913930962e-01 2.594928903516121044e-01 -9.098453545792152541e-02 -4.381361281797563345e-02 1.298073171433561206e-02 -7.073995231902871494e-02 -1.001498027067733616e-02 -1.149622711538266229e-01 -1.683563876723625785e-01 -1.191769654803041673e-01 5.006834259848979944e-03 -1.680150666710238383e-01
-4.027598098697524054e-02 -6.520234173732940286e-02 -1.900202238264621021e-02 -1.626383654419677749e-01 1.624093652469714988e-01 -1.383903234893929871e-02 1.427222208499199785e-01 1.896664340168825180e-01 -6.796349112979425955e-02 -9.245942813147190690e-04 9.260805469535973722e-02 -3.305639294591947164e-02 -7.341678447982026567e-02
9.256553847788541456e-02 1.600092591327413050e-01 1.981569066206482765e-01 4.948558332997003012e-02 -5.021763497912107299e-02 1.883506739267586938e-01 6.180265126565889777e-02 -1.740158782917347047e-01 -1.685283702878627721e-01 1.032403306592162284e-01 -1.733372279386432568e-01 -1.988283042931628664e-01 -3.919653146020127266e-02
7.289881026450882075e-03 -1.767063787713534645e-02 7.390623516471331658e-03 3.303553146132820473e-02 7.131695048037108020e-02 -3.279886600818802261e-02 -4.690719775482080078e-02 1.950924124924889036e-01 -9.948229663745924989e-02 1.138723650913193719e-01 -2.699209905880493171e-02 -5.990057756399919109e-02 -1.706125858112683136e-01
1.369085608376744700e-01 1.021301199735269311e-01 2.758026583479269433e-01 -3.615024219866901090e-02 6.585989724539632884e-02 -1.671567615736665458e-01 -1.437394373808606983e-02 -1.208314858892139687e-01 -2.077689077852008515e-01 2.185956097477001758e-01 -8.597647162004563859e-02 -1.496901128315335783e-01 -1.120884553011562007e-01
