1.517652142578756191e-01 2.899599458919538408e-01
-1.500817267625114360e+00 1.822798353703088958e+00
1.852320073048226989e+00 -1.359994340760635412e+00
2.905318615489493328e-01 8.497907586078814468e-01
9.699894343559221088e-01 -8.083981930203452959e-02
1.127616206836469903e+00 -7.662671621643251108e-01
-2.480648222128727376e-01 -1.386759163340336998e-01
2.233753946325142681e-01 -1.307745876802169471e+00
5.472930671010526327e-01 -1.001843997568259370e+00
-6.169720390655912823e-01 1.717120980504039496e+00
2.096939824273119868e+00 1.333656885581311569e+00
-2.388338572249619318e+00 -1.437196954640285407e+00
-4.370542990300955166e-01 1.161243665517036172e+00
