-1.250681001207285536e-01 -1.505290152203065113e-01 -4.911293362109759864e-01 -4.323596049779826478e-01 -1.026947439203720197e-01 4.744130537272289172e-01 -6.257296896137156672e-01 -1.718012515430300882e-02 1.424358096408988583e-01 -9.698995022615314321e-02 -1.350239094045267707e-01
-6.480825562834660047e-01 7.227166576521326657e-01 1.351712814737340507e+00 1.679507071864697054e-01 4.519703040032383434e-01 2.566910409935713178e-01 2.045005390764524922e+00 2.067669215196767454e-02 -7.715233530698889508e-03 3.563334768377492967e-01 -3.421867991072604087e-01
-7.799620233721114848e-02 1.461881268041151372e-01 2.372201810921105436e-01 1.914145726878091133e-02 6.086504852569281365e-02 -6.549301544847596634e-02 5.034015041143800051e-01 -3.669390558726823293e-02 -8.957528008151112789e-03 1.541917005854205325e-01 -1.814977310466313887e-01
-2.111326686331229663e-01 3.138964021905080726e-01 1.581923029143233461e-01 9.117529428121977364e-02 -1.483201189640115103e-01 1.011898038797303112e-01 3.714806375291452856e-01 -2.267407630649522499e-01 -1.566516244652144674e-01 -2.087879464154979853e-02 9.712837726440094743e-02
-5.029135247235698436e-02 -7.076564626956421966e-02 -8.124711440885057367e-02 2.011104604339596647e-01 4.109111180405353170e-02 8.343228968566068771e-02 8.579025582738197819e-02 -7.165418915729437899e-02 -5.662557181809848433e-02 5.342751510256217584e-02 -2.055160454922263236e-01
2.644791767152557607e-02 -1.846552408970014991e-01 -3.717852978218288973e-01 7.848659809593336312e-02 -1.248506845564692630e-01 1.339269435831206834e-01 -3.302648669809585824e-01 -7.356568950571494570e-02 -5.015147017172744831e-02 -2.350994099705875848e-02 2.825089544262989957e-02
3.250617813019122671e-01 -4.429561414651952411e-01 -5.231989452617767933e-01 -2.127120635506214996e-01 -2.313868604388115424e-01 1.422152138375343822e-01 -7.703083026130822519e-01 5.599992674601448478e-02 1.843651141743123945e-01 3.007859615427918923e-02 1.161237767660897868e-01
1.244544422727194947e-02 -1.385579752919058882e-01 -1.059194783339626744e-01 -1.170252883244336101e-02 1.146912460686666524e-01 3.449922386626007309e-02 -2.035349992469565050e-01 1.242761167300420189e-01 -7.403965862121481001e-02 9.182577127859560540e-02 2.406317240199006280e-01
2.044484202594322453e-01 -1.750145286276676981e-01 -5.265449793905564446e-01 -2.332534755437626894e-01 4.280250757709994774e-03 -3.887365580355495176e-02 -5.678147033498366358e-01 5.301879727300738698e-02 -7.315533467490976938e-02 -2.606882762097998962e-01 1.702634196460399152e-01
1.418958883812385940e-01 2.261588049812856410e-02 -3.148098280139134675e-02 -2.679697895786489203e-01 1.167861996524041934e-01 5.368170830124323611e-01 -3.134544800845965873e-01 -1.770038626892610212e-01 -7.247644492566354679e-02 2.159746567533647743e-01 6.763370158275208710e-02
