1.641023948057895865e-01 2.542135169278585405e-01
-1.491305848792624289e+00 1.858544782638189563e+00
1.862745836366099139e+00 -1.324247911804453892e+00
2.912196518194963835e-01 8.140443296484619617e-01
9.616388377739056859e-01 -1.165862482471682754e-01
1.119095290410603294e+00 -8.020135911197023848e-01
-2.376390910620698738e-01 -1.029294873789153297e-01
8.533239461961197869e-02 -1.289650464301076216e+00
5.401308891311056293e-01 -1.037590426289168644e+00
-6.065474074815946359e-01 1.752867409460222348e+00
2.107365587591061740e+00 1.369403314537493088e+00
-2.397370290437876861e+00 -1.472943383596731159e+00
-4.295205626550983591e-01 1.196990094472875299e+00
