-1.037525873792633835e+00 1.097150633672700160e+00
4.003459858962049589e-01 1.709799298817305413e+00
6.301160623821245865e-01 -4.618097464716849898e-02
6.031773683806894715e-01 -4.831267487593595561e-02
-1.135644991671814208e-01 -1.527692636514742242e-02
2.165633080211121914e-02 3.532967183845393128e-02
4.916316769123310615e-03 3.148747294317539441e-02
5.534708583543846983e-01 -1.191955392004895975e+00
-1.378537850165566292e+00 1.881051897955337671e+00
-1.135902045813910743e-01 1.300499194814429549e+00
-3.256709951946260007e-02 3.253411758341106380e-02
-1.664488197975344660e-03 3.235712796140041009e-02
-2.217786732341437972e-01 1.715604707480032284e-02
6.793528132494465188e-01 1.131191344628535989e+00
-7.157883683843574429e-02 1.740994853820391694e-02
