-9.179328556545744977e-01 1.015160129436869091e-01
5.869509700177347744e-01 -7.844478369536430629e-01
1.251240900713683324e+00 -1.213904772152420097e+00
-9.428491418735835961e-01 -1.880606173804137082e+00
5.168637702451780447e-01 6.484754698883184176e-02
1.248008485127140021e+00 1.563038190499303592e+00
1.742206162794299740e+00 -2.194465607217238379e+00
4.659374210465805910e-01 8.167015725611505017e-01
2.940933526667859899e-01 7.473459898712413452e-01
8.852805013704996284e-01 5.011482874062261894e-01
-3.681281152834951498e-01 1.897231144973168804e-01
