9.470915857966895057e-01 -5.208838390022972886e-01
-9.437903248304411186e-01 2.461429303810226954e-01
-1.577585964292793408e+00 1.461795422798741528e+00
6.275562660568299034e-01 1.847482818509801783e+00
2.355472758442909154e-01 -2.812934758213581632e-01
-5.040513668292182503e-01 8.994819593246868028e-02
1.197775847995909748e+00 1.505758091293961209e+00
2.035564082690954207e-02 1.166674131929415825e+00
7.485695886651498876e-01 -1.977429602396278074e+00
1.122333505415956667e+00 1.589851510820929459e+00
