1.019246524129977516e-01 2.539721213059426552e-01
-1.427118826449913724e+00 1.858786178260058986e+00
1.927058019229159980e+00 -1.324006516182129722e+00
2.296539716859840319e-01 8.138029340264160139e-01
8.978118111293675874e-01 -1.168276438686270124e-01
1.055239224704461520e+00 -8.022549867419581648e-01
-1.733269098577845946e-01 -1.026880917569175239e-01
3.685165322259741777e-02 -1.289891859420843723e+00
4.763749332752512666e-01 -1.037831821904720453e+00
-5.422352831268347773e-01 1.753108805082546517e+00
2.171677770454135903e+00 1.369644710159817258e+00
-2.461664451630555028e+00 -1.473184779219055329e+00
-3.654894342533464568e-01 1.197231490095173712e+00
