-1.436159874503235238e-03 2.824762718079515400e-01
-1.332794190737300433e+00 1.830282027786559462e+00
2.020888661475042092e+00 -1.352510666675685203e+00
1.277946310676959518e-01 8.423070845233958659e-01
8.025092359900113381e-01 -8.832349338622837165e-02
9.600394437613709586e-01 -7.737508362489873281e-01
-7.949625835262433271e-02 -1.311922422493002338e-01
7.432968930962532972e-02 -1.315229550690463212e+00
3.805709216016161522e-01 -1.009327671639533852e+00
-4.484043153246187186e-01 1.724604654588989705e+00
2.265508412699951180e+00 1.341140559666261778e+00
-2.555609291375468217e+00 -1.444680628725237392e+00
-2.703763224340661186e-01 1.168727339601763449e+00
