-1.814594640124030045e+00 -8.053450796340811957e-01
4.409569363744670345e-01 -1.832957028257692800e+00
4.292916091991028638e-01 -1.866444184202877610e+00
-1.558116165750738080e-01 1.594929382321536027e+00
-1.904012376085293390e+00 1.196782164863220144e-01
-1.678678646862175494e+00 1.476519290704125131e+00
6.475468270592643627e-01 9.801786538315095942e-01
2.571050089847345399e-01 -1.962691588066043602e+00
-1.809167914343563943e+00 4.719598070736901185e-01
1.702039496331506641e+00 1.450040895585070766e+00
1.062896911451423509e+00 9.509704048039242519e-01
-1.236628332013250287e+00 9.638848636177068663e-01
-5.868161656766700540e-01 -1.535789929102027385e+00
-2.119373521477646016e-01 -6.915812155003319139e-01
-1.382354263541474948e+00 -3.256311891356587496e-01
1.767209453063814273e+00 -2.163483157182704841e-01
7.760313641793523121e-02 8.771660323690966266e-01
4.141487956788420660e-02 -1.443631494723393915e+00
