-3.977722478465454681e-01 2.536146350497050506e-01 2.679503165180316393e-01 -1.772498571486585961e+00 4.673819436392963600e-01 4.676591790346113497e-01 7.440971854705901167e-01 -2.092610884625312639e+00 1.633988555618079541e+00 -1.443619162001262834e+00 -2.003676896171482369e+00 -7.488870250704383613e-01 -6.842743880850288285e-01 -1.839738390680816793e-01 4.740638851582157920e-01 5.178009967757503107e-01 -8.246505614482605440e-01
-2.038945224124447120e-01 -1.267861105322245358e-02 1.886632108555437726e-01 -2.905639103462237527e-01 3.713708235017085246e-01 2.630924943544100669e-01 4.742781510692647418e-01 -8.700830772729192253e-01 5.606925961216870924e-01 -9.266998761612361690e-01 -1.320312249420829698e+00 -1.991333392509802291e-01 -2.511567895040404674e-01 -3.401341594212505814e-01 8.210724692595255947e-02 1.540055151414130019e-01 -3.838588680916461549e-01
-1.302542502451714546e-01 2.398079199527759775e-01 2.032167670564326012e-01 -2.465363504522421201e-01 1.571344103491382344e-02 6.544933696985374971e-02 1.655330455993449246e-01 -1.508114087428898131e-01 2.499687324778846198e-01 -9.969899158117320748e-02 -4.090719717637972958e-02 -9.932452277402060992e-02 5.462959019765947777e-02 -1.613771742981672808e-01 9.944889776157278538e-02 7.981424831096059144e-03 -2.717857805017540596e-01
1.834601211284776490e-01 1.684602517078765405e-01 1.303688139206481689e-01 -2.117450951586627717e-01 -1.276447574982218502e-01 -9.108889467873251822e-02 1.257455601380972621e-01 5.642773091942882013e-02 9.343363075156424502e-02 6.306604414624797372e-02 8.885031191053714694e-02 -1.965355303090775829e-01 -1.791581261825177795e-01 1.374148992905170619e-01 -1.735646049738197860e-01 -8.827623162844461246e-02 -2.224762787462087887e-01
-1.964269111787991240e-01 1.447488759414661541e-01 -7.064898218600776381e-02 -1.434217269567332753e-01 -1.342133859148441355e-01 7.098974588381271045e-02 1.991004258667153637e-01 -4.010579212780019526e-02 1.942191138300381203e-01 -2.243344241637790573e-02 -3.325587927384668265e-03 6.251256997140502980e-02 1.167434373096595812e-01 9.846881484207425927e-02 2.034609097072185568e-01 1.020182199973042464e-01 1.552568200890028505e-01
-1.177635652840674091e-01 1.991705992557569679e-02 3.948027638262071454e-02 1.209677027929453308e-01 -8.644854285090302487e-04 1.186893687964866162e-01 -3.977442212279811568e-02 3.078251528024287045e-02 1.400709834565830314e-01 1.096199542809494221e-01 4.930459493006096594e-02 -2.099549682012059326e-01 -1.292628072046583254e-01 -2.909237624414683435e-03 -9.173028258878293539e-02 -1.639830809725563443e-01 1.265652117329653936e-01
1.774523851848154032e-01 -7.683265127585682530e-02 -3.624140053270685780e-02 1.184057420096727153e-01 -1.721892815793101550e-01 5.693377140103116074e-02 -1.472820361546439971e-01 -1.062400686173035763e-01 1.475253541421794323e-01 -1.813648870230185339e-01 -1.906486958935556530e-01 -3.818003020261696162e-02 -7.902564072500005074e-03 1.433293868579146035e-01 8.885216783738908441e-02 7.517256680205484931e-02 -1.495183956100766820e-01
1.912251377832689114e-01 -3.248888434853630658e-02 4.361284185154500753e-02 -4.891223704639404563e-02 -1.781941186134214650e-01 -3.704346566074925070e-03 -1.293259908130719449e-01 -1.995807387210442319e-01 5.866268428582517569e-02 3.165022571484801123e-02 -1.864474392812414116e-01 1.452037025034939519e-02 -6.453952747446112248e-02 -4.939658659829658516e-02 1.136797016769556662e-01 -4.542146060170175643e-03 1.523001387862919775e-01
4.148776783221490988e-02 -8.133104031116151697e-03 5.340150724274497773e-02 -7.769932320024891537e-02 -1.435915272640539420e-01 7.983778593864990225e-02 5.830401218932212970e-02 9.904822641704555397e-02 -1.366543009002830211e-01 1.456708797237479536e-01 9.298943506274987003e-02 1.587999735693415571e-01 1.461020496265457436e-01 6.735731204416223195e-02 1.305690237203465665e-01 1.110764745477097956e-02 1.068711284284569185e-01
-1.475145072683806402e-01 1.813970955470672330e-01 -2.590556429864254370e-02 -4.571500906645958179e-02 6.294820658190963814e-02 1.864967182747878927e-01 -7.214907830285414991e-02 -3.707404680830210797e-01 3.115416123135149595e-01 -2.016351419139448264e-01 -1.150155547412209656e-01 9.795980806785616057e-02 1.146279370383305844e-02 -2.689499515393310031e-02 -2.965954781952118494e-02 -1.290869721754607791e-01 5.678723762193237795e-02
1.533625201008345096e-01 1.208162843352319354e-01 7.709296813323186781e-02 -5.142390934825786381e-02 -6.829128544049786753e-02 -1.458977476817616969e-01 -1.829808929724945424e-02 1.707715884649283963e-02 1.751504363305869671e-01 1.515852063452290677e-01 -6.565159921165494850e-02 -1.668007372096622087e-01 1.057097175820058133e-01 8.895104366896097736e-02 -1.765155478548306178e-01 -2.106951204367079125e-02 7.263870989408777179e-02
-1.893881493235507474e-01 1.738859742464836100e-01 1.833459028202123475e-01 7.896400278513979187e-02 -1.621127384054951992e-01 -1.660401842977374531e-01 -4.906891063176430784e-02 -2.011977088216416742e-01 -5.140568810465410976e-02 -2.105360735923301474e-01 1.693319279374260466e-01 1.247544359037640188e-01 -1.717595322160562488e-01 1.528554852879681902e-01 -1.091080615421786415e-01 -1.197107945670668749e-01 7.121876697286397273e-02
1.727092295538757705e-01 -1.485117202760385391e-01 -1.971998951627130514e-01 -5.537573049550199161e-02 -1.876040090756557477e-01 4.732103960285007765e-02 1.509485414328248509e-01 -1.405897976234613822e-01 -1.419580934944924266e-01 -7.682920079266297719e-02 1.631486828171478387e-01 -1.532915292525156570e-01 1.804848469114372356e-01 -5.774130907291168818e-02 -8.583466698258624197e-03 -8.122694419836738733e-02 1.709261626701205905e-01
1.815356439188818838e-01 5.696433148729074941e-02 -1.267151670299141997e-01 1.929383188119061787e-01 -1.563517964285214001e-01 3.609806898911178258e-02 -1.323408319514270126e-01 1.502057623331594094e-01 1.857097304153734196e-01 1.115237288345984762e-01 -8.801588874194966883e-02 -1.066719483226770820e-01 1.010245045600635938e-01 -8.575982439427570769e-02 -2.890832502401199933e-02 -1.802180343892909042e-01 -1.499844510564994071e-01
-1.912659040125812004e-01 -1.661034008120134409e-01 -1.718386074888542114e-01 -3.375891442680839516e-02 2.248985610085096551e-02 9.687986642300211448e-02 -1.419209743301805271e-01 -4.502833244645106786e-02 6.445475325223956609e-02 -1.685103874266177526e-01 -2.535191531383964095e-02 -5.486109720643307652e-02 1.777914778641381532e-01 -1.786452448181992114e-01 -3.380013831856844980e-02 -3.057231157810216815e-02 8.677147666355795874e-02
-7.994040016973692764e-02 -9.408342698525784531e-02 -8.373082770936927932e-02 -6.534093384827496798e-02 2.088076182347831100e-01 1.432289875547544389e-01 -5.523171068433942871e-02 -3.248016171020128712e-02 1.152313499266585245e-01 5.006817706023827808e-02 -1.173206512685771169e-01 -6.805853570744048453e-02 9.097361596698370911e-02 -4.697685504185144384e-02 -7.041764701416337868e-02 -7.285172437280476067e-03 1.506949625487186140e-01
