-3.269717420853264778e-01 -1.168515829174140208e+00
-1.082588577926305362e+00 2.271345731802484891e-01
-8.603415953109855296e-02 -1.009362440025157875e-01
8.387337866428309363e-01 1.290195580216424220e+00
8.738605556444667410e-02 -4.587363511176920650e-01
-5.908047427012218245e-02 1.410298718780033989e+00
1.196598658757511480e+00 1.002532989420477305e+00
-1.359064176875931063e+00 1.721334269390665694e+00
4.224766141830983979e-01 -1.825692010795615383e+00
1.009682763418372042e+00 2.201882320296397300e+00
