-1.574685121576462066e-01 -1.333930081497080922e+00 5.527208590293570367e+00 -1.226714401907604418e-01 -1.633844265182402833e-01 1.420582579711778259e-01 -3.157125530447918438e-01 1.639857208577576442e-01 5.515480751086985212e-01 -7.860638877178962591e-01 2.675959537752220507e-01 4.299775987120859622e-01 -1.196910533748283934e+00
-4.374249842095562224e-01 -2.645319929509693524e-01 2.045023511659763926e+00 -3.061602175125291425e-01 9.055449705147358697e-02 5.864815813803054834e-01 2.331903810809617394e-01 4.582043358311088666e-01 1.475829353682794332e-01 -2.032038482899732046e-01 5.701032723054937079e-02 2.043009423098921251e-01 -1.846807994975261102e-01
1.466794947201788789e-02 -9.913863354777240067e-02 1.693582681913995414e-01 1.418820711200168283e-01 9.264395496231310478e-02 5.571191265061293391e-02 -1.763470883639606246e-01 1.209018841645982251e-01 6.294467535351615239e-02 -1.804004078643612063e-01 9.238140275981435168e-02 2.014374114731825594e-01 -6.449917072589123057e-02
5.969284314177846634e-02 -8.145313690465226519e-02 2.245652526183611331e-03 7.823560571274751352e-02 -2.004875386535491799e-01 1.372000195604981543e-01 8.871664344306619265e-03 -1.587785990365521149e-01 -1.488865324325927275e-01 5.509095509727173628e-02 1.514621515117689221e-01 -8.634315694884685255e-02 1.804886129747448331e-01
-1.721412973727758366e-01 1.260299852092625905e-01 4.518053183113274196e-02 -1.789175553194160551e-01 -9.389115768108978466e-02 -1.500661864215248331e-02 1.220151323050365916e-01 1.464135970078911386e-01 -1.405261266122241615e-01 -5.665761339689585983e-04 6.164398277770267998e-02 -5.651260188111223437e-02 1.338384096403250623e-01
-8.084850148791093705e-02 -2.102661657223389435e-01 -1.569977826128907406e-01 7.845235099524783262e-02 1.103587143837076942e-02 1.527295443681304932e-01 1.665537545272634812e-01 1.406435104932419466e-01 -1.766813199075729646e-01 8.957912341636911635e-02 8.155051502863004675e-02 6.815859371592358773e-02 7.124625058024179614e-02
1.574790646540641104e-01 2.496828330571340335e-02 1.788527899231129661e-02 9.085780497634745809e-03 -1.048448643583561046e-01 3.693500580908350150e-02 -1.887203967224165002e-01 -1.336362490511943668e-01 -5.505522436316933471e-02 9.812809698021632276e-02 9.048823301123472274e-02 -5.434853349731888494e-02 2.315194619703565479e-02
-1.907212259886736649e-01 -1.537114308606462032e-01 2.786417175992351170e-01 -8.977909387051088985e-02 -3.537704780738257920e-02 3.229647800573418742e-02 -8.242731035285333352e-02 7.440482288335960358e-04 -9.668310340056518459e-02 -1.917165077811313345e-01 -1.254562800689927038e-01 1.520547949696273750e-02 -1.891495264080474137e-01
-4.478996855322824738e-02 -7.616534354489701286e-02 -4.148945335649138061e-03 -1.667106483951253937e-01 1.773440095872741429e-01 5.081675781370121291e-03 1.447798679643260977e-01 2.060362693001958900e-01 -5.963828874738739266e-02 -1.269562622740726468e-02 8.126851234509670230e-02 -2.699455848337801653e-02 -8.594573385410085586e-02
9.760161152506177662e-02 1.499376202384444801e-01 1.884682708899173831e-01 5.501312575145873157e-02 -5.658294976647738894e-02 1.800410968907493470e-01 4.749454024944021330e-02 -1.844737593600025150e-01 -1.631984184226263901e-01 9.548567425936006769e-02 -1.747428903734555283e-01 -1.942881497927863577e-01 -4.893165143377831150e-02
7.639759152912357562e-03 -2.263158187176148722e-02 1.923132582971615392e-02 3.488957217452764992e-02 7.143272360560845580e-02 -2.971553628616659462e-02 -5.647191874602967843e-02 1.947822262761834955e-01 -9.475365828214930841e-02 1.096528486959052889e-01 -2.693642748340531468e-02 -5.609893582449761162e-02 -1.769868286340832153e-01
1.249434081595701684e-01 2.135899410519199321e-02 3.594032522626104953e-01 -4.051141298038822558e-02 1.070028741882764756e-01 -1.124236747854983065e-01 -2.113991393342004241e-02 -7.597927251010772043e-02 -1.606134180463066330e-01 1.452347068912367978e-01 -1.065909446779769593e-01 -1.223225100190780817e-01 -1.717661758573649777e-01
