-2.845351765200074268e-01 2.512147027955152767e-01 4.388626728141242772e+00 -2.739693189374161619e-01 -2.599397495366907451e-01 -2.986432011729864278e-01 8.345791499553524284e-01 -1.697582809586601071e-01 -1.929745567564298270e-01 4.916115700921376841e-01 1.562778328509587311e+00 -5.907222986724316449e-01 2.944675876705166173e-01
-9.240696154127106543e-02 2.919095911716487746e-01 4.430862198041241040e-01 -9.222967551544611342e-02 -2.137240510394430304e-01 -1.609141354795939893e-01 1.008883286387538963e-01 -1.711384177172464160e-01 -2.468286022614925856e-01 3.055284951757580303e-01 3.033996054970383160e-01 7.240757848557674570e-02 1.700472201745249212e-01
-1.813593987312931907e-02 -3.946100825758669384e-02 1.184611842750760841e-02 1.016988582920907436e-01 1.412558773857968408e-01 1.047766505013158489e-01 -5.033965459355776995e-02 1.903139307300598382e-01 2.040764924076388445e-02 -7.057954801274431145e-02 8.258537136062056583e-02 1.797028692429046837e-01 -8.504285701293662347e-03
6.637275267890677122e-02 -5.682221658656532587e-02 -6.831015437007342816e-02 7.929935812686583763e-02 -2.009877909894957071e-01 1.185700717107615876e-01 2.440977191572975963e-02 -1.630026409505750951e-01 -1.726753237320613754e-01 7.694420184602139556e-02 1.628733313121294990e-01 -9.363335117393375984e-02 1.995996417965954506e-01
-1.607681034253583829e-01 1.496694006053005122e-01 -1.264966222413603340e-02 -1.704516943469423784e-01 -9.099466904111794263e-02 -2.457382722604357222e-02 1.207348140660325919e-01 1.435710451250352959e-01 -1.580257682239085137e-01 1.568718253350886299e-02 7.529372204168560678e-02 -6.501711506360637050e-02 1.532200943068339760e-01
-8.953915534268439003e-02 -1.861528609327131045e-01 -1.359239655565041005e-01 6.791066041420748545e-02 2.209411128937362537e-02 1.736947096320135553e-01 1.810892817229290408e-01 1.625934355969784750e-01 -1.923582565619636198e-01 1.121519574523693191e-01 8.201938216292212203e-02 5.992029221541891187e-02 8.914115937090698327e-02
1.540382433030357823e-01 7.446338593743992429e-02 4.738501312251523767e-02 1.684087060049601920e-03 -1.203668673518716870e-01 2.277326374557150923e-02 -1.740518547830125773e-01 -1.433281620237642218e-01 -8.816074846265883891e-02 1.512514464752338916e-01 1.219545010665662454e-01 -7.189244275228372227e-02 5.593976657610436748e-02
-1.861145981747807376e-01 -1.271958387324348128e-01 2.594928903516121044e-01 -9.056643431246007292e-02 -4.348218588893502240e-02 1.338306532110929495e-02 -7.073995256619175498e-02 -1.027599862095492436e-02 -1.147530055491633866e-01 -1.683564234946682558e-01 -1.191769654803041673e-01 4.940783389856705753e-03 -1.681133781356684564e-01
-4.021165923620783483e-02 -6.530053428931520410e-02 -1.900202238264621021e-02 -1.624011101165884485e-01 1.626094966979369505e-01 -1.361268096520419808e-02 1.427222207228165951e-01 1.895362902069696320e-01 -6.783282251066945212e-02 -9.246140484424068048e-04 9.260805469535973722e-02 -3.309042869586253932e-02 -7.347322931756920805e-02
9.259294031695101956e-02 1.599676731831807530e-01 1.981569066206482765e-01 4.958708641513673993e-02 -5.013283171739108673e-02 1.884476178479435049e-01 6.180265121043417020e-02 -1.740743923960488548e-01 -1.684731675927871042e-01 1.032403221698980911e-01 -1.733372279386432568e-01 -1.988430873939461274e-01 -3.922062884156626850e-02
7.318916547541110505e-03 -1.770888569936820978e-02 7.390623516471331658e-03 3.315106396609986822e-02 7.139604714896154170e-02 -3.268567761867756383e-02 -4.690719783671655485e-02 1.950002638929757004e-01 -9.943675647694893982e-02 1.138723546148938115e-01 -2.699209905880493171e-02 -5.992239098898358846e-02 -1.706390686830206727e-01
1.372005403135786450e-01 1.016736906938908030e-01 2.758026583479269433e-01 -3.508846486160680650e-02 6.678809871150595545e-02 -1.661489763465994474e-01 -1.437394427158401010e-02 -1.213550390229990728e-01 -2.071520156326369377e-01 2.185955227772908571e-01 -8.597647162004563859e-02 -1.498331804936733902e-01 -1.123428562856286506e-01
