-3.775714583105121980e-01 -1.174146615024975526e+00
-1.133663610028801561e+00 2.257409385567458460e-01
-3.309146659403915808e-02 -1.156514885002559861e-01
7.881294846997116688e-01 1.284606972581511242e+00
1.385122597563301083e-01 -4.578939933706230869e-01
-8.480758044913046939e-03 1.415929504630887736e+00
1.145872745721174146e+00 9.980553373010223606e-01
-1.409810741601546624e+00 1.717019613163791592e+00
3.718768979579438194e-01 -1.831322796646469131e+00
1.060282483444932033e+00 2.207513071130327909e+00
