1.770715326886337371e-01 2.542538972396913288e-01
-1.504584399793102767e+00 1.858504402326271565e+00
1.849449295255062742e+00 -1.324288292116435839e+00
3.041845405300124261e-01 8.140847099603921722e-01
9.748756490757536364e-01 -1.165458679353488236e-01
1.132335596890735596e+00 -8.019732108077544108e-01
-2.509356318970638045e-01 -1.029698676907885441e-01
9.604416028022118301e-02 -1.289610084072778884e+00
5.533519624004586968e-01 -1.037550045978007374e+00
-6.198439389719794246e-01 1.752827029148240401e+00
2.094069046480016016e+00 1.369362934225511141e+00
-2.384076834382356846e+00 -1.472903003284749213e+00
-4.427738369328726997e-01 1.196949714160898681e+00
