-1.917858338901971826e-01 -1.714482945642520906e-01 1.871673764504931670e-01 -1.823813265581269993e-01 -4.759709567064164537e-02 -5.264077177202672320e-02 2.741675869785761832e-02 -3.033078749091555268e-02 8.594901561698720105e-02 1.392316416319046846e-01 7.619786781598469894e-02 4.379316551473125263e-02 7.200688567998012046e-02 2.033803046994068497e-01 -2.868721719423339978e-01 3.748112178995548216e-02 2.167112559171394670e-01
-2.131867259680008675e-01 -9.609322394403237155e-02 4.235321645119740075e-01 1.759855925089467976e-01 -1.379317255007921350e-01 1.118473845836292224e-01 2.826237211851759246e-01 -3.414860580931065176e-02 2.205693898923439811e-01 -2.888245151640063124e-01 -6.295869214645462009e-01 -2.347079808410580115e-01 -4.518011341860248553e-01 -1.190675618645390399e-01 -4.553826571812192303e-01 -2.900447084334490389e-01 4.405299351755305182e-01
-2.251338263637319703e-01 2.427203684153958485e-01 3.668315623426001149e-01 -9.674830495554020970e-02 -1.721534210760180816e-01 1.285781143124829495e-01 2.830944362559909000e-01 6.897272118397015928e-02 2.926872079717939834e-01 -1.767096309409246502e-01 -2.659602028522840556e-01 -2.415715625179921944e-01 -8.836202713411762943e-02 -1.108885721210370462e-01 -1.315594961396777673e-01 -2.323390890883569038e-01 1.777531260819383008e-01
7.459061974895013492e-02 2.180267410526257055e-01 2.735804365283875939e-01 -1.346259896212634866e-01 -3.213837553242804845e-01 -2.353207900823373055e-02 2.596372208521149916e-01 2.248392806604068150e-01 1.118782968592243049e-01 -7.529890510050549213e-02 -1.659095220207946197e-01 -4.525380361447337574e-01 -3.596901754804084361e-01 1.475639251045135769e-01 -2.657741211092860545e-01 -2.020350989556157217e-01 -4.409839120334494572e-02
-2.171435769344926825e-01 1.525127378943625656e-01 -5.790980352800298783e-03 -1.308957813343068211e-01 -1.457805810753458053e-01 6.562587191202137737e-02 2.332406695863847856e-01 2.395972394471303224e-02 1.822500027801488287e-01 -2.973038832991557745e-02 -5.151009759691907441e-02 4.519315106061004041e-03 1.099417803461382043e-01 1.024474776956068034e-01 1.515140754684143054e-01 7.499018382619764000e-02 2.392365697524068968e-01
-2.223779985972861306e-01 6.472759922362462948e-02 1.496173380801973096e-01 1.743256840763481030e-01 -1.503940339593645426e-01 1.844978656343197465e-01 7.876097510570546911e-02 1.105241493320153062e-01 1.921541153249294587e-01 -1.961795398753131761e-02 -1.712656149636241354e-01 -4.226254677919190073e-01 -2.795250753832963508e-01 -3.459124555556937855e-04 -1.412041347069760144e-01 -2.438656683774326206e-01 2.346959818873827486e-01
1.249757491344245519e-01 -4.919936236850917105e-02 5.805790632972883392e-02 1.405795769091746084e-01 -2.203928634897478755e-01 7.726953026084538989e-02 -6.702466404342387329e-02 -4.106572785910958534e-02 1.663905220872951007e-01 -2.501162435985207488e-01 -3.355138237755747044e-01 -1.657300341387158427e-01 -5.775951749648579325e-02 1.434354714455622626e-01 3.178629146607923894e-02 2.743580878631889444e-02 -3.741165580870010193e-02
1.448436108578032844e-01 -2.291507977683462580e-02 7.809234932537358065e-02 -2.736943012740955528e-02 -1.911828304605039663e-01 2.242231065656542441e-02 -1.052850766747221029e-01 -1.683611304387984953e-01 8.685258248478558429e-02 4.614542027312183714e-02 -2.064996979070504723e-01 -5.448342067416183862e-03 -7.942709235801803658e-02 -4.569580465264915653e-02 6.037132789300868330e-02 -4.829269512247479079e-02 2.202542647084436700e-01
-4.041417399431430912e-02 1.180111636951158664e-02 1.034376100307878993e-01 -2.909637719026456418e-02 -2.124210050743988720e-01 1.375795160590980448e-01 1.096413314518941279e-01 1.527597202191353642e-01 -8.623464285321683076e-02 1.279699899282380482e-01 1.909291574109299103e-02 9.190604151209030848e-02 7.636444134822976959e-02 7.404343905064002251e-02 5.994581157005630934e-02 -6.404025242096916815e-02 1.997038002683561575e-01
-3.447687888867269623e-01 6.383438344588829305e-02 -1.844756550567344944e-01 1.234165897134917034e-01 5.395716575878036769e-01 2.510888820574376235e-01 -2.717745201013581635e-01 -2.605275333833612650e-01 2.692994206607658425e-01 4.570315189096256225e-01 6.178032893401836922e-01 8.771289062465738029e-01 5.856555599610686613e-01 2.288921937033127837e-02 -2.745118357275332377e-01 -2.964836807904723259e-01 2.955734559978120402e-01
2.256642400588125263e-01 6.921490818927346356e-02 3.971858936580553029e-02 -7.650493996554330600e-02 1.494982193353676103e-01 -2.216101207030813092e-01 -1.135079177485545793e-01 -3.884177220636870348e-02 1.601281691696032350e-01 3.449048148484159526e-01 1.609323067866379187e-01 7.074671435946311426e-02 3.311222420047017501e-01 9.698133437305905824e-02 -2.420792265701311730e-01 6.060809159854661093e-03 1.279487033545167740e-01
-1.283450352498562985e-01 1.381373817378765689e-01 1.612103044527199713e-01 5.436144014402295027e-02 -1.623020439978488383e-02 -2.275892415657309042e-01 -1.141842082739539105e-01 -2.335445081221432517e-01 -7.422388021314707540e-02 -8.674760145789944810e-02 3.179550627653089379e-01 2.747250049465736477e-01 -2.213138258547490619e-02 1.594030265992971984e-01 -1.477962489989786965e-01 -9.070435625298844950e-02 1.006088667944226439e-01
1.627313206850803107e-01 -1.458620523047465811e-01 -1.799530049806392640e-01 -5.208664487304019708e-02 -1.759430378412423501e-01 4.307162442014877968e-02 1.589572547397187230e-01 -1.182213217432823149e-01 -1.541354788679537846e-01 -6.750427444142277633e-02 1.642421876822607874e-01 -1.577921391081007485e-01 1.985790227063308211e-01 -5.688761265135898471e-02 -1.857419421053512973e-02 -8.762647902003689593e-02 1.957196952377748544e-01
2.331585101540838423e-01 2.591967165420884858e-02 -1.455254240977405800e-01 1.651366174759308358e-01 8.493442935989827230e-04 -1.733321438251891194e-02 -1.912911196625013965e-01 1.153412814220238364e-01 1.732395889578847992e-01 2.372334412245554747e-01 5.285234948695764073e-02 4.976405111987987351e-02 2.570536572648767226e-01 -8.132458762189431756e-02 -7.546990593576327622e-02 -1.631810326312239656e-01 -1.000857070389356701e-01
1.606515580012127242e-01 -3.354717967576634763e-01 -3.532517401753271225e-01 -2.328484547781588532e-01 8.385790380445979908e-01 -2.263735815651685690e-01 -4.838241751005980529e-01 -2.857472932186096437e-01 -8.697859238687724592e-02 4.043327730359573824e-01 7.156175105770139488e-01 7.598923418510755701e-01 9.964626184114504515e-01 -1.724395998371275329e-01 -9.608782026881867999e-02 1.755582301028414394e-01 1.291899084379155571e-01
-3.065140253539506143e-01 -2.115159699526499709e-02 3.511696547529310486e-01 2.586970227387608984e-02 3.273034376272964119e-01 1.725711500090069128e-01 2.291516784763372727e-01 1.641608697650450976e-01 2.715320577487541076e-01 3.179018845498605278e-02 -5.003071817408624167e-01 -3.351777417010293192e-01 1.894737728676246791e-01 -3.397475783425313312e-02 -5.032784801949544695e-01 -2.387853675433705414e-01 8.314718836702205129e-01
