-2.328832130172725778e-01 2.130132625387116951e-01
-1.407105171640368635e+00 1.544947220962683332e+00
1.305228414177273866e+00 -1.396099650069395182e+00
-6.624724331683962131e-02 5.112534994387047949e-01
1.118301517406703915e+00 -1.664070220131677880e-01
1.010138050874573645e+00 -7.084155230815506465e-01
3.105401757676511457e-02 -4.356625151886726888e-02
5.517638360678844833e-01 -8.851351227239705466e-01
2.788893192042000702e-01 -7.576740107241047850e-01
-5.884964699258058429e-01 1.281087207404268291e+00
1.060593611676541759e+00 8.628370456480086714e-01
-1.350747837151963671e+00 -1.068507167645404099e+00
-4.580411266610195931e-01 7.715443420367453786e-01
