1.364464146240477460e-01 2.319939980492617404e-01 1.518237004947720903e-01 1.278107713765964104e-01 -1.234288871782120711e-01 3.694140585193331217e-01 5.033793283087734105e-02 -6.501899929345378304e-02 -1.015845374524560613e-01 -6.336882151846960631e-02 -4.591480300277248766e-02 -4.563083128590140203e-01 -1.838292097782295020e-01 -8.200258820060873921e-02 1.881260081276963370e-01 7.231327505068711747e-02 6.837175517291763094e-02 2.447885403874325815e-03 2.034711729545721492e-01 1.172948236947080614e-01
2.312301169314304183e-01 2.106515381338469606e-01 -3.228184964780173583e-01 -1.559850625526839132e-02 -4.302412251777874147e-02 -6.007157650074588240e-01 6.792710143475427786e-02 2.481065565859606470e-01 1.296142407971823951e-01 -2.052727966259386694e-01 -1.221166972641590381e-01 -2.744489501476177762e-01 2.474302395981197444e-01 3.112768408624347338e-01 -3.705660764060045853e-01 2.249829385721995312e-01 6.523364246417798218e-02 -3.064175898146783705e-01 2.362945756759325666e-01 -1.059807382664555847e-01
-1.143488446546425674e-01 -2.749688082332412131e-01 -3.531901478115472282e-01 -1.531050041444804999e-01 4.763848292597075429e-02 -9.656752720800604317e-01 -1.923968602591439869e-01 5.116836030213064435e-01 2.209390501265567075e-01 -4.372621542434567132e-01 3.499781948643057028e-01 1.631946791542799868e-01 -2.807490847493819205e-02 2.767258159890721436e-01 -8.490285125859792226e-01 1.086985526207701197e-01 1.494056770485818926e-02 -3.223812413966040125e-01 8.444393225159020633e-02 -1.289964463959826779e-01
-1.735221637665007033e-01 -1.778319535375467997e-01 -1.743873183783906378e-01 -8.228272837068608889e-03 1.295206239774751023e-01 2.650581933842776055e-03 3.799023887438304162e-03 -1.016561598498156860e-01 1.580144639063202350e-01 -1.055986562474926088e-02 -1.261920304138645643e-01 -2.526150928535361717e-02 1.036041113561951832e-01 -7.408186220244074305e-02 -3.570290959267561921e-03 2.285316774378239602e-01 4.843950394693646161e-02 -2.952323493586259118e-01 -1.205394236720236517e-01 -9.629534264269822008e-02
-2.160665573847110332e-01 -1.104102345905769028e-01 -3.004553020633550231e-01 1.653418753688846998e-01 1.129745452800167554e-01 -3.498154812263117863e-01 1.676790427300072217e-01 -4.571768007364693936e-02 -6.986735123520018687e-02 -6.553073989399402222e-02 2.104730539446180160e-01 -1.745797190734888482e-01 -2.098059414354016550e-01 2.502254869165428108e-02 -3.452165885796913414e-01 6.529811530063453495e-02 1.158883975058927901e-01 -2.243664367700651530e-01 -1.245595050005030013e-01 -8.240609178214478026e-02
8.162897085838005662e-02 -3.341984989682847407e-01 6.209320339448224507e-02 -1.112332551409842551e-01 8.283879975651059144e-03 -3.880979677278812989e-01 1.056785844488835058e-01 3.237543943707003047e-01 1.604708269594054826e-01 -4.181639030388362710e-01 2.658841084777855412e-01 -1.165420157513294697e-01 -9.535791650837946443e-02 -1.072685957637404229e-02 -6.837013307102457471e-02 2.043234538063264938e-01 7.923113105541326751e-02 -2.151620986752113829e-01 -3.979713610133350093e-02 5.064724654633150080e-02
-2.158933572251788835e-01 -2.011096390695104597e-01 -3.384882272777335332e-01 -2.112588758482513152e-01 -1.916654319100379866e-01 -4.937665336423928686e-01 -2.245668490927301142e-01 1.143887866787034469e-01 1.291834495635987290e-01 -1.885167601423602679e-01 -6.250729964171947151e-02 4.049362875115870841e-02 -3.928149706583750761e-02 -9.840280266943389129e-03 -2.794748531993376250e-01 -4.402465792273591721e-02 1.256772815555968759e-01 -3.414015459827335341e-01 1.998590576381258435e-03 -8.909476157630744075e-02
5.655272030626216223e-02 -1.011248648933403410e-01 -1.912077278273971448e-01 -9.994608735144765166e-02 -2.394597109472230978e-02 7.254118022470164295e-02 1.302494675032734583e-01 -4.947262256578378870e-02 5.440387646069515942e-02 -4.691712650663119530e-03 1.478615686371218541e-01 -4.075636428056751692e-02 -4.567624341166518637e-02 1.616052793695791634e-01 -1.247588302076590161e-01 -6.948351331249270901e-02 -3.776517249858254988e-02 1.069484446510757941e-01 -1.037858834347706455e-01 -3.490490406878008628e-02
3.153648330158578816e-02 -3.375582855370120455e-02 -1.434454214957567586e-01 -2.055835163220081918e-01 8.290598262208627445e-02 1.209916619836630576e-02 -1.950138914406986390e-01 -7.149430311567682439e-02 1.235027277545358571e-01 1.080756158312404409e-02 3.682933215476812822e-02 -1.760163421573480713e-01 5.742028448645811189e-02 4.412852728492701153e-03 4.258289599961927879e-02 1.607615467092338712e-01 -1.112095857932075132e-01 7.757302938844314044e-02 -1.626783553707018826e-02 1.749532698710804246e-01
-2.067644508862456765e-01 8.980645144384118150e-02 -2.676786160615224897e-01 -1.256409020279546651e-01 3.126725768418583008e-03 -1.214477397324394137e-01 -5.264110613528973082e-02 -9.302034961673351365e-02 -5.100697488255517137e-02 -2.118265834246002288e-01 1.394590510640484615e-01 1.837957285501481408e-01 1.092901632320005326e-02 -1.102040267012581315e-01 -1.163501224606512154e-02 -7.059940802561213979e-02 -9.058903059555341308e-02 -7.106692717491065736e-02 -8.268367398318940409e-02 1.436769252198225044e-01
-1.172070560094398695e-01 -1.157301632733431923e-01 -5.695236985140245817e-02 8.575614248428871725e-03 7.047487157625392795e-02 2.023508422965443823e-02 -2.958163797572647274e-02 -1.902518600878626634e-02 7.615349851310175555e-02 -1.221262846790482082e-01 1.136230917324141804e-01 5.323168037611643311e-02 -1.839924806821034431e-01 -7.484161675012805659e-02 5.664238803775879794e-02 -6.688997203613929188e-02 9.021598729029989272e-02 -4.259331762729613030e-02 1.354066255901724969e-01 -1.570172762907806052e-01
3.248625341969429425e-01 -5.159009781343879553e-01 7.206489087770489022e-01 9.235390636718437962e-02 4.125370256646106459e-01 7.076564682753383462e-01 -4.643101121844662171e-01 -1.667199619856274961e-01 -2.194356468914413494e-01 -1.269356094398101653e-01 -3.634308375986831929e-02 -6.633482879168801638e-01 -7.645565877886102424e-01 -7.715244393138324108e-01 8.024728869924266927e-01 7.370483851555562627e-01 4.026637721628986699e-02 5.257449465862100713e-01 6.371967595742495938e-01 1.128184223468937375e-01
2.370911136775988304e-01 2.694798696731516841e-01 2.489120982977352514e-01 -1.138199890851749330e-01 -1.662446405666898053e-01 4.374404726992213166e-01 2.786204621050600849e-01 -4.190929863886355689e-02 -4.053781748460227180e-02 3.970916882452471541e-01 -1.891766763204879853e-01 -1.250362056758866081e-01 -2.549798647816698197e-02 -3.634830115494977476e-01 2.977440639107669651e-01 7.011354924450019510e-02 -5.817956572126185832e-02 1.507941536705472152e-01 2.918903091766200109e-01 1.485725149681373612e-02
-2.538098692197984611e-03 9.952513640690521801e-02 2.732704043125082707e-02 -1.366685969810715884e-01 1.689615262223200798e-01 2.513835410251434935e-02 1.314628219562869738e-01 -7.258685637877965169e-02 1.103563210703660535e-01 -1.372541316207328936e-02 -1.162863095587811507e-01 -1.852257262877242683e-01 1.729408177745621056e-01 6.638155367253839936e-03 -1.420301598373725771e-01 1.124966673628120806e-02 -9.543047053472503150e-02 -1.495360984675174199e-01 -6.230678041139225964e-02 -1.796635598562525971e-01
1.444043917291751022e-01 -2.340737970371861709e-02 1.298310820258362919e-01 8.958425146238953307e-02 8.250988861828918719e-02 2.074157346755272913e-01 -3.306596461188003599e-02 4.964747036737774538e-02 -1.253957874146716112e-01 1.548055041401261711e-01 9.869953162314419604e-03 -1.115242592789634918e-01 2.338795372973579145e-01 7.857613195358029157e-02 3.284483558049289820e-01 2.373008297746099227e-01 6.917639234810253612e-02 8.678738188381764085e-02 1.369508486597986741e-01 -8.915278966348876011e-02
-1.075341362266418882e-01 -2.295399113390693413e-01 -1.300001726410409952e-01 -2.037007398072188946e-01 7.967366131525542572e-02 -1.680410261104595127e-01 9.013620309177661216e-02 8.478007492208523843e-02 2.042274131015989758e-01 -8.868216336436146596e-02 1.774690481308807410e-01 -2.987755644316330075e-02 -1.145489495240138711e-01 -1.579456717472512428e-01 1.469660333690666065e-01 1.491664487525546090e-01 -6.955978485978667192e-02 -2.320276913144759395e-02 -2.289107507471621270e-02 -2.007340366679583876e-01
3.962215064565777906e-02 2.872451711190619483e-01 1.238576314532783551e-01 1.345148793455613889e-01 -1.401602750081477611e-01 4.944689416588100017e-01 2.336413776154115385e-01 -2.116840536766127490e-01 -2.767867904901281095e-01 6.849774574434942531e-01 -2.160627832552791394e-01 -3.538461593052352194e-01 2.726797974402607183e-01 -4.659522753958929009e-01 6.369128882838016592e-01 -1.576049810804197246e-02 8.470654120241673246e-02 3.536535637349936811e-01 -5.848268880395000174e-02 1.930387814394797785e-01
4.967736467055516303e-01 4.617581316708080919e-01 2.024102594430862434e-01 9.958868597707053183e-03 -1.771116831538822045e-01 9.987606142068423676e-01 1.908005304895771526e-01 -2.743312864885369962e-01 -3.124670865880793125e-01 6.090966470085431572e-01 -1.965605910712068249e-01 -3.017231474118678425e-01 3.893053316487493087e-01 -5.937701318728531019e-01 5.508714779600584199e-01 2.189541585914948629e-01 -3.431964234115668280e-03 5.346326063388114891e-01 3.534286869716393165e-01 2.395177201784810805e-02
-1.207804537936609107e-01 -9.527324915324013321e-02 -2.610152636918277591e-01 1.806327143545306650e-03 -1.060781922163033936e-01 -2.552063840772831327e-01 6.538449878429933304e-02 4.725167222436350151e-02 9.683968013682787979e-02 -3.122509380136496704e-01 1.425312188050054975e-02 -6.131576071276002571e-01 -2.683002443707558846e-02 -9.962517429679373926e-02 -6.650954971798868354e-02 4.337056791002832368e-01 -9.659981746977691630e-02 -8.767112207264404766e-02 7.089069279899971043e-01 -3.365092857886475830e-02
