-1.861901787792191287e+00 -8.104954189546458299e-01
8.776608845165311257e-01 -1.805057615303129248e+00
3.818517173887871485e-01 -1.888441864757272937e+00
-5.976581654392221742e-03 1.568861231083094721e+00
-1.856695358259029760e+00 1.219932112611582797e-01
-1.631345461862654167e+00 1.480766623871958565e+00
1.315799784825363306e+00 9.824965409983229536e-01
5.712257721783834397e-01 -1.960015638127492688e+00
-1.874199983934266234e+00 4.692185480666401509e-01
1.872871343949747969e+00 1.477920380005280032e+00
7.815355270868798998e-01 9.230809442923880725e-01
-1.161556853795170374e+00 9.917746927299554427e-01
-7.358190095122962848e-01 -1.563589123756083721e+00
-2.592723302428583398e-01 -6.938980385271795726e-01
-1.429817546530760985e+00 -3.278415580535017915e-01
1.271329607534916084e+00 -2.442377756418838974e-01
-9.537337303739434891e-02 8.499852782113355154e-01
-1.657996624211201513e-03 -1.470054575457896640e+00
