7.728663636442838734e-03 -1.504493914199225291e-01 -7.099352916678086656e-01 9.055643078521889711e-02 1.516693414769531290e-01 2.251734639613587885e-01 3.975592995927441087e-01 1.553492691776372225e-01 -3.707694350168255770e+00 2.683401788250827646e-01 8.701073855225422982e-01 2.720264372835026756e-02 -2.051172885094968978e-01 -1.124908719872202839e-01 -6.513045930787655924e-02 -1.010305753183479371e+00 1.862916803139005040e-01 -3.189955328183947947e-02
-3.394921130591038727e-01 -1.582768085646401313e-01 -6.571102339958408978e-01 1.538009574459044404e-01 1.384683921468570500e-01 2.224776034195863339e-01 3.921095086932995244e-01 3.553947256740573324e-01 -3.874469314098466732e+00 2.897064769729401079e-01 6.460526998969668977e-01 2.019014751913109085e-01 -3.570715010983917526e-01 -1.837469677233147525e-01 -1.947763139609081651e-01 -1.665642615739156840e+00 1.094841870912957593e-02 -2.698014412783961147e-01
-2.241860323760913876e-01 4.704323863903597108e-02 -1.161929673576527766e-01 3.686409014524835714e-02 1.617783204983352652e-01 1.035135319081008087e-01 2.438912582291711262e-01 2.276571978430118048e-01 -2.290316223996273326e+00 4.657874207314828818e-01 4.209486925749812425e-01 4.540498560287518637e-01 2.524901110549306656e-03 -1.175577827528011821e-01 1.376543405410919456e-02 -1.571257259613611845e+00 2.013156317643922388e-01 -7.910014227994982550e-02
6.886597385633055901e-02 -5.726740459047501008e-02 -1.368645570967089720e-01 1.704066296594222429e-01 1.204065616541592360e-01 1.205909843964701189e-01 -4.463349495565375330e-02 -4.857924072022068440e-02 -1.226762785085822927e+00 1.725385926138320869e-01 -6.470899914187441815e-02 3.788804089951521847e-01 9.567991586071317167e-02 -7.887773731118048748e-02 -3.680381658002327555e-02 -1.164253969813870970e+00 -1.118079031941967838e-01 1.632286506291755895e-02
-1.752960479120314607e-01 -9.430965656987910783e-02 3.789634740957804893e-02 -1.560470371782351207e-01 -1.847686884334366342e-01 -1.174721191973059943e-03 1.193532948268418714e-01 1.715847047700307659e-01 -3.565643212251938809e-01 2.788055179995314603e-01 -8.606277884259759536e-02 3.062306114401105450e-01 -6.533406499349084240e-02 4.470860494481860431e-02 -4.517998640843687297e-02 -1.197647615046054215e+00 3.560017474536888993e-02 -1.611953377676495491e-01
-1.981118737185961765e-01 4.113286812807979281e-02 1.278534223071411784e-02 -1.455329806683729743e-01 2.010997174239415042e-02 -4.818887941101230449e-02 3.593345737470857171e-02 1.194561656325779930e-01 -1.575434583324588911e-01 2.953166723618548817e-01 6.266359296732681994e-02 5.990625267793763670e-02 4.259221416957761214e-02 -6.485368316391657006e-02 -1.501039761311246112e-01 -6.550853900160920062e-01 7.509899492771898721e-02 1.067032265484501169e-01
-1.623319219110138656e-01 1.615153827563053368e-01 7.186256367455728933e-02 1.726531101234320131e-01 1.492078783362855710e-01 8.857821510316885028e-02 1.777825018957349679e-01 2.867253879261029079e-02 -2.176582964384624896e-01 -3.768575525946772642e-02 1.473866356043900538e-01 3.623062451998517591e-02 8.054636048162364115e-02 -1.781184025298598178e-02 1.158257150507713273e-01 -6.117118492695047260e-01 -1.707871153618308324e-01 1.623152275375156772e-01
-1.655394966302666318e-02 1.592383068510384025e-01 1.381838584902505274e-01 6.847739404976029010e-02 2.876977694670018043e-02 -1.002126288116551162e-01 -1.368170093090251838e-01 1.527649843959478504e-01 -2.201113143761167512e-01 1.509831819188469371e-01 1.283966948853488832e-01 -3.442821891022737786e-04 -1.026242580024233353e-01 -1.546220443567364322e-01 -2.971132341165586693e-02 -1.682003987007930634e-01 1.717498544300874730e-01 1.650161844932620525e-01
-3.930720164043003534e-02 -1.621301335461170778e-01 9.012101380293600916e-02 9.799629464260244116e-02 -1.875523517283935182e-01 -1.482849333258500282e-02 9.740040911765944498e-02 -1.652585179229293932e-01 -1.542793208958583850e-01 2.291639070080517815e-01 1.144580942877260477e-01 -1.411872709423947492e-01 -1.927712201799952341e-01 -5.629863665157092134e-02 -1.883030344138571788e-01 -2.072983375493072100e-01 -1.882926533848917616e-01 1.855543230068001370e-01
1.225889189793086947e-01 -1.741011547914322333e-01 1.394216343978838257e-01 -1.115566907017943171e-01 -1.178822454082985721e-01 7.554550369647254626e-02 2.060984852592362970e-01 -1.327589699770404530e-01 -4.563145598147681503e-01 3.816035465017303483e-03 -1.807124587247461167e-01 7.183358347222927598e-02 1.267558258016963646e-01 -1.252032586276575210e-01 -1.550508999311887848e-01 -2.382465625790816943e-01 1.938175645167247163e-01 -1.520666072988337836e-01
1.827998992065381079e-01 -5.713692606363574705e-02 -2.462064818486033729e-02 -7.874456147030593767e-02 1.750026049886741764e-01 1.879909508849099964e-01 8.206394990748344664e-02 -1.129266617080715573e-01 1.161167812477242878e-03 -1.092107171046214353e-01 3.090443176276467044e-02 -1.090166726358954147e-01 1.462234855301528247e-01 1.782714085156441586e-01 1.217662256368254869e-01 -2.410972670286261887e-01 -9.482463317487042909e-02 9.854245486643702090e-02
-8.559687719624685387e-02 -3.398150306247451485e-02 -1.882300593834110858e-01 -1.429585031091372693e-01 -1.916213909522417880e-01 -1.666118313139371976e-01 -1.525835748610431530e-01 -2.322645528283041882e-02 -1.008017297585277472e-01 1.323554159303256816e-01 -1.401457703070479732e-01 -3.459378094349675574e-03 4.697844759288107019e-02 -1.661776664799191061e-01 -2.204362906811416917e-02 -2.099008365979381785e-01 1.878546612216069611e-01 -1.781269492163904955e-01
-4.010184852112871207e-02 -3.484362391913761736e-02 7.918925800394213677e-02 -6.759068599295325885e-02 -1.182367798769566325e-01 -7.866712422818857020e-02 6.461001384056835883e-03 1.853164583250241082e-01 4.012569814670689794e-02 -5.708284621043392681e-02 3.750751223383598509e-02 9.864324691217790653e-02 1.131420854304365647e-01 -2.153419355238849267e-02 -4.045529226273125029e-02 -4.965077065619512980e-02 -1.857757679890938152e-02 -1.032418851295522078e-01
-2.113234838643022681e-02 1.735499628035654940e-01 -1.512334663038550076e-01 -1.190102334753009687e-02 5.504676017299330731e-02 -3.971681480802864879e-03 -1.022618615490974714e-01 -1.948932768937829130e-01 1.623240388045350813e-02 7.667087266681595070e-02 -1.842020003566273434e-01 -6.106605497483301448e-02 1.033730777773265719e-01 5.156818907566497467e-02 1.810521813288394621e-02 -2.857018789491152511e-01 8.936365173145606466e-02 -1.291879764011344411e-02
6.790668675246230857e-02 1.032980169465212567e-01 -1.188464668011448011e-01 1.064133942281230566e-01 -8.790336543576751649e-02 1.975509797506323217e-01 -1.412242435793935602e-01 1.546251541857114331e-01 -2.089515538755015167e-01 -8.097452953044015356e-02 2.470950368613476084e-02 4.467959259652830306e-02 -4.324693974129013158e-02 -1.591872877821116083e-01 -9.894036118886263831e-02 -1.981367638655931462e-01 1.057463445804556201e-01 1.609406697188414948e-01
3.423579094153429009e-02 -1.862721569133213018e-01 1.030794792907693547e-01 -7.678720856795860639e-02 -6.400865755573534321e-02 1.670069894977381855e-02 -9.101727073201054674e-02 1.709669791744237999e-01 -1.863371375579322142e-01 -2.072487173845884850e-02 -6.339122102360272848e-02 1.490900537898443880e-02 2.610896363939112577e-02 5.085588310400753626e-02 1.254415407244156323e-02 -1.120186100665180318e-01 5.595767987095692092e-02 -4.167209123027828394e-02
1.063355502602341823e-01 1.145290989172911417e-01 -1.016866568901572121e-01 -4.959527526838418410e-02 5.158884316985767882e-02 -1.308811620106836160e-01 8.871318881428319481e-02 -3.655650709083474448e-02 -1.293170319125550027e-01 -1.281731902008378388e-01 8.329112206104677396e-02 -4.726855002490593094e-02 -2.190392574161010436e-02 -3.395703149777452856e-02 -9.354110495091631436e-03 2.377241983733914543e-02 -6.975289992595726241e-02 5.633460859239441954e-02
