-8.966388804158646753e-02 -1.333930081497080922e+00 5.527208590293570367e+00 -5.597562189950638228e-02 -1.237162552775348118e-01 5.407840935316853004e-02 -7.622707248881750719e-02 -1.124016191490278954e-01 5.515470595562105283e-01 -7.860638864606896981e-01 2.463148407259520833e-01 4.300579618919881941e-01 -1.196910533748268834e+00
-3.620412685264299824e-01 -2.645319929509693524e-01 2.045023511659763926e+00 -2.584492481775422790e-01 -1.454917161252795577e-01 4.537939959509864618e-01 -1.095892693224545938e-01 -4.854374996133165032e-02 1.475826954160499027e-01 -2.032038479928095220e-01 5.170719525030529479e-02 2.043199294477284489e-01 -1.846807994975220579e-01
1.694276187748163312e-02 -9.913863354777240067e-02 1.693582681913995414e-01 1.448725125495222976e-01 1.484946669631840854e-01 4.978938756695183709e-02 -1.253994853477618521e-01 1.798299885976599177e-01 6.294464369597758957e-02 -1.804004078250148468e-01 9.188241934896450303e-02 2.014398770386632287e-01 -6.449917072589084199e-02
6.360502209012586228e-02 -8.145313690465226519e-02 2.245652526183611331e-03 8.073208332490730554e-02 -1.978921240224340572e-01 1.305241932563416807e-01 9.972367632256564154e-03 -1.631557372253109595e-01 -1.488865628966781207e-01 5.509095513521926335e-02 1.510160709144093005e-01 -8.634080747136152478e-02 1.804886129747448331e-01
-1.694903848888914544e-01 1.260299852092625905e-01 4.518053183113274196e-02 -1.766114932418233197e-01 -8.936426530643525046e-02 -2.027686411385030626e-02 1.155527207064289269e-01 1.427963903165637150e-01 -1.405261376619883207e-01 -5.665761203202321350e-04 6.140744440973036622e-02 -5.651172111975514417e-02 1.338384096403250623e-01
-8.158193839695987437e-02 -2.102661657223389435e-01 -1.569977826128907406e-01 7.805837545887092666e-02 2.356405502975114294e-02 1.532938036217415811e-01 1.775974515304361012e-01 1.601827067811616712e-01 -1.766813303633383292e-01 8.957912342937200678e-02 8.135208087370830732e-02 6.815941024570745799e-02 7.124625058024179614e-02
1.580500601052693688e-01 2.496828330571340335e-02 1.788527899231129661e-02 9.061335800066148971e-03 -1.139777430390242208e-01 3.542973734897128524e-02 -1.932811633084325076e-01 -1.366257663660920274e-01 -5.505525409320884134e-02 9.812809701710006882e-02 8.991043205502138869e-02 -5.434619971122600646e-02 2.315194619703615092e-02
-1.892740987823887389e-01 -1.537114308606462032e-01 2.786417175992351170e-01 -8.879983037536234858e-02 -4.012953017442925929e-02 2.889628127767640900e-02 -8.323743182990919753e-02 -7.875015177367928471e-03 -9.668313859698626778e-02 -1.917165077373140514e-01 -1.260246499615174931e-01 1.520820316394693762e-02 -1.891495264080472472e-01
-4.376158476002717235e-02 -7.616534354489701286e-02 -4.148945335649138061e-03 -1.666517087075581605e-01 1.651685064244920731e-01 3.250217733633260601e-03 1.372204838093051271e-01 1.941694264529956471e-01 -5.963830377244686010e-02 -1.269562620877795478e-02 8.099199958265217159e-02 -2.699337977303311112e-02 -8.594573385410085586e-02
9.712651859480637972e-02 1.499376202384444801e-01 1.884682708899173831e-01 5.493996088509738723e-02 -4.968601752406241051e-02 1.803982393618968616e-01 5.548902133330992081e-02 -1.761242083610772835e-01 -1.631984317146220054e-01 9.548567427596670043e-02 -1.749318212933145267e-01 -1.942871326866998372e-01 -4.893165143377817966e-02
8.042385811778336377e-03 -2.263158187176148722e-02 1.923132582971615392e-02 3.512687900201275776e-02 7.199908726776854673e-02 -3.047274834253167058e-02 -5.282255927850360716e-02 1.948770008117630126e-01 -9.475366860063594299e-02 1.096528487087955889e-01 -2.707518048045649481e-02 -5.609814775251875663e-02 -1.769868286340832153e-01
1.284738214675889001e-01 2.135899410519199321e-02 3.594032522626104953e-01 -3.904446816711647922e-02 7.732946015092991010e-02 -1.196868437657747225e-01 -3.768632582999847935e-02 -1.078221182104177195e-01 -1.606134935664825514e-01 1.452347069850850325e-01 -1.079544862211239686e-01 -1.223166191007902248e-01 -1.717661758573639508e-01
