-2.903087013363165325e-01 2.605435425047568643e-01 4.388626728141242772e+00 -2.932494856375853498e-01 -2.780718466120824517e-01 -3.168671167408705358e-01 8.345791593291512767e-01 -1.467221462728203751e-01 -2.057250115195008444e-01 4.916132596423797296e-01 1.562778328509587311e+00 -5.881610556109292398e-01 2.994971695471352335e-01
-9.590780805852043567e-02 2.969929198537781256e-01 4.430862198041241040e-01 -1.047061459426542190e-01 -2.237084167789435141e-01 -1.729878277160994959e-01 1.008883367885248655e-01 -1.543422081534649160e-01 -2.532943374461828490e-01 3.055296760834773084e-01 3.033996054970383160e-01 7.461919117432708193e-02 1.731977995072660759e-01
-1.892008893066262840e-02 -3.812225595177780313e-02 1.184611842750760841e-02 9.918100828852630113e-02 1.386665645229064325e-01 1.024314097083319081e-01 -5.033965363197194509e-02 1.929181422429346593e-01 1.852209470363658933e-02 -7.057933827287871109e-02 8.258537136062056583e-02 1.799675275105633021e-01 -7.834066814447713037e-03
6.614383457071472405e-02 -5.651546512497067354e-02 -6.831015437007342816e-02 7.844795285040524757e-02 -2.015954542914911163e-01 1.177344982780839794e-01 2.440977255937979568e-02 -1.617566025083858328e-01 -1.730421805775433086e-01 7.694428608469013053e-02 1.628733313121294990e-01 -9.345915896873004114e-02 1.998102137282319057e-01
-1.608814144177790617e-01 1.498110706562235106e-01 -1.264966222413603340e-02 -1.708869827580976053e-01 -9.127752507672098892e-02 -2.500551665721671701e-02 1.207348144283438007e-01 1.442463818583508695e-01 -1.581850936713155853e-01 1.568722700170064460e-02 7.529372204168560678e-02 -6.491921776458405013e-02 1.533261009667768460e-01
-8.966995304296099256e-02 -1.859579882300648745e-01 -1.359239655565041005e-01 6.745162951701294540e-02 2.171233306604886809e-02 1.732527079725097729e-01 1.810892820057617425e-01 1.631834849592298520e-01 -1.926104227589831297e-01 1.121520002007972555e-01 8.201938216292212203e-02 5.999713789514886375e-02 8.925795965664928833e-02
1.536868816267000226e-01 7.500716329183339248e-02 4.738501312251523767e-02 4.784719142286640256e-04 -1.214281838358372417e-01 2.162187361436618618e-02 -1.740518541101947203e-01 -1.418410920008647269e-01 -8.888297799916643205e-02 1.512515557953058587e-01 1.219545010665662454e-01 -7.170923599942989612e-02 5.625000208801989726e-02
-1.862659472851989351e-01 -1.269764877882812171e-01 2.594928903516121044e-01 -9.110625660748530863e-02 -4.391311556801543586e-02 1.286046204888752209e-02 -7.073995221223908225e-02 -9.552823998713677947e-03 -1.150315323204124940e-01 -1.683563723383486865e-01 -1.191769654803041673e-01 5.036829048934277249e-03 -1.679771156380590880e-01
-4.029957477980128377e-02 -6.516763033239884872e-02 -1.900202238264621021e-02 -1.627071940419771157e-01 1.623494939708362284e-01 -1.390648578798682825e-02 1.427222209048340518e-01 1.899294889456547564e-01 -6.800664353467755774e-02 -9.245858277187705976e-04 9.260805469535973722e-02 -3.304093754504119906e-02 -7.339503537046909720e-02
9.255548409986663616e-02 1.600239645692235757e-01 1.981569066206482765e-01 4.945612208673493687e-02 -5.024301656922294107e-02 1.883217713407020488e-01 6.180265128951854814e-02 -1.739010746742401803e-01 -1.685466024758218440e-01 1.032403342902956100e-01 -1.733372279386432568e-01 -1.988215913290291847e-01 -3.918724344044955538e-02
7.279206393425543750e-03 -1.765700560930080765e-02 7.390623516471331658e-03 3.300164562488398096e-02 7.129298354806296034e-02 -3.283291805025012611e-02 -4.690719771943409333e-02 1.952213534523299376e-01 -9.949746745297273487e-02 1.138723695839869987e-01 -2.699209905880493171e-02 -5.989067090548374356e-02 -1.706023209322082290e-01
1.368015136564124656e-01 1.022912679762536525e-01 2.758026583479269433e-01 -3.645761105591333734e-02 6.558275767045726456e-02 -1.674565172920915446e-01 -1.437394350760137253e-02 -1.196649759995372098e-01 -2.079723768529018746e-01 2.185956469195800833e-01 -8.597647162004563859e-02 -1.496251491470175221e-01 -1.119905394206289068e-01
