4.554962063453855264e-02 1.306016360901780304e+00 8.421621648638470958e-01 7.929287076968936088e-01 1.507353440236172126e-01 -1.129825272788481882e+00 -2.537594888450900310e-01 -1.489381999528386791e+00 -1.191440048387562844e-01 2.657769330647272166e-01 -8.732229483376843793e-02 -1.859054082536787167e+00 6.214752480407376850e-02 -1.124745814596374155e-01 -6.058159630739821944e-02 3.320520509977771539e-02 -3.425396290667755417e-01 2.575341027171875741e-01
-2.976889063138662417e-01 1.829109836999195160e+00 1.017448318998544377e+00 9.765183053392550994e-01 1.364599670584463187e-01 -1.500947035304607269e+00 -4.972998754700590496e-01 -1.410658990809477320e+00 -3.382240621942415593e-01 1.851418718828354293e-01 -5.522230105126142014e-02 -2.550527840752569997e+00 -8.025620696625825057e-02 -1.837238176709327375e-01 -1.890966655054454881e-01 -5.656778560955536689e-02 -7.507066085137458211e-01 4.147543438809148802e-02
-1.646100079119062198e-01 1.980938113261383471e+00 1.079949277160557219e+00 6.323530140168296398e-01 1.599697829684251227e-01 -1.492684286443386910e+00 -5.543426933394939304e-01 -1.060675366926600471e+00 -4.036352509810348099e-02 4.390841213942789922e-01 3.992240930675448364e-03 -2.205084668510397528e+00 1.944133649922950846e-01 -1.175351592606521944e-01 1.884216021455555057e-02 -1.299780647275868006e-01 -5.346505967402267467e-01 1.654114659743498861e-01
1.155268989021416837e-01 1.471936074962439944e+00 6.122923589598073812e-01 5.161667812573785818e-01 1.188809602626398482e-01 -1.118862326997934309e+00 -6.824924219426957706e-01 -8.190247708940695537e-01 -1.272139357853549757e-01 1.630510243349463928e-01 -3.195040517604622043e-01 -1.678677559802223884e+00 2.013757833949980924e-01 -7.886119293164016442e-02 -3.333133828078745087e-02 4.250675380728726957e-03 -7.011340173290907529e-01 1.928830760173217973e-01
-1.401468015846127069e-01 1.021997877552233147e+00 4.979555452970845786e-01 4.288439367155130050e-02 -1.858575175275026248e-01 -8.965970114023685822e-01 -3.524056506959588053e-01 -2.244923516150061082e-01 -7.394100688124805205e-03 2.626060054348200445e-01 -2.464736676587468978e-01 -1.137588013446899859e+00 -1.887568831993338345e-02 4.471974209651428944e-02 -4.300206660189168778e-02 -2.611297602294722076e-01 -3.961563222539742357e-01 -3.968523145379411476e-02
-1.843195608892318205e-01 8.377348576831492588e-01 2.699204458950960617e-01 -3.665753630584916989e-02 1.950912563287854340e-02 -6.793802890969291575e-01 -2.802135502204458062e-01 -1.160487391670681212e-01 -6.954872899862443725e-02 2.961793996185090316e-01 -3.626719707678203314e-02 -9.664243346760423847e-01 6.353617482296969321e-02 -6.484651499093035953e-02 -1.487735937705619294e-01 1.979691524469140429e-02 -2.263197591290088129e-01 1.868138088196316104e-01
-1.507337630377805215e-01 7.136175797823763878e-01 2.536916134174763138e-01 2.351673126512240086e-01 1.489141290927045724e-01 -3.569994193648679537e-01 -2.460984709341956789e-02 -1.509997237110178858e-01 7.082956496588452278e-02 -1.761090654612056106e-02 5.053033329476593755e-02 -6.844939658466336896e-01 1.096749783937308459e-01 -1.780696221384076364e-02 1.168328425448458691e-01 -2.070625041488670104e-01 -3.732982489474164223e-01 2.233123041192583702e-01
-3.431634017801516150e-03 5.462517914761986226e-01 2.275775238446460513e-01 6.883695003726256201e-02 2.864114874933421095e-02 -4.152239170230538345e-01 -2.561502258607384896e-01 1.539286996543834211e-02 1.265561518596073354e-01 1.913418554909954161e-01 3.047466085281242895e-02 -4.971789190701341732e-01 -7.232963154372729075e-02 -1.546182165316725698e-01 -2.883259111854682283e-02 3.545827048272066776e-04 3.488442438275674712e-02 2.091379951528957726e-01
-2.218165128860275989e-02 7.597217968971586854e-02 1.560828145524785493e-01 9.633385176096762037e-02 -1.877936197866450496e-01 -2.045399768143827401e-01 1.434273071176793771e-02 -2.701615666083741485e-01 1.520394561508612852e-01 2.390963313584716643e-01 5.073672234323305108e-02 -4.512014493469994614e-01 -1.663262862518105067e-01 -5.629502457057927733e-02 -1.875079359647550958e-01 -8.287537045567444638e-02 -2.775791036053121275e-01 2.108907097335773473e-01
1.390119112641632348e-01 -5.541375140882706662e-02 2.079770386560222117e-01 -1.033435404860647694e-01 -1.181464141260488848e-01 -1.910160294382246340e-02 1.323594940075516480e-01 -2.078920337151634323e-01 -2.028250721867647099e-01 -2.038985587608099781e-02 -2.174164952044966015e-01 -9.472879553720874035e-02 1.483881354884375448e-01 -1.252002300112306232e-01 -1.544165993025467809e-01 -8.016625844619225394e-02 1.442264846135147272e-01 -1.377048455613452682e-01
1.927468598938152367e-01 -2.401852740641169728e-02 4.603152108784631935e-02 -5.463980997572287501e-02 1.748064423122772104e-01 1.613652153628323538e-01 2.617885307798199779e-02 -1.575798299159244242e-01 1.990085710689593057e-01 -1.411792117240460165e-01 1.224389908902912862e-02 -1.712088173340742536e-01 1.623264462556795740e-01 1.782735448754843577e-01 1.222009820717840922e-01 -8.760154979500529848e-02 -1.126086836998355933e-01 1.044697281064595334e-01
-8.430163992282763141e-02 -4.204201911676561793e-03 -1.239113513968202324e-01 -1.105174561333361061e-01 -1.918105908055819098e-01 -1.891484684694087481e-01 -1.863277661448533296e-01 -4.500308937138254584e-02 2.125142468228860548e-02 1.105489697609639832e-01 -1.580668757918307354e-01 -6.246207843274501070e-02 5.683895335047473713e-02 -1.661762228411375053e-01 -2.176982070797863281e-02 -6.325794927870714845e-02 1.705300650575198029e-01 -1.745123145042499768e-01
-3.802632729588224791e-02 1.698720104213839732e-04 1.322504096906627069e-01 -4.340253972870856264e-02 -1.184249230883735599e-01 -1.078713620515276694e-01 -2.362297671562442816e-02 1.523013472977174654e-01 1.172253703587242540e-01 -7.939328705036258205e-02 1.451979067149026387e-02 3.641682526131660713e-02 1.196613254004776916e-01 -2.153320785311901506e-02 -4.027733709648042421e-02 9.954768176493544729e-02 -3.852913410199083205e-02 -9.790745525339397681e-02
-1.814251903086722129e-02 1.990248590357482916e-01 -1.183607076304238476e-01 1.760464506920805892e-03 5.490474363287189963e-02 -2.482723437162744767e-02 -1.328931213986635496e-01 -2.441138975703200376e-01 7.825648749963530493e-02 5.350801552998232791e-02 -2.023844786697447107e-01 -1.085595181459092784e-01 1.086276639186608689e-01 5.156897560983463719e-02 1.825120251952878567e-02 -1.429511761248878077e-01 7.444152214172083948e-02 -9.330851666200836933e-03
7.080167167637352321e-02 1.311604586618782819e-01 -9.243830608870189092e-02 1.152986315938632489e-01 -8.797477142505315262e-02 1.727052604442409212e-01 -1.618948014421632831e-01 1.126372532922565450e-01 -1.856083662407442270e-01 -9.130739031263379601e-02 5.983763757143696280e-03 4.083012286529019708e-04 -4.080788846808348913e-02 -1.591868023346671990e-01 -9.885339809733205418e-02 -9.035276771955801089e-02 9.278500400704783879e-02 1.659236287092245299e-01
3.583278791892197807e-02 -1.619237487423389743e-01 1.315714810621801678e-01 -6.667352859952435651e-02 -6.405154982487241966e-02 -6.389619721273653678e-03 -1.099058140167997188e-01 1.343532348164786783e-01 -1.359671045540484235e-01 -2.802414591191218496e-02 -8.869329233010866953e-02 -2.054561130221508117e-02 3.005385774511823427e-02 5.085626397821286365e-02 1.263016770665865811e-02 -3.915090157309475405e-02 4.561844037983796979e-02 -3.650254232346087507e-02
1.118925174898532521e-01 1.827316634958383035e-01 -5.679698759982619582e-02 -3.758156330128089445e-02 5.149977327355402534e-02 -1.892323560407626892e-01 5.698549727710926216e-02 -8.985563709698481116e-02 3.068371443481436242e-02 -1.327242088012626775e-01 6.009454913751456628e-02 -1.386766885633636259e-01 -9.215010725995282162e-03 -3.395583172500731689e-02 -9.067792149036670024e-03 7.074158096369255466e-02 -9.587962562133187094e-02 6.683511754916381109e-02
