1.358476032400475209e-01 2.296095578503693502e-01 1.483742816258111219e-01 1.268578847274804411e-01 -1.242298009026115008e-01 3.595713419156810753e-01 5.045390296999033297e-02 -6.098793505012813088e-02 -9.875385721610940859e-02 -7.261212810509264093e-02 -4.461386232970174226e-02 -4.538020185355153280e-01 -1.825818141639316272e-01 -8.539722969678839593e-02 1.853038218707033224e-01 6.799399218622775853e-02 6.820467157726228802e-02 -1.885648045405908385e-04 1.992597986083949613e-01 1.163466381448046011e-01
2.280736187319696573e-01 2.110700735137896467e-01 -3.271546028844914966e-01 -1.750633629606622443e-02 -4.658152965379008109e-02 -6.003052900091599975e-01 7.079126189329995600e-02 2.534316972959793079e-01 1.346350662451059887e-01 -2.067903926399908554e-01 -1.202063186166768688e-01 -2.686290544503277533e-01 2.540387358473449320e-01 3.008567456433662857e-01 -3.687115939996420400e-01 2.184904968941280279e-01 6.535419430541257457e-02 -3.094000169147299584e-01 2.301165530606933407e-01 -1.086002970612270774e-01
-1.038991711216132735e-01 -2.680288851642773085e-01 -3.515866830393820086e-01 -1.532849619148218268e-01 4.493304518376760315e-02 -9.456316405397491298e-01 -1.881654267032948080e-01 5.090490544588954780e-01 2.203222481451161119e-01 -4.227297293481870333e-01 3.473165825083636693e-01 1.574050352675700759e-01 -2.129644452976151014e-02 2.597760485299829281e-01 -8.367137512894514684e-01 1.089479933503420955e-01 1.578215846927385341e-02 -3.183296460432120667e-01 8.358836649374289107e-02 -1.302974699355343435e-01
-1.688707769514224410e-01 -1.763750503687839533e-01 -1.750558233078619297e-01 -8.557051800914674405e-03 1.283282795596059067e-01 4.893140835025057596e-03 5.337432885994679126e-03 -1.013392720862550528e-01 1.585586914933846958e-01 -9.860223018341997617e-03 -1.269978000650829886e-01 -2.771208801667838020e-02 1.057607611469426195e-01 -8.127697379356266238e-02 -4.659225515516291459e-04 2.276879070708751618e-01 4.866217925978615771e-02 -2.946808518754476247e-01 -1.218724807737719684e-01 -9.701360218325776053e-02
-2.139289228313541180e-01 -1.090580311660495211e-01 -3.005251722972925310e-01 1.651607311603740802e-01 1.122031671602946035e-01 -3.461488030703241958e-01 1.687083478987259910e-01 -4.578770000913794797e-02 -6.960149081455531406e-02 -6.310376723296888535e-02 2.100660185979268679e-01 -1.754173851177732724e-01 -2.079621266212766106e-01 2.064468776102825961e-02 -3.426579578107267765e-01 6.474900436559062611e-02 1.160654724684944961e-01 -2.237812896832439835e-01 -1.253299775043533182e-01 -8.285582430447294144e-02
8.721469970579907860e-02 -3.306676341109116013e-01 6.366813242274080298e-02 -1.110181811114920869e-01 7.627395856574904244e-03 -3.772435221847138531e-01 1.072331423952463947e-01 3.216145877685261389e-01 1.594019398985667968e-01 -4.099687476725783486e-01 2.643903397172331360e-01 -1.197287180017078539e-01 -9.250142926581618463e-02 -1.793647080575350508e-02 -6.217512549032534752e-02 2.049171994378894968e-01 7.966052256281395960e-02 -2.125028286675034461e-01 -3.976304813328974258e-02 5.043681017980155418e-02
-2.097092320978427571e-01 -1.974740038529669006e-01 -3.370225996754677156e-01 -2.110794969535086385e-01 -1.924999967378109300e-01 -4.830526000474768544e-01 -2.228047539165298185e-01 1.122748596479177935e-01 1.281566818441354227e-01 -1.805472640504819370e-01 -6.414954683286831771e-02 3.676846070611927697e-02 -3.639827119391598337e-02 -1.770034819243444107e-02 -2.730732431665336413e-01 -4.330427869594596912e-02 1.261201839089471644e-01 -3.387421342821179127e-01 2.085739401589121848e-03 -8.939140941392366424e-02
5.879114244319376403e-02 -1.002200593309589827e-01 -1.914540757169800045e-01 -1.001118401583079437e-01 -2.455985234258543926e-02 7.445717663767707772e-02 1.310615344120916459e-01 -4.937511298979276736e-02 5.467439284430748725e-02 -3.694572417120307178e-03 1.474815020440558844e-01 -4.177577555977364521e-02 -4.433069395777013838e-02 1.577793986896981193e-01 -1.229060408083453015e-01 -7.001882768964187709e-02 -3.763332914313553823e-02 1.073298220143292098e-01 -1.045513361214607251e-01 -3.527911407691445428e-02
3.371896370512874469e-02 -3.325348291186753374e-02 -1.437992764337833462e-01 -2.057222366187531071e-01 8.251535320964292763e-02 1.265506279820498292e-02 -1.944780082043170988e-01 -7.125639339357349444e-02 1.237647216083443830e-01 1.071020332516867124e-02 3.653414177057506124e-02 -1.769516087798967685e-01 5.841262010795403303e-02 1.158666533973223313e-03 4.382165788420245428e-02 1.600909520959679921e-01 -1.111155493876510997e-01 7.781450259579676676e-02 -1.715184222076670401e-02 1.746790659796318701e-01
-2.040851086158214089e-01 9.133952657223287641e-02 -2.672700696427687816e-01 -1.256442278811777113e-01 2.614233103700788069e-03 -1.171250944701107410e-01 -5.175996011359298293e-02 -9.368777805677068471e-02 -5.124075918446779898e-02 -2.087290170567678016e-01 1.388007188065650821e-01 1.822805191369592792e-01 1.235883454659599673e-02 -1.140499716377677969e-01 -8.873665338495312707e-03 -7.051766437323628289e-02 -9.039788165452672386e-02 -7.007211054151497864e-02 -8.287895768017577991e-02 1.434394052753482918e-01
-1.158491932990588918e-01 -1.149902765269179700e-01 -5.663476568575916137e-02 8.621355776971933657e-03 7.049201291809020775e-02 2.271727173652409240e-02 -2.939009901612828907e-02 -1.938335781282586948e-02 7.597252274103760694e-02 -1.203387959567588789e-01 1.134063712799290025e-01 5.293882792258564757e-02 -1.830234891705502520e-01 -7.683676355317044238e-02 5.811030994837119296e-02 -6.733135124993744336e-02 9.032460100238745571e-02 -4.192434317266215127e-02 1.348570480712108499e-01 -1.570293081217617459e-01
3.288510725733604367e-01 -5.161486527509530076e-01 7.227035447810818969e-01 9.334789406392796085e-02 4.159377677066995460e-01 7.091497045984698211e-01 -4.671274750392765407e-01 -1.685428191628718653e-01 -2.216101764412093111e-01 -1.258360812939682827e-01 -3.643770232142608950e-02 -6.628979892186405154e-01 -7.642889858157217997e-01 -7.713315481323476108e-01 8.032358002549715437e-01 7.346914142398638381e-01 4.039484635858978795e-02 5.284326668352714584e-01 6.347215262010671433e-01 1.144940998526993575e-01
2.328010334038827511e-01 2.653141027472916691e-01 2.458926754907625190e-01 -1.144368074284454750e-01 -1.659320362774054092e-01 4.232298400736901889e-01 2.772640098231500816e-01 -3.814198450400386325e-02 -3.831745133447753832e-02 3.853371222469959001e-01 -1.873405466274672138e-01 -1.213378986369339357e-01 -2.719550372673314523e-02 -3.596040227616347229e-01 2.912657576341546872e-01 6.722380042791234467e-02 -5.860764587063057446e-02 1.474136117818771463e-01 2.894714051474693295e-01 1.462698740642021274e-02
-2.173037242568509608e-03 9.905479152110813201e-02 2.658362392548654918e-02 -1.368612176214488718e-01 1.687940977515099139e-01 2.292764143787791309e-02 1.315180104130213024e-01 -7.176470803541340482e-02 1.109155604873418854e-01 -1.585739178671263447e-02 -1.161032044865907276e-01 -1.850196116501207910e-01 1.732047645637411759e-01 5.554979118165077369e-03 -1.425130118066867679e-01 1.034182630561395269e-02 -9.545591684705700963e-02 -1.500226381644659823e-01 -6.324077435778403811e-02 -1.798624084601790352e-01
1.417745596996674018e-01 -2.575337505682198311e-02 1.280924064476225699e-01 8.921344805463912730e-02 8.261278713294167853e-02 1.994303653007916677e-01 -3.377705542279159368e-02 5.181436690279061369e-02 -1.240890501847878580e-01 1.482212182785724031e-01 1.093022491093319573e-02 -1.093633089122051788e-01 2.329229810325228744e-01 8.084679716495761503e-02 3.247602337346331969e-01 2.357200695809796021e-01 6.893042624197855128e-02 8.481019063697253779e-02 1.356507245840009312e-01 -8.931879606246523329e-02
-1.061461149324889608e-01 -2.289496633360333933e-01 -1.297261000452858137e-01 -2.036424266632399782e-01 7.965414512602390917e-02 -1.663369238866566902e-01 9.033933362337975836e-02 8.439790688471042468e-02 2.039958396685039033e-01 -8.747478994026448851e-02 1.771716563354937268e-01 -3.057198066394210129e-02 -1.140188225547878603e-01 -1.594779500730725275e-01 1.480952971013745900e-01 1.491255005911914788e-01 -6.947744266470180785e-02 -2.265418088678738603e-02 -2.306117614446953623e-02 -2.007328453475006880e-01
3.237627213522389913e-02 2.802855444830846254e-01 1.188103639971212072e-01 1.334827197847024971e-01 -1.398271119473137314e-01 4.703946115433766950e-01 2.315466865580306233e-01 -2.054927494038211455e-01 -2.731306075709463155e-01 6.651612247487120877e-01 -2.131347705682014038e-01 -3.482108989131056931e-01 2.693990409267899011e-01 -4.590085407600598133e-01 6.259064326542640444e-01 -1.991853832985938932e-02 8.397107038735872331e-02 3.478817382563107463e-01 -6.187964487947490017e-02 1.926124489629032766e-01
4.868178539036639996e-01 4.518832108385173463e-01 1.953555776836022329e-01 8.549685416249236045e-03 -1.765337394002809701e-01 9.645220068821570569e-01 1.877573736379323510e-01 -2.656968044494986136e-01 -3.074298171239374655e-01 5.809253993468749266e-01 -1.924952525386842417e-01 -2.940182606445862490e-01 3.844868011598798763e-01 -5.838287698103348244e-01 5.352593907527791739e-01 2.132027399297679870e-01 -4.473656427332935864e-03 5.265593719819379182e-01 3.487261388885820046e-01 2.341999382550619471e-02
-1.053913171554715367e-01 -9.314596325711574365e-02 -2.659349707836482501e-01 1.301904153324537306e-04 -1.096116756976192735e-01 -2.576498624486274758e-01 6.950751213611286450e-02 5.168455160702404433e-02 1.006848190209900379e-01 -3.190485103597537897e-01 1.293570016835831130e-02 -6.184243903475412640e-01 -1.881351732946914823e-02 -1.255896150667383526e-01 -5.934288603328018163e-02 4.261436203732577033e-01 -9.602850302828275231e-02 -8.774640825061338911e-02 6.998581721326478933e-01 -3.634572876597397945e-02
