5.425281030752256844e-02 1.793723448066246506e+00
-1.665180582477672644e+00 1.573304462499634182e+00
2.310532782607987556e+00 -7.288856873185731722e-01
5.491402108199549409e-02 8.297193949093235876e-02
1.706625268005330209e+00 -1.442108948759180276e+00
1.556706414565147467e+00 -1.445101811216907395e+00
2.961924502098557954e-01 -7.784100236512507820e-01
3.632934136494682109e-01 -1.334633086825317561e+00
7.262359040242469255e-02 -1.215476005655201641e+00
-8.981771450981239635e-01 1.457331719122328506e+00
1.492686579179879569e+00 9.181102556576683504e-01
-1.531348034541083036e+00 -8.462682391693523987e-02
-6.560218378064837097e-01 1.335831485114830741e+00
