-1.321806233081131432e-01 9.145178443119654776e-01 -1.260368918219416212e+00 -2.539695998319910220e-01 1.512855494275648638e-01 4.149480566781899027e-01 2.745685143780127735e-01 5.761014918802530582e-01 -8.468988790917428844e+00 7.653225712064105624e-01 -1.492580353088233946e-01 3.510461170638483064e-01 -1.182237612345820033e+00 -1.124746223760347275e-01 -6.828473034121844421e-02 -6.268769870520902732e-01 2.417370097041740898e-02 -1.860794953232910998e-01
-4.567615053444087914e-01 8.217003911712570385e-01 -1.115445806460275691e+00 -5.523946310223172562e-02 1.387848430983162351e-01 3.802469081479212809e-01 2.166442102767561773e-01 4.356425862772376756e-01 -6.228742719102262626e+00 1.287465702735552275e+00 -4.531560426093393379e-01 6.373997882194666342e-01 -9.405486347337086439e-01 -1.837335489541757905e-01 -1.988763649387306487e-01 -1.616432855792560019e+00 -2.451167059942986892e-01 -3.966389060516608001e-01
-2.874222804677594723e-01 8.117881759807663578e-01 -3.647844046341969793e-01 -1.068245368792958006e-01 1.620882587064607916e-01 1.892048393850442600e-01 1.497691253993083393e-01 2.167565011777211337e-01 -3.638700280691963940e+00 1.413750062698459153e+00 -3.344808134305882197e-01 8.324623539850583009e-01 -3.224274547456448814e-01 -1.175496673363214672e-01 1.017304752747692081e-02 -1.370973891646925180e+00 -7.882721361194545279e-03 -1.486227398768511232e-01
3.344897669189929312e-02 4.612795608571613193e-01 -2.772267244744797132e-01 9.405308977876661314e-02 1.208095150971657816e-01 1.690692387216367887e-01 -1.136186982354893821e-01 -5.256358898942107422e-02 -2.493571009676623262e+00 9.299412194977256796e-01 -5.494403980481465943e-01 6.960444288019406178e-01 -1.307577241859386175e-01 -7.887192185029480440e-02 -3.956416766932283058e-02 -9.120634908001583607e-01 -2.780023406938136321e-01 -2.350069323232059637e-02
-1.946082034501945557e-01 2.251299699439771596e-01 -3.914545262071417175e-02 -1.966248668645991515e-01 -1.844701097978648507e-01 2.547572129381787953e-02 6.203652002251480030e-02 1.720378444964175968e-01 -1.448316967196542571e+00 8.081667134171390821e-01 -3.914577956819192961e-01 5.568373468852594321e-01 -2.241389084842519974e-01 4.471281401500173253e-02 -4.720351963074478907e-02 -7.327763556710861215e-01 -8.772594052372455209e-02 -1.833031008592448108e-01
-2.059905261616526428e-01 2.280758762448555355e-01 -1.932606884739196396e-02 -2.020127117479129930e-01 2.013039737624003692e-02 -3.702488836415604445e-02 5.315503067407436472e-03 1.227312286570187844e-01 -8.647525679036007773e-01 6.117043109719794147e-01 -1.145170664155881202e-01 2.349150675904339569e-01 -5.014503055132389642e-02 -6.485160318058838524e-02 -1.517172295247461722e-01 -1.569885972007552533e-01 -8.286578231086417427e-05 9.715263832113305020e-02
-1.723257188127110540e-01 2.369939375795754033e-01 3.266831035163186847e-02 1.151912674984829216e-01 1.491182743733054650e-01 1.020810187339244723e-01 1.572865801371961247e-01 2.797020209176025521e-02 -4.481571067427773114e-01 1.035500622233652412e-01 3.106810389516368245e-02 1.347905682294477658e-01 3.121824361914462415e-02 -1.781088885953259482e-02 1.147722975072499735e-01 -3.686988989939822270e-01 -2.079645765542352809e-01 1.514044811009540026e-01
-2.476296832178941781e-02 1.955518736115669509e-01 1.056526065699124883e-01 3.137546574051693765e-02 2.869255540195773946e-02 -8.897714883215890325e-02 -1.483977752731973077e-01 1.698920431333367786e-01 -4.223343194807597234e-01 1.831604766617247471e-01 7.031702343660831134e-02 4.262148609350257383e-02 -1.558234080479463657e-01 -1.546211463723822233e-01 -3.015729152634517851e-02 -1.184153596342848447e-01 1.589149268618534339e-01 1.557849951233782893e-01
-4.313896034986350325e-02 -7.614652409321578941e-02 7.422037158556404890e-02 8.145349255159101132e-02 -1.875109269388887112e-01 -9.277619906958904650e-03 7.690549951560658737e-02 -1.585586020416725472e-01 -3.485255953194889011e-01 2.339754070117914253e-01 5.137120108998598222e-02 -1.123061550691997479e-01 -2.394814360115969099e-01 -5.629793840443714226e-02 -1.887421939583368569e-01 -1.471170953053061448e-01 -2.034029892715463472e-01 1.806819016821867852e-01
1.189132206007723624e-01 -8.855604343828697711e-02 1.247199174490618567e-01 -1.290252062727778037e-01 -1.178421283720929719e-01 8.063428470115563407e-02 1.799702158963371879e-01 -1.427158250824187846e-01 -5.024838587709845594e-01 3.705575227201395039e-02 -2.502577022498269077e-01 1.245024243179843615e-01 1.081406179968330550e-01 -1.252028759750287157e-01 -1.556420278239215582e-01 -2.201029566186863407e-01 1.728674877445283420e-01 -1.563045898682215995e-01
1.798478215510018741e-01 1.797874297985098402e-02 -3.605480279697951401e-02 -1.020449457611102700e-01 1.749938400855373111e-01 1.919181238179580862e-01 6.205534186449392087e-02 -1.291492688996480342e-01 8.048890757889065606e-02 -7.383915501709129026e-02 -2.259572886334781233e-02 -5.141848484975592576e-02 1.491765917810419229e-01 1.782716052462856582e-01 1.211663018866898089e-01 -2.225252799330103282e-01 -1.128433974328117151e-01 9.543381722397178968e-02
-8.683694237941096128e-02 2.680211743851317746e-02 -1.937513022603345458e-01 -1.613137349690846045e-01 -1.915967202368487332e-01 -1.646547452555116031e-01 -1.633121120815769767e-01 -1.998259990818120752e-02 -2.760176179234581362e-01 1.866909216462447618e-01 -1.819620352810378261e-01 4.529925130990607174e-02 2.187759863833796392e-02 -1.661774849035199397e-01 -2.254312091555381314e-02 -1.768802105110857670e-01 1.693391413823864822e-01 -1.799971511179559724e-01
-4.240066902571851259e-02 1.220243340798726761e-02 6.928413625751211891e-02 -7.606312119123265214e-02 -1.181709615677957737e-01 -7.518038934667337081e-02 -5.216556881518914952e-03 2.022729192644314167e-01 -3.170628388436369516e-01 -2.279487929160689541e-03 1.206812473921207648e-04 1.314563787410306106e-01 6.550969612963672417e-02 -2.153365515964738436e-02 -4.082441247440103671e-02 -2.379276010977502548e-02 -3.749491263756745546e-02 -1.064514076237702556e-01
-2.262255499055208785e-02 2.072300707810517395e-01 -1.580097445858134053e-01 -1.537010346209568244e-02 5.509933663233923529e-02 -1.559315511319044317e-03 -1.101486194920884426e-01 -1.814120341437810424e-01 -3.251808337883525524e-01 1.357888238617696586e-01 -2.223972678881232790e-01 -4.231992692651866117e-02 5.818538672104242582e-02 5.156871124593010586e-02 1.784227811253407889e-02 -2.441936855003639661e-01 7.282384108386913413e-02 -1.527921872714259680e-02
6.556298001132490616e-02 1.297387230226906552e-01 -1.285069538280436685e-01 9.938724002489611464e-02 -8.789110862935500812e-02 2.009182922199658217e-01 -1.423443843615452009e-01 1.661068326901653514e-01 -4.771143490064185810e-01 -2.415192233930893440e-02 -1.515398195880172938e-02 5.899145422336350697e-02 -7.899184694463450007e-02 -1.591870419042890894e-01 -9.912262887075880269e-02 -1.443550599802650714e-01 9.430466467010828469e-02 1.580126116476130993e-01
3.147601837800331759e-02 -1.679572236625023751e-01 9.176194862301131905e-02 -8.290423535289882795e-02 -6.400676970908349139e-02 2.064099710067297117e-02 -9.383020385585301437e-02 1.861466064369357576e-01 -4.600332216220294201e-01 1.428940234377715918e-02 -1.027793823570401915e-01 3.157858707410036297e-02 -1.376789104541475961e-02 5.085625348062645934e-02 1.242550258126688331e-02 -7.285460716323380326e-02 4.805833620738970968e-02 -4.507512654009558639e-02
1.024244497130210596e-01 1.411745071956819197e-01 -1.169031018349402373e-01 -6.088500254601805078e-02 5.159721905747055581e-02 -1.256491711243228893e-01 8.117448939599772317e-02 -3.551052680237298809e-02 -1.415185869219591219e-01 -1.046229998155478180e-01 4.996926600819375647e-02 -3.839552420986788728e-02 -3.640543539451653737e-02 -3.395636413037549095e-02 -9.539497735052082650e-03 2.644054279438668928e-02 -7.786348604256261574e-02 5.215926895256284279e-02
