-5.647950314771438621e-03 2.540524183148890613e-01
-1.320265341000268711e+00 1.858705881251245806e+00
2.033864860375886430e+00 -1.324086813191103662e+00
1.217121647119829564e-01 8.138832310353104615e-01
7.908069057131308366e-01 -1.167473468599352915e-01
9.482463193331721607e-01 -8.021746897329646853e-01
-6.652006814338703999e-02 -1.027683887658468326e-01
-7.559255683406473914e-02 -1.289811562588183858e+00
3.693536846852967792e-01 -1.037751524898437250e+00
-4.354284218037993148e-01 1.753028508073572578e+00
2.278484611600829268e+00 1.369564413150843318e+00
-2.568477363351653331e+00 -1.473104482210081390e+00
-2.585819490322792680e-01 1.197151193086206877e+00
