-1.618510328478436067e-01 5.500798928393242360e-01
-5.123396589858971728e-01 7.441411324755885237e-02
-4.376951862167501317e-01 2.128845489862295770e-01
-5.798761711981075678e-02 3.804992459237693803e-02
1.176936500360351162e-01 6.576315989961943609e-02
-5.702932402383933397e-01 1.256966425066952109e+00
-2.120350636348405926e-01 -7.911780424799607150e-03
1.840639662922667896e-01 -3.101596355166719721e-01
1.530648582566834504e-01 -1.709180015993667090e-01
-5.980618962740106292e-01 7.778937417464218962e-01
1.161420795981134846e-01 -1.536833425958328003e-01
1.818608388234833617e-01 -1.411368204350963218e+00
-5.241404212982577748e-01 -1.736128349223503009e-01
1.071079622082860450e+00 -1.147551236336690102e-02
-8.322557936829408920e-01 3.846366196469999665e-01
7.405717146750629976e-01 7.449332820861831461e-01
-4.288797605825031209e-03 4.092617487434972029e-02
-3.845447656567663741e-01 2.617595824930784576e-01
9.647214635778423863e-01 8.235048267845809233e-01
-5.662408376718289921e-02 8.059864095057220693e-03
