-2.907418983171459748e-01 2.611548510639776222e-01 4.388626728141242772e+00 -2.942992203512488358e-01 -2.790769365425562198e-01 -3.178578697903815531e-01 8.345791600827093815e-01 -1.370498149804874055e-01 -2.065174582294661831e-01 4.916133934787933479e-01 1.562778328509587311e+00 -5.879511476983229068e-01 2.998593871171638670e-01
-9.616923019530426719e-02 2.973254415374506077e-01 4.430862198041241040e-01 -1.053844234823509141e-01 -2.242624436694956314e-01 -1.736442152741977663e-01 1.008883374434635521e-01 -1.484483096864678275e-01 -2.536960625380822454e-01 3.055297690512585596e-01 3.033996054970383160e-01 7.480035653759810332e-02 1.734234501422879104e-01
-1.897903427135122501e-02 -3.803444873150275268e-02 1.184611842750760841e-02 9.904380669513924984e-02 1.385230930694750784e-01 1.023039062563655677e-01 -5.033965355464217750e-02 1.941467084719516456e-01 1.840480715747380702e-02 -7.057932158556012858e-02 8.258537136062056583e-02 1.799892288789825268e-01 -7.785645367200690753e-03
6.612678547410522079e-02 -5.649542850651621817e-02 -6.831015437007342816e-02 7.840170496914491971e-02 -2.016292005241407392e-01 1.176890724270815702e-01 2.440977261109841812e-02 -1.613610303098820253e-01 -1.730649607630851960e-01 7.694429269395110238e-02 1.628733313121294990e-01 -9.344489271507236405e-02 1.998252421260632017e-01
-1.608898264902185182e-01 1.498203104140885811e-01 -1.264966222413603340e-02 -1.709106074879723214e-01 -9.129324337588537452e-02 -2.502898450156625793e-02 1.207348144574539872e-01 1.444485270491926154e-01 -1.581949720183579988e-01 1.568723048248107238e-02 7.529372204168560678e-02 -6.491120094034943944e-02 1.533336450018690789e-01
-8.967972260401908813e-02 -1.859452354180821942e-01 -1.359239655565041005e-01 6.742667037282945586e-02 2.169115383779329775e-02 1.732286788039466563e-01 1.810892820284921712e-01 1.633984690856116750e-01 -1.926260923128582936e-01 1.121520035705939194e-01 8.201938216292212203e-02 6.000343329188084079e-02 8.926633487293467173e-02
1.536605824260335873e-01 7.504277304650729119e-02 4.738501312251523767e-02 4.128775587990792450e-04 -1.214870405759664318e-01 2.155927770104730870e-02 -1.740518540561161454e-01 -1.412663313495181039e-01 -8.892787297871460050e-02 1.512515644310713503e-01 1.219545010665662454e-01 -7.169422487230854568e-02 5.627229176876526878e-02
-1.862772451901678616e-01 -1.269621396629535826e-01 2.594928903516121044e-01 -9.113560162917445917e-02 -4.393702813228602538e-02 1.283205078007848728e-02 -7.073995218379436345e-02 -9.299680452688341079e-03 -1.150488369566249336e-01 -1.683563683113611653e-01 -1.191769654803041673e-01 5.044696636031285354e-03 -1.679673573403976661e-01
-4.030615079117029487e-02 -6.515893036540684746e-02 -1.900202238264621021e-02 -1.627238430484621301e-01 1.623350719744067749e-01 -1.392245870388146047e-02 1.427222209194629610e-01 1.900758901123014988e-01 -6.801744651018649945e-02 -9.245836014221625945e-04 9.260805469535973722e-02 -3.303688288190290839e-02 -7.338942391484307159e-02
9.255268040930186846e-02 1.600276491386154465e-01 1.981569066206482765e-01 4.944899770977981973e-02 -5.024912869274909127e-02 1.883149294972053245e-01 6.180265129587456108e-02 -1.738370408437641124e-01 -1.685511658048474415e-01 1.032403352461301604e-01 -1.733372279386432568e-01 -1.988198302633092107e-01 -3.918484808702819150e-02
7.276254831446337355e-03 -1.765361888406073027e-02 7.390623516471331658e-03 3.299353327874507413e-02 7.128725885329369183e-02 -3.284092246219380562e-02 -4.690719771001054805e-02 1.952901067634725818e-01 -9.950123388506287858e-02 1.138723707573935096e-01 -2.699209905880493171e-02 -5.988807316507351736e-02 -1.705997013005340068e-01
1.367716461917379278e-01 1.023317105384085185e-01 2.758026583479269433e-01 -3.653210281201130227e-02 6.551591407455592542e-02 -1.675276023638868905e-01 -1.437394344619524582e-02 -1.190115670653192209e-01 -2.080233708088396749e-01 2.185956567262520578e-01 -8.597647162004563859e-02 -1.496081040026679687e-01 -1.119652261993120679e-01
