-7.060258188509236678e-03 2.540926297551779345e-01
-1.319157319009585327e+00 1.858665669810999121e+00
2.034954346580799101e+00 -1.324127024631428950e+00
1.202052144272807432e-01 8.139234424755875663e-01
7.896450712550964202e-01 -1.167071354197591060e-01
9.470875252735611038e-01 -8.021344782926553840e-01
-6.543058168447624112e-02 -1.028086002061150833e-01
-7.896295803283345793e-02 -1.289771351230167395e+00
3.681820377858665561e-01 -1.037711313459274143e+00
-4.343389268217027199e-01 1.752988296633247289e+00
2.279574097805735278e+00 1.369524201710518030e+00
-2.569569594853549077e+00 -1.473064270769756101e+00
-2.574504041178047320e-01 1.197110981645886918e+00
