-1.246107721429728366e-01 -1.472633803715282241e-01 -4.837352046361086400e-01 -4.237017714622537956e-01 -1.035314953200987820e-01 4.700028165799107760e-01 -6.149955964574305156e-01 -2.287347391662227641e-02 1.378976672508974433e-01 -1.004729446620106492e-01 -1.352396214227392091e-01
-6.307215506249806980e-01 7.065657615445400941e-01 1.321804371217975227e+00 1.697473221716788716e-01 4.435087472181390988e-01 2.519852780999498609e-01 1.997837861600444631e+00 1.799450609257671058e-02 -7.482064525824570593e-03 3.454800157359488311e-01 -3.338510635461640619e-01
-7.383372173842756014e-02 1.428697075484170464e-01 2.310841980123469475e-01 2.095263062530740641e-02 5.874731931583444117e-02 -6.725109223828636129e-02 4.935436565083523019e-01 -3.819570473781911529e-02 -9.615936757199222001e-03 1.511334493471091778e-01 -1.795846279358564723e-01
-2.073396372013852351e-01 3.106633858081842003e-01 1.526994600308995698e-01 9.170083167391869516e-02 -1.501030462896076056e-01 9.985108547363702458e-02 3.619467733030968803e-01 -2.275741761612839476e-01 -1.567371812009377419e-01 -2.332748917460834501e-02 9.899352053303044074e-02
-5.019458241485558886e-02 -7.054761243497231771e-02 -8.008072418662760816e-02 2.015484087512663669e-01 4.109842562110224001e-02 8.292536703498518125e-02 8.634815303536198805e-02 -7.217076342351136375e-02 -5.691280774561083278e-02 5.315336486040767028e-02 -2.053752911668713932e-01
2.160952568159197479e-02 -1.784940191616354033e-01 -3.602089045909505627e-01 8.153094263702080624e-02 -1.225654011951287370e-01 1.334060098775865510e-01 -3.140621098086558427e-01 -7.515899369944398223e-02 -5.211127821153052619e-02 -2.152268085619171017e-02 2.575449032797366353e-02
3.194468757027600359e-01 -4.365356864957145033e-01 -5.104347601147189994e-01 -2.103283730549791453e-01 -2.287915303443006088e-01 1.421392644841114050e-01 -7.516318045012997384e-01 5.478458149951738465e-02 1.827059130300761891e-01 3.248918116122696126e-02 1.133930565353019476e-01
1.192978341290502203e-02 -1.372007129274018800e-01 -1.030446470398078546e-01 -9.528753291182946727e-03 1.147056232761541339e-01 3.360335727227643093e-02 -1.984422643732267344e-01 1.229497333160653599e-01 -7.520169819092234476e-02 9.123341763715081543e-02 2.402503914191415346e-01
1.998495848523505480e-01 -1.709101017577752402e-01 -5.175343121320564732e-01 -2.336002421265543083e-01 6.529924667643491158e-03 -3.796890585367259513e-02 -5.549068498806697392e-01 5.329634554163945742e-02 -7.332416352503341728e-02 -2.581129914463889397e-01 1.683154280389734525e-01
1.465277232447968481e-01 2.251392899192500990e-02 -2.534097638368787084e-02 -2.596423132307135728e-01 1.144732182133742782e-01 5.297928764586360417e-01 -3.123909941001036250e-01 -1.843944207415929848e-01 -7.699043362384926092e-02 2.096304631527893259e-01 7.026441649670137068e-02
