1.714580769537408234e-01 2.544970738501592389e-01
-1.500734479606396832e+00 1.858261225715384546e+00
1.853199599489600891e+00 -1.324531468727608408e+00
2.987982069231996940e-01 8.143278865708103442e-01
9.708239103021342187e-01 -1.163026913250500421e-01
1.128305110629788333e+00 -8.017300341972580791e-01
-2.471853260056013635e-01 -1.032130443013139498e-01
7.393322547624431307e-02 -1.289366908112935528e+00
5.491974923819562537e-01 -1.037306869370629991e+00
-6.160935764756547695e-01 1.752583852537067832e+00
2.097819350714534625e+00 1.369119757614338573e+00
-2.387846230321787111e+00 -1.472659826673576644e+00
-4.387744604032534079e-01 1.196706537549749205e+00
