-2.895081852005519374e-01 2.593301694984668226e-01 4.388626728141242772e+00 -2.911271695261180570e-01 -2.760306424519866075e-01 -3.148309049540697901e-01 8.345791578778257724e-01 -1.573453549456778344e-01 -2.041535599924247657e-01 4.916130014137215509e-01 1.562778328509587311e+00 -5.885699524084138101e-01 2.987913439506462154e-01
-9.542190723890293935e-02 2.963297250048042564e-01 4.430862198041241040e-01 -1.033244787708749307e-01 -2.225777638786169133e-01 -1.716312200891217665e-01 1.008883355266897569e-01 -1.610589036266157625e-01 -2.524947643582912682e-01 3.055294955727769768e-01 3.033996054970383160e-01 7.426611532492546908e-02 1.727548988216171533e-01
-1.881139528192890542e-02 -3.829614626395672072e-02 1.184611842750760841e-02 9.945720053035424224e-02 1.389572545354621769e-01 1.026925234769360123e-01 -5.033965378084929998e-02 1.915810658579187031e-01 1.875428073769166287e-02 -7.057937032643503417e-02 8.258537136062056583e-02 1.799252749921632921e-01 -7.928030970529109309e-03
6.617562299082420385e-02 -5.655558335270964576e-02 -6.831015437007342816e-02 7.854257144854207007e-02 -2.015263187621430252e-01 1.178286892883441822e-01 2.440977245972223569e-02 -1.622167651719010617e-01 -1.729966919309539608e-01 7.694427320730297393e-02 1.628733313121294990e-01 -9.348696801265141132e-02 1.997805799292776130e-01
-1.608656686596675323e-01 1.497924992682088674e-01 -1.264966222413603340e-02 -1.708384720354486908e-01 -9.124520373902093862e-02 -2.495673634865408150e-02 1.207348143722463962e-01 1.440098065493838064e-01 -1.581652754690021090e-01 1.568722020362713424e-02 7.529372204168560678e-02 -6.493484661832507610e-02 1.533111695389838824e-01
-8.965179837335862656e-02 -1.859833945306086367e-01 -1.359239655565041005e-01 6.750240651038076634e-02 2.175550682647812636e-02 1.733023147982631629e-01 1.810892819619708827e-01 1.629400710400040198e-01 -1.925792539961639072e-01 1.121519936665448941e-01 8.201938216292212203e-02 5.998486974413774070e-02 8.924154586817791002e-02
1.537356271644430561e-01 7.493634805934624998e-02 4.738501312251523767e-02 6.115452634816386478e-04 -1.213084210607730667e-01 2.175084322128863559e-02 -1.740518542143663361e-01 -1.424854614737677272e-01 -8.879382603126051432e-02 1.512515390860413866e-01 1.219545010665662454e-01 -7.173848441925113895e-02 5.620643220930282569e-02
-1.862449386117612238e-01 -1.270051075970438648e-01 2.594928903516121044e-01 -9.104646653465799100e-02 -4.386430950367323223e-02 1.291918816115102987e-02 -7.073995226704182793e-02 -9.841502357319403468e-03 -1.149970824897805083e-01 -1.683563801579934516e-01 -1.191769654803041673e-01 5.021495713312343172e-03 -1.679962718634972207e-01
-4.028737671295893469e-02 -6.518494945932716556e-02 -1.900202238264621021e-02 -1.626733677114950427e-01 1.623788708448863916e-01 -1.387353687905089686e-02 1.427222208766519840e-01 1.897645097104553868e-01 -6.798517398703159131e-02 -9.245901412926134421e-04 9.260805469535973722e-02 -3.304883864652050085e-02 -7.340602096667596388e-02
9.256067977079299181e-02 1.600166283507122866e-01 1.981569066206482765e-01 4.947059671385663909e-02 -5.023056425723913115e-02 1.883358875967283408e-01 6.180265127727388452e-02 -1.739731946182345168e-01 -1.685375346531506613e-01 1.032403324376650333e-01 -1.733372279386432568e-01 -1.988250231042798799e-01 -3.919193402145899202e-02
7.284723462710950177e-03 -1.766379669516387335e-02 7.390623516471331658e-03 3.301827117722757471e-02 7.130472841212175117e-02 -3.281630400373981155e-02 -4.690719773759312317e-02 1.951413380830792355e-01 -9.948992972837834847e-02 1.138723672956522270e-01 -2.699209905880493171e-02 -5.989573487756609527e-02 -1.706074943410021971e-01
1.368568715516849943e-01 1.022108422712588449e-01 2.758026583479269433e-01 -3.630648888298866617e-02 6.571877174605306182e-02 -1.673100576151649310e-01 -1.437394362588830139e-02 -1.203973405114873163e-01 -2.078711138253367674e-01 2.185956279447832939e-01 -8.597647162004563859e-02 -1.496583607403925154e-01 -1.120400191633445369e-01
