-1.808191900631668236e+00 -8.184018821632518259e-01
5.497099566811788351e-01 -1.819890240969324280e+00
4.356943486914157115e-01 -1.879500986732078882e+00
-1.494085121781142389e-01 1.581873675555461878e+00
-1.910433902345177737e+00 1.327324804229047528e-01
-1.685081386354537081e+00 1.489576093233326404e+00
6.411439809186056937e-01 9.932354562206490156e-01
2.507022694924671558e-01 -1.949634785536882964e+00
-1.802765174851205021e+00 4.589030045444781325e-01
1.695636756839145054e+00 1.463097698114272038e+00
1.069299650943744462e+00 9.379136022746920043e-01
-1.243031071505611873e+00 9.769416661469116914e-01
-5.804134261843985065e-01 -1.548846731631228657e+00
-2.055351529415716527e-01 -7.046370813436375613e-01
-1.376055254580126785e+00 -3.385953724819468769e-01
1.773612192556175859e+00 -2.294051182474823869e-01
8.399699484131557814e-02 8.643110253916439500e-01
4.781761903438021960e-02 -1.456688297242643593e+00
