3.003353774058643566e-01 -5.773116875043039498e-01 4.380008810646905948e-01 2.007583522734736337e-01 -6.937538020901303781e-01 -2.925489838104732843e-01 1.796423401734096592e-01 9.475411835418181550e-01 1.850772060821432419e+00 -4.350645668332925875e-01 5.246272053389551271e-01 2.330999833087715467e-01 1.002304187391877877e+00 7.662470850873311923e-01 5.818346768120132850e-01 -2.588150026870588705e-01 5.339077015069053633e-01 -1.589528914132859239e+00 -2.574041702393422559e-01 9.000883213942412198e-01 4.438857834403567848e-01
1.240357393707186423e-01 -1.766199073659820706e-01 2.762748369250090374e-01 2.741347192709476244e-01 -4.057489671161783606e-01 -3.123097177502025534e-01 2.657213631675864329e-01 3.084443092497817784e-01 8.679752327567441528e-01 4.228469325287784186e-02 3.545504106450912685e-02 3.863710677430354790e-01 9.221269014062588587e-01 4.229825186507818469e-01 1.118745331648687141e-01 -4.099960638306508476e-01 1.243482068253848882e-01 -5.915025225144335819e-01 -1.864087628251153983e-01 2.960317507626932798e-01 3.719939824841650422e-01
1.544960741111830183e-01 -3.468146036199400983e-01 1.650591705615004068e-01 -2.825135908392449602e-02 -1.649389487886311900e-01 1.807353845052778185e-02 2.203024649485481601e-01 8.565055423119295741e-02 6.657258962508816671e-03 -4.214283499738916139e-02 -1.432336512265773298e-01 1.459460586562997264e-01 4.905327648348481451e-01 -5.480059489252999544e-02 -3.895117580824329628e-02 -1.688892486174526364e-01 2.151662360199785573e-01 -2.372130531429005873e-01 1.430556014852892854e-01 3.307924173296682840e-02 1.260692570495300022e-02
-7.110742232912894978e-02 1.326002144408007788e-01 1.875237640678768802e-01 7.349995453336047313e-02 -1.636424879288347345e-01 1.915358092735189033e-01 -1.461858708761913650e-01 8.831065305897198292e-02 -1.892114030000159250e-02 1.467607816144756994e-01 2.082111898703881692e-01 1.463668633140605135e-01 8.142271743033191803e-03 -5.779876975015969115e-02 1.280368023807695876e-01 -1.082957766490919710e-01 -1.044632895342046015e-02 -2.106918946217744004e-01 -1.588260402356850010e-01 -1.426098029868032857e-01 -1.431105314086491553e-01
-1.677998905155078935e-01 -5.707549785282546584e-02 2.718626255446693687e-02 9.981953791665296172e-02 -1.653888951351313308e-01 -4.548526786152037177e-02 5.611157180528578148e-02 -1.327729637667979246e-01 4.355302517644594335e-02 -6.395808750896130046e-02 1.971934763592315676e-01 -1.621638173104497371e-01 1.227918251059239782e-02 -7.589383677662701021e-03 1.069136292294727841e-01 -8.650949718416812984e-02 -1.109297379742945899e-01 -1.103115920000218714e-01 -1.544795980146196172e-02 1.985271089119689525e-01 1.354903203864340766e-01
-8.586124281311069417e-02 1.721427701803186425e-02 7.882567227106074270e-02 1.247871452721035501e-01 -3.171376520515673675e-02 -3.928294442458454827e-02 1.119079959539059366e-01 -1.847398193536749569e-02 -6.733011628324084286e-02 -2.324342523672569619e-02 1.834785151784705248e-01 -1.390780504256913519e-01 -1.844390613199724293e-03 6.773192223153420843e-02 -1.497823927128843222e-03 -1.228610036306145847e-01 -1.958403697087826856e-01 6.921238345601002373e-02 4.337856039396810470e-02 -1.883001553578858567e-01 -7.312818089232359098e-02
1.102889987805805855e-01 3.892916111309163013e-02 1.934856247060301807e-02 -1.278135700093698535e-01 8.360512754125244694e-02 -1.531254169405348552e-02 7.700654168653886522e-02 1.206684223582258353e-01 -1.025805802383544796e-01 1.070828250010845695e-01 -8.734306119076175323e-02 2.009171240877563047e-01 -1.274014169790389506e-01 1.539883598406535381e-01 -1.761788874373660663e-01 -1.046570621742858448e-01 1.349473810906917648e-02 2.397000583969982265e-02 -4.551346077674153084e-02 -1.501917124444444307e-01 -1.006769311860351845e-01
-8.509015202898262409e-02 9.322420475836190601e-02 1.639472301481162964e-01 4.469453262792409676e-02 -1.848312252468978789e-01 1.099052259473083659e-01 -7.550433290100010131e-02 -5.181911427401282577e-02 1.405272553161823236e-02 -1.006343797257457651e-01 1.690157178425567286e-01 -1.291956508201822507e-01 -1.605053787472062246e-02 -8.424715180122918645e-02 1.425304589965448523e-02 2.395429414013112296e-02 5.399787639204498696e-02 3.794873329709601241e-04 -3.778000682225857859e-02 6.217008225679655775e-02 -3.914656619935761445e-02
1.124922490114004109e-01 1.121129656864787161e-01 -8.210592789413331816e-02 -4.792108233366272618e-02 5.025292886498506501e-02 -1.429625213897262048e-01 7.997940903501464527e-02 -4.288225064844022882e-02 4.191707668495509020e-02 -1.464926412028236535e-01 6.923532460709909409e-02 -5.637274379342123443e-02 -4.174496604381236660e-03 -3.210599707678506859e-02 -6.729462399401084545e-03 7.569067625623426832e-02 -6.969494886505434028e-02 5.124808589207306697e-02 -1.768430638730320581e-01 -7.246718618241446142e-02 9.978309927951303782e-02
-1.774822877022836642e-01 4.290405783100256082e-02 -1.884408636833596606e-01 -6.376882578188190417e-03 1.532519135560689860e-01 -2.011497254047083794e-01 1.271855069565517270e-02 -1.654281134601600645e-01 1.563375411804239501e-01 7.134932342709185416e-02 9.982275867213473430e-02 7.112428659606015446e-02 -1.855525338677001257e-01 -1.802461875749918896e-01 5.289606824720045203e-02 1.960284293141057732e-01 1.522583920223687659e-01 6.156078380381422438e-02 8.893774271089908978e-02 -1.016726660366294305e-01 1.029924558480639352e-01
-8.282343392805757709e-02 -1.635384887925875608e-01 -1.481362442642765627e-02 -6.129111632300578150e-02 -1.360966183977655175e-01 -3.843375104860170116e-02 1.619976006953236236e-01 -1.766529442195472269e-02 -7.269748714502236378e-03 8.087570400104181212e-02 1.364550656203745820e-02 -1.446856773875596636e-01 1.763846472901883511e-01 -1.751691846787891901e-02 1.204018238699812587e-01 -4.840481274794933980e-02 1.263292006420299596e-01 -6.139758385655441630e-02 -1.143426800675731159e-01 -1.118321263292680612e-01 1.790770158077345520e-01
4.265751842590322085e-02 -1.987051443833685871e-01 -3.987837036431118171e-02 -8.049811695517999910e-02 -1.805520404057494865e-01 -1.495850190414124148e-01 -1.626599938074779483e-01 8.234586609983107763e-02 -7.386155612102421331e-02 3.548550331079602937e-02 5.927565417249948398e-02 9.392008952624768259e-02 4.525415856176315949e-02 -6.540499761794016376e-02 1.667753219749459892e-01 -7.196698998409317705e-02 -4.616035280695316920e-03 9.163615407610400249e-03 -3.659564707713025035e-03 2.164571761166133312e-01 1.946130729712083340e-01
1.769734604284765589e-01 1.611461472295648567e-01 3.451972969600305280e-02 1.237316341172786313e-02 7.683882711498526974e-02 -1.252154863441478361e-01 -8.519601057798992239e-02 -1.646356035848779431e-01 -1.108084249501599394e-01 -2.044231584223573650e-01 6.789018047936451472e-02 -1.359776593081613305e-01 1.411604279738700729e-01 8.050655984605639692e-02 1.982699823488903168e-01 -4.992494760999040965e-02 1.760876969118858326e-01 -3.876199298658205422e-02 -7.039069575660913958e-02 -1.388777064228118585e-01 1.584482365433005635e-01
1.195403118654058267e-01 -7.612937663094629381e-02 -1.691864071479903808e-02 -6.498245136983780978e-02 -1.920442595260901664e-01 -1.853339354385284965e-01 -4.950875105388199970e-02 -1.088537114913624010e-01 2.330606446864579712e-02 -1.265146086903770339e-01 -1.160995961549560473e-01 7.228417329165377769e-02 1.050141889069688000e-01 -7.016485044596829090e-02 1.477753389656864258e-01 -1.015159391031331404e-01 -6.065321827841829022e-02 7.528558665385082227e-02 -1.844948698316792590e-01 1.789828574461931332e-01 -1.683819445339736487e-01
-1.393471974136256154e-02 8.685683432685065153e-02 -1.810559559366713700e-01 1.305179579688952873e-01 1.907368268577970816e-01 -2.166782328596639565e-02 -1.485625784220117318e-01 -1.631661116978227188e-01 -1.539058809605214906e-01 1.062165107470049996e-01 -3.319961624039188819e-02 1.695611970757311959e-01 -1.745391211360255296e-02 -1.670699097331893035e-01 -2.688535447753396396e-02 9.991647293934331764e-02 1.334937834223280939e-01 -1.898665038163989682e-01 -1.301934329780934096e-01 2.233109882563121158e-03 -1.479737025333967004e-01
1.492536416527880383e-01 1.702461691867749871e-01 -6.991692269774391066e-02 -2.395153576055467429e-02 1.899542081015629519e-02 -8.892452730058508781e-02 1.715494258276120676e-02 -1.143190995254139142e-01 -6.911619484130469837e-02 -2.727176142829475236e-02 4.538422551158287355e-02 1.676248928846226297e-02 -8.782824653681053917e-02 -1.025610390568128943e-01 -1.494044248317110968e-01 1.108365980658109207e-01 -1.591473553214194092e-01 8.684319855778466213e-02 -1.017298153610600026e-01 -8.269828984563491747e-02 9.807995722251505732e-02
6.480614911286401714e-02 9.401922905910971295e-02 7.310880597749397358e-03 1.454264069768859691e-01 -1.551862077376982563e-01 5.644959518296386453e-02 -1.513471911764758537e-01 9.876571150217125505e-02 -4.432092198947010925e-02 6.823547711692078133e-02 8.439339755765092044e-02 6.593977481334133139e-02 -1.056799489965922351e-01 1.375174365097454610e-01 -1.018773766078041321e-01 5.454601884744498044e-03 7.140830664242282799e-02 -1.110886496940172025e-01 5.028531827821568212e-02 -8.140095790451337687e-02 -1.284544389203324533e-01
1.245850993808498980e-01 1.800130620620882249e-02 -6.726071227487380455e-02 3.662864632863090802e-02 -1.904912669352312737e-01 -1.503054405473051025e-01 -4.122418044032413742e-02 1.948558130231003160e-01 7.651655374661852152e-03 -1.734978507703650863e-01 1.073500259943567792e-01 1.145829241099349805e-01 1.166548337685608672e-01 2.883909652416961206e-02 8.072688014122957056e-02 -1.167532312836636749e-01 9.394769163822834501e-02 1.222830165282374065e-01 1.029349213893936132e-01 -5.599688730937780329e-02 3.798319203216535961e-02
5.350518594706739350e-02 1.576014793584507578e-01 -1.563241199409129978e-01 1.390929624274939713e-01 1.136472439323259719e-02 -5.545432366586238587e-02 -1.451839891629039779e-02 -1.909525506417186491e-01 -1.102290517277496051e-01 6.071467067887287294e-02 6.468198943683066415e-02 -3.610574777105718066e-04 1.872914653999332157e-01 -7.438054114961250955e-03 -7.205384548124404986e-02 1.371521134667878505e-01 -9.431616710326663766e-02 3.806982229887057728e-02 7.914376871607872732e-02 1.336418745759100080e-01 1.137346396404239901e-01
-3.586771803784959828e-02 -1.957716438516610702e-01 -1.813907943720049487e-01 1.230146368853640149e-01 1.755968660980866125e-01 -8.247879310819500320e-02 -4.961850312885875483e-03 1.184241259861479045e-01 1.093876513165881331e-01 -1.037457972524536698e-01 7.996477329937660972e-02 -6.565759278962918222e-02 -1.563704234822622247e-02 3.176824586916905668e-02 1.090529471515644944e-01 -1.530979015273577770e-01 -1.759001408167876201e-01 4.734830558358016708e-03 -2.023284561043764695e-01 -1.411434788636706517e-01 -1.007483963025471024e-01
