-2.239621967596673868e-01 -8.519858857664450724e-01
-1.514805171482723978e+00 1.518917934735268371e+00
4.230987692702267711e-01 3.597738426545458723e-01
5.471357023064268299e-01 1.942663091125153896e+00
7.878405586594880092e-03 8.329549442533963621e-02
2.737404466299737243e-02 7.934261304343110943e-01
1.529499236852605248e+00 1.053987464482177616e+00
-1.369401854427002574e+00 2.005692725365626927e+00
1.618000290352234360e+00 -1.671885720942765774e+00
9.635119405189398467e-01 1.746505744092407886e+00
