7.728513309528057054e-03 -1.512775622508676643e-01 -7.099352916678086656e-01 9.130505922005599517e-02 1.518222673828714675e-01 2.251734816778346027e-01 3.975592995927441087e-01 1.553492691886220745e-01 -3.707694350168255770e+00 2.683401788250827646e-01 8.701073855225422982e-01 2.720264003281848073e-02 -2.051096258351712831e-01 -1.124909252725618813e-01 -6.550448716420217976e-02 -1.010305753183479371e+00 1.869337236066966335e-01 -3.189353428160411619e-02
-3.394922495345177871e-01 -1.598105036751658325e-01 -6.571102339958408978e-01 1.553947062271659463e-01 1.388575460183981147e-01 2.224776518202170317e-01 3.921095086932995244e-01 3.553947256837263202e-01 -3.874469314098466732e+00 2.897064769729401079e-01 6.460526998969668977e-01 2.019014730571438432e-01 -3.570526870497077732e-01 -1.837469183058354494e-01 -1.950610876709307495e-01 -1.665642615739156840e+00 1.262619596217912261e-02 -2.697980624984525067e-01
-2.241861171253822504e-01 4.568801115686878245e-02 -1.161929673576527766e-01 3.825283230749713936e-02 1.621187302459251300e-01 1.035135752695156425e-01 2.438912582291711262e-01 2.276571978487530179e-01 -2.290316223996273326e+00 4.657874207314828818e-01 4.209486925749812425e-01 4.540498554373849083e-01 2.541295889191513661e-03 -1.175577079888592835e-01 1.362758281464158776e-02 -1.571257259613611845e+00 2.027898752479002364e-01 -7.909981200625290643e-02
6.886592939011215719e-02 -5.840286030681155621e-02 -1.368645570967089720e-01 1.716022080008078876e-01 1.207068037277739397e-01 1.205910232785213226e-01 -4.463349495565375330e-02 -4.857924071789923581e-02 -1.226762785085822927e+00 1.725385926138320869e-01 -6.470899914187441815e-02 3.788804088830856065e-01 9.569430226973250908e-02 -7.887764907689456817e-02 -3.682813738388127089e-02 -1.164253969813870970e+00 -1.105010968073558419e-01 1.632137954829430623e-02
-1.752960675280554048e-01 -9.513765313660750567e-02 3.789634740957804893e-02 -1.551833774215909401e-01 -1.845509090022144916e-01 -1.174692472733700243e-03 1.193532948268418714e-01 1.715847047703460693e-01 -3.565643212251938809e-01 2.788055179995314603e-01 -8.606277884259759536e-02 3.062306112619444520e-01 -6.532364824343403487e-02 4.470868062629343442e-02 -4.514643249707811501e-02 -1.197647615046054215e+00 3.655026764008179052e-02 -1.611975391670619207e-01
-1.981118827673846450e-01 4.060295620688681578e-02 1.278534223071411784e-02 -1.450464404987844014e-01 2.022469986949065185e-02 -4.818886365229152480e-02 3.593345737470857171e-02 1.194561656324134025e-01 -1.575434583324588911e-01 2.953166723618548817e-01 6.266359296732681994e-02 5.990625248700628264e-02 4.259772880429129466e-02 -6.485363477298498880e-02 -1.500618419616971400e-01 -6.550853900160920062e-01 7.559980386123474339e-02 1.067010337197594749e-01
-1.623319348575169019e-01 1.612303804441154453e-01 7.186256367455728933e-02 1.728840571483687416e-01 1.492569318081321261e-01 8.857822190239983406e-02 1.777825018957349679e-01 2.867253879330587327e-02 -2.176582964384624896e-01 -3.768575525946772642e-02 1.473866356043900538e-01 3.623062432255996779e-02 8.054875130441430109e-02 -1.781182245118857754e-02 1.158218103083730327e-01 -6.117118492695047260e-01 -1.705748223642133687e-01 1.623144413417378085e-01
-1.655396348554734332e-02 1.591376931082778834e-01 1.381838584902505274e-01 6.855012975938765130e-02 2.878258966107505659e-02 -1.002126272038929289e-01 -1.368170093090251838e-01 1.527649843970184662e-01 -2.201113143761167512e-01 1.509831819188469371e-01 1.283966948853488832e-01 -3.442823898005327346e-04 -1.026236059219776259e-01 -1.546220470082280973e-01 -2.974290284337806692e-02 -1.682003987007930634e-01 1.718033388577359100e-01 1.650165111516470884e-01
-3.930721314101785768e-02 -1.622917535558821289e-01 9.012101380293600916e-02 9.816918048816687670e-02 -1.875099063171107583e-01 -1.482848793312593026e-02 9.740040911765944498e-02 -1.652585179221568168e-01 -1.542793208958583850e-01 2.291639070080517815e-01 1.144580942877260477e-01 -1.411872711054023288e-01 -1.927691789176054771e-01 -5.629862666170818569e-02 -1.883215836994561743e-01 -2.072983375493072100e-01 -1.881097414505184806e-01 1.855544277427426114e-01
1.225889098133851607e-01 -1.743087180249353607e-01 1.394216343978838257e-01 -1.113465556013885360e-01 -1.178311383638850351e-01 7.554551041082734064e-02 2.060984852592362970e-01 -1.327589699765323039e-01 -4.563145598147681503e-01 3.816035465017303483e-03 -1.807124587247461167e-01 7.183358334945841306e-02 1.267582782170252331e-01 -1.252032413948297451e-01 -1.550561223592586135e-01 -2.382465625790816943e-01 1.940390632118452474e-01 -1.520669308058485436e-01
1.827998923352493199e-01 -5.731984404909504921e-02 -2.462064818486033729e-02 -7.857715742926928149e-02 1.750410929402800020e-01 1.879909560909401589e-01 8.206394990748344664e-02 -1.129266617077101242e-01 1.161167812477242878e-03 -1.092107171046214353e-01 3.090443176276467044e-02 -1.090166727298909621e-01 1.462253409173151775e-01 1.782714233432066975e-01 1.217663528547371227e-01 -2.410972670286261887e-01 -9.465768162749195469e-02 9.854196397992560918e-02
-8.559688139363930137e-02 -3.415359074236024722e-02 -1.882300593834110858e-01 -1.427904425092078045e-01 -1.915811056932112399e-01 -1.666118258960407050e-01 -1.525835748610431530e-01 -2.322645528269942292e-02 -1.008017297585277472e-01 1.323554159303256816e-01 -1.401457703070479732e-01 -3.459378177280674881e-03 4.698037820131319847e-02 -1.661776501799275552e-01 -2.203664873612789718e-02 -2.099008365979381785e-01 1.880301955361905197e-01 -1.781274956207936078e-01
-4.010185163510305434e-02 -3.500119889266185141e-02 7.918925800394213677e-02 -6.742342176093821249e-02 -1.181943346714519200e-01 -7.866711863405445593e-02 6.461001384056835883e-03 1.853164583250496711e-01 4.012569814670689794e-02 -5.708284621043392681e-02 3.750751223383598509e-02 9.864324680898878261e-02 1.131441112136132854e-01 -2.153417793624140888e-02 -4.044713514571128543e-02 -4.965077065619512980e-02 -1.839211138467676185e-02 -1.032423213659387079e-01
-2.113235086253000689e-02 1.734333311330094329e-01 -1.512334663038550076e-01 -1.177693983002830840e-02 5.507859582550726080e-02 -3.971677308713911052e-03 -1.022618615490974714e-01 -1.948932768937440274e-01 1.623240388045350813e-02 7.667087266681595070e-02 -1.842020003566273434e-01 -6.106605503962991149e-02 1.033745979066642701e-01 5.156820013227538663e-02 1.811031306478875363e-02 -2.857018789491152511e-01 8.950272490575000850e-02 -1.291909488523210192e-02
6.790668552782837264e-02 1.032314955105582410e-01 -1.188464668011448011e-01 1.064771849820226046e-01 -8.788781585552205011e-02 1.975509818483116298e-01 -1.412242435793935602e-01 1.546251541857082135e-01 -2.089515538755015167e-01 -8.097452953044015356e-02 2.470950368613476084e-02 4.467959255975140209e-02 -4.324619454501429927e-02 -1.591872816299862159e-01 -9.893626816618190933e-02 -1.981367638655931462e-01 1.058143643286243996e-01 1.609404415106927277e-01
3.423578909190877484e-02 -1.863120956912145965e-01 1.030794792907693547e-01 -7.674973638604949688e-02 -6.399974557771542782e-02 1.670070011080890260e-02 -9.101727073201054674e-02 1.709669791745415390e-01 -1.863371375579322142e-01 -2.072487173845884850e-02 -6.339122102360272848e-02 1.490900530996081344e-02 2.610939536251583037e-02 5.085588502510074438e-02 1.254183944853016867e-02 -1.120186100665180318e-01 5.599637391734937214e-02 -4.167214869595621540e-02
1.063355440260886631e-01 1.144638501651532719e-01 -1.016866568901572121e-01 -4.952671618530420788e-02 5.160518493104759158e-02 -1.308811599799739045e-01 8.871318881428319481e-02 -3.655650709039318796e-02 -1.293170319125550027e-01 -1.281731902008378388e-01 8.329112206104677396e-02 -4.726855010162736570e-02 -2.190313375865250364e-02 -3.395702985199290647e-02 -9.367037107126701539e-03 2.377241983733914543e-02 -6.968260965464555257e-02 5.633475778613752233e-02
