-1.703759061517222895e+00 1.191812218558419900e+00
1.672373503359652069e+00 4.897073053957105571e-01
3.554287807101343954e-01 1.071635189943130229e+00
-1.624094754793742323e+00 9.172689770578541513e-01
7.442018107009273908e-01 -1.455501448041079282e+00
2.607143918737975796e-01 1.149203363670740607e+00
-1.032619449605447048e+00 -1.753492520620274941e+00
-1.586559523705416641e+00 -7.014406660270380289e-01
-4.629630357714157873e-01 1.406810966910737370e+00
-9.035134090820594321e-02 1.124949533554711945e+00
-1.056210002931192049e+00 8.670013727784109392e-01
1.904979865067899736e+00 -2.750018114267712699e-01
1.449115979278780442e+00 -1.707029172923216542e+00
-1.689344943239446062e+00 -1.913758465369730377e+00
1.440325427492533672e+00 1.398184451566846676e+00
9.819042644480124871e-01 1.461307221433349568e+00
-7.903916615479205099e-01 1.164274866509056761e+00
1.533075235701955696e+00 3.994568737431045680e-01
1.194759757747493767e+00 1.270404938074058965e+00
6.206770099014626840e-01 1.267722485267640753e+00
1.581359462865426613e+00 -1.070838498249373494e+00
-1.172784438437527665e+00 3.959703121040192286e-01
1.526288401596456845e+00 1.337781149035814909e+00
1.268211955980493189e+00 -1.308564786382458767e+00
-9.433068707000233921e-01 1.813370333424622061e+00
8.987218057269614757e-01 8.727735370114966251e-01
1.375492133245359128e+00 6.461290929256373605e-01
-8.270285741866921780e-01 1.600967866682727170e+00
-6.766477561111248207e-01 1.714855438607315818e+00
5.907481330614441362e-01 -1.150713831741877247e+00
1.422879426597340125e+00 1.249298298800484375e+00
1.531355167571787579e+00 6.576248988883168778e-01
-1.419649343370249950e+00 -1.635976059248431369e+00
-1.471643252441048988e+00 1.722372903010170042e-01
-6.553488021298951860e-02 4.100304737798418087e-01
-2.198651230022722336e-01 7.921663659786990497e-01
1.576593529779794778e-01 6.712486377684880878e-01
1.422401281377240867e+00 -1.727387220780258303e+00
1.397821060484449207e+00 -1.044184203361659957e+00
1.878683179069460474e+00 -2.405505134953059843e-01
-3.328037087357836321e-01 1.938339973772220226e+00
2.269623239016020089e-01 -1.753699758636027450e+00
1.570597176644459969e+00 -8.297485626609757414e-01
-3.942352388725713364e-01 -1.413777994750182287e+00
1.978842259563545092e+00 4.972490192003526377e-01
1.616576785922702930e+00 4.091507736157629083e-01
1.453903091329562747e+00 1.563874643874180403e+00
1.830162183106583962e+00 1.031131823121752777e+00
1.811772738816320283e+00 7.369104223002709286e-01
9.604351929139139932e-01 1.632859380240485603e+00
1.769655256893220452e+00 1.845817895854697799e+00
-1.984565638594409487e+00 2.692160759495451083e-01
1.842372509638860789e+00 6.664056985378685738e-01
