-3.064681959119221477e-01 2.885416612197327924e-01 4.388626728141242772e+00 -3.293716739771802571e-01 -3.150461549776443770e-01 -3.534192787602398189e-01 8.345792183454033841e-01 -2.579501664960389129e-01 -2.378715876115299610e-01 4.916244497071010633e-01 1.562778328509587311e+00 -5.517102189429896608e-01 3.189756032132962660e-01
-1.049963934877167493e-01 3.124323799347145658e-01 4.430862198041241040e-01 -1.284151402464902281e-01 -2.444410718302069963e-01 -1.975941459278786339e-01 1.008883880886172618e-01 -2.091907036870365166e-01 -2.697930702407975723e-01 3.055374914728929969e-01 3.033996054970383160e-01 1.060737637809147788e-01 1.854850863253396931e-01
-2.120479567575775381e-02 -3.412630344713521446e-02 1.184611842750760841e-02 9.450433571458424775e-02 1.334320366384412204e-01 9.777583828737750060e-02 -5.033964757669955048e-02 1.900363124627146572e-01 1.378554806004666719e-02 -7.057794840040815254e-02 8.258537136062056583e-02 1.837366432411117745e-01 -5.249047295342748262e-03
6.558145075228485887e-02 -5.557479041852859958e-02 -6.831015437007342816e-02 7.681626879713568390e-02 -2.028754611507179728e-01 1.160157384448762263e-01 2.440977661063332277e-02 -1.685146050665397022e-01 -1.739878115114219526e-01 7.694484335701455568e-02 1.628733313121294990e-01 -9.098236112537633202e-02 2.006351345050980950e-01
-1.611471725257906384e-01 1.502493872502095040e-01 -1.264966222413603340e-02 -1.717265282100038370e-01 -9.188112328944302021e-02 -2.589949351941020494e-02 1.207348167087009816e-01 1.381563939160429799e-01 -1.586001837291751981e-01 1.568752109348220403e-02 7.529372204168560678e-02 -6.352745079782523563e-02 1.537428212816090434e-01
-9.001575925720635418e-02 -1.853677916258794356e-01 -1.359239655565041005e-01 6.658191036496054205e-02 2.092302529797069460e-02 1.723549264504242173e-01 1.810892837861705629e-01 1.591127570156602444e-01 -1.932523769502100808e-01 1.121522831598618791e-01 8.201938216292212203e-02 6.109019792722560765e-02 8.971277584899542412e-02
1.527328822519809504e-01 7.664700458560534668e-02 4.738501312251523767e-02 -1.794475726890226849e-03 -1.236081789162538636e-01 1.929612571422846187e-02 -1.740518498746252141e-01 -1.486279065686967882e-01 -9.071349371454245913e-02 1.512522795891886040e-01 1.219545010665662454e-01 -6.910274153814197073e-02 5.745508624094093630e-02
-1.866584021524402281e-01 -1.263100835878269157e-01 2.594928903516121044e-01 -9.213234624575047937e-02 -4.480827119291611732e-02 1.179511533181474940e-02 -7.073994998422961089e-02 -1.211139554780094399e-02 -1.157425766026386055e-01 -1.683560337830439513e-01 -1.191769654803041673e-01 6.402824922422369058e-03 -1.674456273182533816e-01
-4.053434250687143470e-02 -6.476579618273793637e-02 -1.900202238264621021e-02 -1.632860078155024264e-01 1.618133242918078918e-01 -1.450200448176466525e-02 1.427222220506092487e-01 1.888269397149893725e-01 -6.844824875081247095e-02 -9.243990126551530863e-04 9.260805469535973722e-02 -3.233691980618996764e-02 -7.309083525437704010e-02
9.245590622610816434e-02 1.601942524578985061e-01 1.981569066206482765e-01 4.920831980315572979e-02 -5.047043691971747625e-02 1.880664963977174420e-01 6.180265178734989373e-02 -1.742022366340998107e-01 -1.687331225580509797e-01 1.032404145213558500e-01 -1.733372279386432568e-01 -1.985158170005276723e-01 -3.905731841842880608e-02
7.183277575951739491e-03 -1.749739524262197005e-02 7.390623516471331658e-03 3.271457000100094076e-02 7.107485812032525441e-02 -3.313658777902188379e-02 -4.690719698125757342e-02 1.938363699442736121e-01 -9.965456061987865155e-02 1.138724685997821451e-01 -2.699209905880493171e-02 -5.943967799948357555e-02 -1.704581712872708654e-01
1.357180707891836868e-01 1.041536358688397723e-01 2.758026583479269433e-01 -3.903882515500971956e-02 6.310697044346164075e-02 -1.700976528759242934e-01 -1.437393869812594697e-02 -1.258338571074335277e-01 -2.100514730654913786e-01 2.185964688496641606e-01 -8.597647162004563859e-02 -1.466654728405673846e-01 -1.106220011229217953e-01
