-1.733078677869300366e+00 -8.104954194751183838e-01
1.006540752234450942e+00 -1.805057615823601802e+00
5.106748287590064939e-01 -1.888441865277745491e+00
-1.353896783996751119e-01 1.568861231603567274e+00
-1.985522658296014376e+00 1.219932117816308337e-01
-1.760168573767401323e+00 1.480766624392431119e+00
1.186976673455145459e+00 9.824965415187955076e-01
4.424026608085849244e-01 -1.960015637607020134e+00
-1.745376872564048387e+00 4.692185475457235078e-01
1.744048232579530122e+00 1.477920380525752586e+00
6.527124157166677154e-01 9.230809448128606265e-01
-1.290379965143965357e+00 9.917746932504279966e-01
-6.069953514215610246e-01 -1.563589124276556275e+00
-1.304492172407650807e-01 -6.938980390476521265e-01
-1.300998666401791404e+00 -3.278415585744184346e-01
1.400152718905133931e+00 -2.442377761623564514e-01
-2.245078832021684678e-01 8.499852787318080694e-01
1.271654206494176043e-01 -1.470054575978369193e+00
