-1.703763447767289163e+00 1.191812218558419900e+00
1.672373370873183829e+00 4.897073053957105571e-01
3.554239367499087976e-01 1.071635189943130229e+00
-1.624089807159621923e+00 9.172689770578541513e-01
7.442067561004162002e-01 -1.455501448041079282e+00
2.607094442390827105e-01 1.149203363670740607e+00
-1.032615520864927916e+00 -1.753492520620274941e+00
-1.586555309083301335e+00 -7.014406660270380289e-01
-4.629679834061306565e-01 1.406810966910737370e+00
-9.035628463491660045e-02 1.124949533554711945e+00
-1.056214950534804853e+00 8.670013727784109392e-01
1.904974920274844052e+00 -2.750018114267712699e-01
1.449120926912900842e+00 -1.707029172923216542e+00
-1.689339995605325662e+00 -1.913758465369730377e+00
1.440320479858413272e+00 1.398184451566846676e+00
9.818993168129996896e-01 1.461307221433349568e+00
-7.903965504253870344e-01 1.164274866509056761e+00
1.533070288067835296e+00 3.994568737431045680e-01
1.194754810113373367e+00 1.270404938074058965e+00
6.206720622668484566e-01 1.267722485267640753e+00
1.581354517195673992e+00 -1.070838498249373494e+00
-1.172784002890960409e+00 3.959703121040192286e-01
1.526283453962746339e+00 1.337781149035814909e+00
1.268215223599487462e+00 -1.308564786382458767e+00
-9.433118183350361896e-01 1.813370333424622061e+00
8.987168580919486782e-01 8.727735370114966251e-01
1.375497051970067552e+00 6.461290929256373605e-01
-8.270332683027759035e-01 1.600967866682727170e+00
-6.766428084765105933e-01 1.714855438607315818e+00
5.907530399515539266e-01 -1.150713831741877247e+00
1.422877488950446523e+00 1.249298298800484375e+00
1.531350231672848450e+00 6.576248988883168778e-01
-1.419653548015047839e+00 -1.635976059248431369e+00
-1.471648200075169388e+00 1.722372903010170042e-01
-6.553982763593038663e-02 4.100304737798418087e-01
-2.198601886117773907e-01 7.921663659786990497e-01
1.576544710435262564e-01 6.712486377684880878e-01
1.422402416458979912e+00 -1.727387220780258303e+00
1.397826008118569607e+00 -1.044184203361659957e+00
1.878688126702365846e+00 -2.405505134953059843e-01
-3.328086563704985013e-01 1.938339973772220226e+00
2.269573783894031083e-01 -1.753699758636027450e+00
1.570595789732680991e+00 -8.297485626609757414e-01
-3.942302912378564672e-01 -1.413777994750182287e+00
1.978846983274120674e+00 4.972490192003526377e-01
1.616581730638110947e+00 4.091507736157629083e-01
1.453898143695442347e+00 1.563874643874180403e+00
1.830157235472463562e+00 1.031131823121752777e+00
1.811767795893771904e+00 7.369104223002709286e-01
9.604400764133883550e-01 1.632859380240485603e+00
1.769650309259100052e+00 1.845817895854697799e+00
-1.984560691564455581e+00 2.692160759495451083e-01
1.842367571770529011e+00 6.664056985378685738e-01
