-1.855809747607878590e-01 5.092043494917852797e-01
-5.180426993141774572e-01 1.016370222033241288e-01
-4.494571879532156533e-01 2.136835017979146212e-01
-6.427841123635281984e-02 4.379159532363523233e-02
1.078619920909806851e-01 4.250799749130023536e-02
-6.258280281404614565e-01 1.307923125381371454e+00
-2.062851834242092064e-01 1.507716352277856282e-02
2.040155288051301585e-01 -2.992524290386546770e-01
1.698241304552680353e-01 -1.752121116992416683e-01
-6.230375605149104379e-01 7.794568283880395354e-01
1.302205525374822426e-01 -1.616627048747800444e-01
1.467742364535852551e-01 -1.409119292327634332e+00
-5.068961596083073617e-01 -1.331278539386995530e-01
1.044854196990961936e+00 -3.274468186088890648e-02
-8.497246159544545874e-01 4.140796515821618673e-01
7.544607159439004063e-01 7.410529177351258268e-01
-5.621914569323628597e-03 3.583631760893248724e-02
-3.997417401069870979e-01 2.766306725974300162e-01
9.904883790459421133e-01 8.358675095483957262e-01
-6.088034964139284189e-02 1.322918083721349829e-02
