-1.565105793940482770e-01 -1.333930081497080922e+00 5.527208590293570367e+00 -1.238853945047746902e-01 1.133625085026041535e-01 1.417136538984598848e-01 -3.108578553332526639e-01 1.654030534288984389e-01 5.515482051198584701e-01 -7.860638880124397598e-01 2.721068190562341282e-01 4.299430179271049313e-01 -1.196910533748288152e+00
-4.370784714420895001e-01 -2.645319929509693524e-01 2.045023511659763926e+00 -3.025967461093629352e-01 4.797170466983114445e-01 5.869438642893057834e-01 2.344683468064608367e-01 4.587314030138442411e-01 1.475829660894998063e-01 -2.032038483595965672e-01 5.812438836974238854e-02 2.042927691277391100e-01 -1.846807994975272482e-01
1.468468898359391595e-02 -9.913863354777240067e-02 1.693582681913995414e-01 1.413690258725869564e-01 5.977786431285711521e-02 5.571488439293047212e-02 -1.762342315526727876e-01 1.209371561791316996e-01 6.294467941334441763e-02 -1.804004078735780003e-01 9.249268464315767158e-02 2.014363482248217596e-01 -6.449917072589131384e-02
5.972197186760744292e-02 -8.145313690465226519e-02 2.245652526183611331e-03 7.835259309766687275e-02 -1.914077625831757667e-01 1.372635646834635959e-01 8.954146516541547016e-03 -1.587212358579532800e-01 -1.488865285193248233e-01 5.509095508838009886e-02 1.515623338103766760e-01 -8.634417174599669231e-02 1.804886129747448331e-01
-1.721280370692336026e-01 1.260299852092625905e-01 4.518053183113274196e-02 -1.789169657184942197e-01 -8.188144904689430292e-02 -1.498829034287239327e-02 1.220719866749982313e-01 1.464350797063460330e-01 -1.405261251993755456e-01 -5.665761371662580113e-04 6.169389512529533520e-02 -5.651298029421188834e-02 1.338384096403250623e-01
-8.083946138932122938e-02 -2.102661657223389435e-01 -1.569977826128907406e-01 7.840050973301777859e-02 2.420127502573743254e-03 1.527375105082157958e-01 1.666023609877399780e-01 1.406578950374180459e-01 -1.766813185671866071e-01 8.957912341332269213e-02 8.159375267210541849e-02 6.815824126025742113e-02 7.124625058024179614e-02
1.575149345617184171e-01 2.496828330571340335e-02 1.788527899231129661e-02 9.331585307794891884e-03 -9.529092493944689435e-02 3.698459801418481352e-02 -1.886004070767033081e-01 -1.335772575601799350e-01 -5.505522055298339712e-02 9.812809697157461042e-02 9.061204013371401689e-02 -5.434953909009408723e-02 2.315194619703551601e-02
-1.906896370035143229e-01 -1.537114308606462032e-01 2.786417175992351170e-01 -8.964598392405564997e-02 -2.401847171573327777e-02 3.232985973029797039e-02 -8.231794937534517298e-02 8.001722910826345944e-04 -9.668309888110732109e-02 -1.917165077913984272e-01 -1.253305790589178403e-01 1.520430328175992329e-02 -1.891495264080474137e-01
-4.477041319307481504e-02 -7.616534354489701286e-02 -4.148945335649138061e-03 -1.665118632709828850e-01 1.875398452726833864e-01 5.114301861155612881e-03 1.448298415193880473e-01 2.060695030464018696e-01 -5.963828682123192837e-02 -1.269562623177198854e-02 8.132783488837617980e-02 -2.699506606934856667e-02 -8.594573385410085586e-02
9.760961074275817384e-02 1.499376202384444801e-01 1.884682708899173831e-01 5.496859237791270475e-02 -5.972203962492252105e-02 1.800441168223705923e-01 4.753192371278091438e-02 -1.844583940000430189e-01 -1.631984167135659136e-01 9.548567425546934662e-02 -1.746997137840554382e-01 -1.942885900581387826e-01 -4.893165143377834619e-02
7.647451858491526554e-03 -2.263158187176148722e-02 1.923132582971615392e-02 3.490977309453283106e-02 7.074133969373523623e-02 -2.970457967134684102e-02 -5.644752579964923411e-02 1.947977791521082747e-01 -9.475365695495313600e-02 1.096528486928849133e-01 -2.690457527071113408e-02 -5.609927691113911208e-02 -1.769868286340832153e-01
1.250260082764043379e-01 2.135899410519199321e-02 3.594032522626104953e-01 -3.993340285399022555e-02 1.398834991167096364e-01 -1.123215428533006210e-01 -2.086661590311194789e-02 -7.584031700912857721e-02 -1.606134083589028372e-01 1.452347068692508292e-01 -1.062954960832255963e-01 -1.223250507789816061e-01 -1.717661758573651720e-01
