-5.888067981148447094e-01 -2.148395879595118088e-02
9.105819555470731630e-02 -1.529478169586577507e-01
-1.243456507103874731e-01 -9.494790250318646541e-01
1.424391673585733431e-01 -2.054040217422545278e-02
-1.043125854773475414e+00 1.101338477665650684e-01
3.788653561784142698e-01 6.273534615081688415e-02
5.271210174174499608e-02 -6.085772653889973682e-01
1.353149858869208411e-01 -2.237970433643395596e-01
4.725159164545084667e-01 5.614840953135242785e-01
-2.963300173657463787e-01 5.315248637270414411e-01
-1.643161234937976500e-01 1.439771565074988491e+00
-4.140115162154650585e-01 1.044871207055619200e+00
-1.330038684987150832e+00 1.082924061008786049e-01
5.002177700668613419e-02 2.844976294853629115e-02
-4.869441011742284275e-01 -1.229341162009137012e+00
-5.040014782983625041e-01 -3.686721663575906471e-01
1.012549273940339445e+00 1.464214533622538728e+00
