-1.321806233085173199e-01 2.276648087916657848e-01 -1.260368918219416212e+00 -2.539265425276522881e-01 1.512588633971996832e-01 4.149480566781899027e-01 2.745691742569419946e-01 5.761014918802530582e-01 -8.468988790917428844e+00 7.653225712064105624e-01 -1.492580353088233946e-01 3.510461170638483064e-01 -1.182237612345820033e+00 -1.124883510856433400e-01 -6.584430166168266096e-02 -6.268769870520902732e-01 3.676539788717256285e-02 -1.860794957554728346e-01
-4.567615053446575923e-01 3.745999527099677651e-02 -1.115445806460275691e+00 -5.520252508420857990e-02 1.378799434226800624e-01 3.802469081479212809e-01 2.166460876084491394e-01 4.356425862772376756e-01 -6.228742719102262626e+00 1.287465702735552275e+00 -4.531560426093393379e-01 6.373997882194666342e-01 -9.405486347337086439e-01 -1.837450231255475241e-01 -1.959986166605416080e-01 -1.616432855792560019e+00 -2.374626487805917285e-01 -3.966389064208115101e-01
-2.874222804678454035e-01 1.488273548796540668e-01 -3.647844046341969793e-01 -1.068023167077956914e-01 1.612749147983919273e-01 1.892048393850442600e-01 1.497707630864393846e-01 2.167565011777211337e-01 -3.638700280691963940e+00 1.413750062698459153e+00 -3.344808134305882197e-01 8.324623539850583009e-01 -3.224274547456448814e-01 -1.175567297716118842e-01 1.251476276276675646e-02 -1.370973891646925180e+00 -5.193365474295716551e-03 -1.486227401136145654e-01
3.344897669180445232e-02 -2.649323483009917955e-03 -2.772267244744797132e-01 9.406246162133619082e-02 1.200082435906560524e-01 1.690692387216367887e-01 -1.136172301011611208e-01 -5.256358898942107422e-02 -2.493571009676623262e+00 9.299412194977256796e-01 -5.494403980481465943e-01 6.960444288019406178e-01 -1.307577241859386175e-01 -7.887700643247887167e-02 -3.790903466594138654e-02 -9.120634908001583607e-01 -2.770180320341251723e-01 -2.350069338971284838e-02
-1.946082034502857050e-01 -6.456139924671591701e-02 -3.914545262071417175e-02 -1.966227923218679674e-01 -1.850556377702380628e-01 2.547572129381787953e-02 6.203758454616508516e-02 1.720378444964175968e-01 -1.448316967196542571e+00 8.081667134171390821e-01 -3.914577956819192961e-01 5.568373468852594321e-01 -2.241389084842519974e-01 4.470912512842659808e-02 -4.608573416951654983e-02 -7.327763556710861215e-01 -8.676972707251044692e-02 -1.833031009667617506e-01
-2.059905261617064332e-01 7.374052827620432293e-02 -1.932606884739196396e-02 -2.020123021660929774e-01 1.991003413005601116e-02 -3.702488836415604445e-02 5.316031191883880888e-03 1.227312286570187844e-01 -8.647525679036007773e-01 6.117043109719794147e-01 -1.145170664155881202e-01 2.349150675904339569e-01 -5.014503055132389642e-02 -6.485349942518911504e-02 -1.508519035293402200e-01 -1.569885972007552533e-01 7.467464590661610164e-04 9.715263825337547288e-02
-1.723257188127479689e-01 1.901991433304665302e-01 3.266831035163186847e-02 1.151944310775148000e-01 1.490875150630856516e-01 1.020810187339244723e-01 1.572867837599195295e-01 2.797020209176025521e-02 -4.481571067427773114e-01 1.035500622233652412e-01 3.106810389516368245e-02 1.347905682294477658e-01 3.121824361914462415e-02 -1.781178902950097259e-02 1.153952247637293760e-01 -3.686988989939822270e-01 -2.071979849028986465e-01 1.514044810552471754e-01
-2.476296832181261454e-02 1.821216730841028753e-01 1.056526065699124883e-01 3.137965973427515182e-02 2.871933764308684522e-02 -8.897714883215890325e-02 -1.483977319281366558e-01 1.698920431333367786e-01 -4.223343194807597234e-01 1.831604766617247471e-01 7.031702343660831134e-02 4.262148609350257383e-02 -1.558234080479463657e-01 -1.546219339968245288e-01 -2.984227252486381168e-02 -1.184153596342848447e-01 1.596616696663978319e-01 1.557849950891846968e-01
-4.313896034987545203e-02 -1.380227660034714365e-01 7.422037158556404890e-02 8.145638653687449493e-02 -1.876141316007760296e-01 -9.277619906958904650e-03 7.690570278962007011e-02 -1.585586020416725472e-01 -3.485255953194889011e-01 2.339754070117914253e-01 5.137120108998598222e-02 -1.123061550691997479e-01 -2.394814360115969099e-01 -5.629855410732287346e-02 -1.884507274080585992e-01 -1.471170953053061448e-01 -2.028072950307663325e-01 1.806819016544617407e-01
1.189132206007515458e-01 -1.520435446037542437e-01 1.247199174490618567e-01 -1.290232435298598879e-01 -1.179601916466691547e-01 8.063428470115563407e-02 1.799704566014650176e-01 -1.427158250824187846e-01 -5.024838587709845594e-01 3.705575227201395039e-02 -2.502577022498269077e-01 1.245024243179843615e-01 1.081406179968330550e-01 -1.252032483553494058e-01 -1.552834698544299230e-01 -2.201029566186863407e-01 1.733203865390084142e-01 -1.563045898923568489e-01
1.798478215509867195e-01 -3.738547410206836258e-02 -3.605480279697951401e-02 -1.020434257823566587e-01 1.749300342332335834e-01 1.919181238179580862e-01 6.205551395547126425e-02 -1.291492688996480342e-01 8.048890757889065606e-02 -7.383915501709129026e-02 -2.259572886334781233e-02 -5.141848484975592576e-02 1.491765917810419229e-01 1.782713808653037524e-01 1.215200736661848774e-01 -2.225252799330103282e-01 -1.125039928447047061e-01 9.543381720410223923e-02
-8.683694237942120309e-02 -1.644487703591970482e-02 -1.937513022603345458e-01 -1.613131232623923328e-01 -1.916853205791395898e-01 -1.646547452555116031e-01 -1.633119241208322303e-01 -1.998259990818120752e-02 -2.760176179234581362e-01 1.866909216462447618e-01 -1.819620352810378261e-01 4.529925130990607174e-02 2.187759863833796392e-02 -1.661776864058300551e-01 -2.226052060948881944e-02 -1.768802105110857670e-01 1.696084703994130416e-01 -1.799971511326462770e-01
-4.240066902572980911e-02 -2.337940538034524035e-02 6.928413625751211891e-02 -7.606293988631639136e-02 -1.182899870572213102e-01 -7.518038934667337081e-02 -5.216348509273872197e-03 2.022729192644314167e-01 -3.170628388436369516e-01 -2.279487929160689541e-03 1.206812473921207648e-04 1.314563787410306106e-01 6.550969612963672417e-02 -2.153413732659755983e-02 -4.062226740307255807e-02 -2.379276010977502548e-02 -3.717110850529786042e-02 -1.064514076393342223e-01
-2.262255499056135821e-02 1.782592652368540087e-01 -1.580097445858134053e-01 -1.536988413714550708e-02 5.500798289657430479e-02 -1.559315511319044317e-03 -1.101484620661865449e-01 -1.814120341437810424e-01 -3.251808337883525524e-01 1.357888238617696586e-01 -2.223972678881232790e-01 -4.231992692651866117e-02 5.818538672104242582e-02 5.156825256961889564e-02 1.798693884806320739e-02 -2.441936855003639661e-01 7.303530137374038278e-02 -1.527921873995064656e-02
6.556298001132068731e-02 1.070831370475120031e-01 -1.285069538280436685e-01 9.938728468973305474e-02 -8.792708439459659409e-02 2.009182922199658217e-01 -1.423443106813025993e-01 1.661068326901653514e-01 -4.771143490064185810e-01 -2.415192233930893440e-02 -1.515398195880172938e-02 5.899145422336350697e-02 -7.899184694463450007e-02 -1.591872646967326665e-01 -9.902372126912881156e-02 -1.443550599802650714e-01 9.443512831671588281e-02 1.580126116399377945e-01
3.147601837799859914e-02 -1.802437774421520589e-01 9.176194862301131905e-02 -8.290370381492942475e-02 -6.402405880230989388e-02 2.064099710067297117e-02 -9.383016169976489407e-02 1.861466064369357576e-01 -4.600332216220294201e-01 1.428940234377715918e-02 -1.027793823570401915e-01 3.157858707410036297e-02 -1.376789104541475961e-02 5.085593304714133844e-02 1.249779213060819502e-02 -7.285460716323380326e-02 4.825479119497305680e-02 -4.507512654775511218e-02
1.024244497130055997e-01 1.276755847349115292e-01 -1.169031018349402373e-01 -6.088327532642885676e-02 5.156240895996819923e-02 -1.256491711243228893e-01 8.117456756354116121e-02 -3.551052680237298809e-02 -1.415185869219591219e-01 -1.046229998155478180e-01 4.996926600819375647e-02 -3.839552420986788728e-02 -3.640543539451653737e-02 -3.395693343864517738e-02 -9.409642106555916180e-03 2.644054279438668928e-02 -7.755828736673733848e-02 5.215926893474043258e-02
