5.517421737869689924e-01 -7.850661571610961786e-02
-1.116344651799396237e+00 1.795755455474476125e+00
2.237215912270353879e+00 -1.387034208257898804e+00
4.814248823224123730e-01 8.767987429076565808e-01
5.885086451054791779e-01 -5.371126917601649203e-02
7.459549227622730427e-01 -7.390251694688185768e-01
-8.316754221398446889e-01 -3.910206950096927619e-02
3.095738920954368423e-01 -1.334805129687025360e+00
1.669934930445275967e-01 -9.747830852634282728e-01
-2.338992599534393257e-01 1.690079939933313291e+00
1.725743231624083052e+00 1.433231590380158682e+00
-2.771805736114565377e+00 -1.410155579816071647e+00
-5.563671170595625715e-02 1.134187054840360309e+00
