-3.900016539384141834e-01 -1.567325215864926680e+00
-9.414675160404060161e-01 -1.394507207746066957e+00
1.399692112975724934e+00 1.139474145705533736e+00
-1.517997370896362053e-01 -7.522419079043546342e-01
-9.087691292378734242e-02 -1.106601105910442057e-01
-9.540340675018543770e-01 -1.179680935645009754e+00
2.727333414670989331e-01 1.222736038519693480e+00
-4.039384847280108048e-01 2.265655504016856336e-01
1.003057223941974607e+00 -1.467411121219031056e+00
1.896129112995717861e-02 -1.081630671057513954e-01
7.981536872126003823e-01 5.021854553238336294e-01
-2.169164673038221469e+00 -1.610549492160191498e+00
3.147185288452301943e+00 1.275159087450284279e+00
1.760195876638861678e+00 1.496164765358682480e+00
-1.089472313663665259e+00 -2.118773072007403002e-01
-1.606924156213667798e+00 -2.232317948698524290e+00
1.415519173367066452e+00 -1.308865283338294105e+00
1.095973071588033365e+00 8.548575854586248912e-01
7.183029916323492303e-01 1.652907421116664555e+00
