2.259965184636659741e-01 2.597084742864623208e-01
-1.556830366137485600e+00 1.853049825283685781e+00
1.797021056783201010e+00 -1.329742869163514474e+00
3.537864318848698564e-01 8.195392870061245505e-01
1.026780099677101710e+00 -1.110912908921206504e-01
1.184278122657386190e+00 -7.965186337623937352e-01
-3.033638671078637272e-01 -1.084244447364722530e-01
-1.950335412385874323e-01 -1.294142645173156136e+00
6.050564184379472188e-01 -1.032095468983428965e+00
-6.722720627897267320e-01 1.747372452101161766e+00
2.041640808008118313e+00 1.363908357178432507e+00
-2.331687167821845819e+00 -1.467448426237637271e+00
-4.947321355331616988e-01 1.191495137113974589e+00
