-1.337080724640167473e+00 5.468014384667777006e-02
7.512960179279928319e-01 -7.311875223350468023e-01
1.659052537398279625e+00 -1.091328900768541832e+00
-1.448194537124882997e+00 -1.930374909453374421e+00
7.164497164600845958e-01 1.201691303501978142e-01
1.463160735518773903e+00 1.652212113343264788e+00
1.982057986967737495e+00 -2.055847702726690596e+00
7.606836109121595246e-01 8.103974246977433404e-01
4.745501818549926476e-01 7.563582873384562255e-01
1.352709143495893773e+00 5.797281634712859733e-01
-5.067055728469520570e-01 1.629642207933860443e-01
