-2.692584358282672508e-01 2.757557383357529535e-01 4.388626728141242772e+00 -4.076477419985170547e-01 -2.270354014211879434e-01 -2.811313498231007846e-01 -3.915414056570501455e-01 -1.472133135963977768e-01 -1.780568345754657278e-01 5.017484028936551876e-01 -6.883009060973501736e-01 -5.919543668373418166e-01 2.931499590386175691e-01
-1.704677367913950969e-01 2.949424447594580778e-01 4.430862198041241040e-01 -1.091809702097027296e-01 -1.940287596509943369e-01 -1.520979009948671135e-01 -2.272264013452544307e-01 -3.599465630343391398e-01 -2.408432806024558281e-01 3.096421128704188730e-01 -6.893568837792504178e-01 7.133904499665073839e-02 1.703162659870415818e-01
-2.083738806350967504e-02 -4.050251710130926136e-02 1.184611842750760841e-02 1.173389830474960011e-01 1.457526410750405177e-01 1.073788108782816608e-01 -1.124564787363375590e-01 1.988982205303821971e-01 2.279982511361427697e-02 -6.927644833033359817e-02 -2.086007998553871499e-03 1.795761457073640488e-01 -8.817838244826715910e-03
6.254755669635937709e-02 -5.609680912397405073e-02 -6.831015437007342816e-02 7.869155375855392542e-02 -1.997102296624487516e-01 1.190664398987027334e-01 3.209790156072922507e-03 -1.794271657056517588e-01 -1.724172935837121057e-01 7.718145003263363058e-02 9.466743503993142739e-02 -9.371765841628654226e-02 1.996651286806954695e-01
-1.651771673993752687e-01 1.499588497149179633e-01 -1.264966222413603340e-02 -1.683769341713641232e-01 -9.036691687907082160e-02 -2.436027305480294516e-02 1.164911913465850740e-01 1.324720947253170689e-01 -1.579516707678098597e-01 1.577619964965086552e-02 2.937245372136420771e-02 -6.506454444848142060e-02 1.532714641172295278e-01
-9.244266574586489094e-02 -1.863313968719832736e-01 -1.359239655565041005e-01 6.810604869476760692e-02 2.283175871426762482e-02 1.740393610255448475e-01 1.719640537199880748e-01 1.559012323280233314e-01 -1.921090357652317504e-01 1.122998972861538325e-01 5.551064381784313190e-02 5.988319321670639711e-02 8.914188394370020641e-02
1.473975851768866974e-01 7.440518592784890750e-02 4.738501312251523767e-02 4.445671943767263989e-03 -1.183760243141232099e-01 2.376325540974576558e-02 -2.009615705697486154e-01 -1.554124087921011366e-01 -8.738361552214254924e-02 1.517233714583789417e-01 2.731573821716760594e-02 -7.198076608440850954e-02 5.590399047578926278e-02
-1.890262689412864350e-01 -1.271940516522561682e-01 2.594928903516121044e-01 -9.036575241418551285e-02 -4.263092593162442351e-02 1.376282442694805840e-02 -8.673920388307640450e-02 -1.720472355949070192e-02 -1.144962316403088792e-01 -1.681870829107244558e-01 -1.585308187095233190e-01 4.894377107635141354e-03 -1.681010253002014621e-01
-4.276543383373482970e-02 -6.534575221950893187e-02 -1.900202238264621021e-02 -1.623037148053262380e-01 1.631067166579820982e-01 -1.337467223433840523e-02 1.341882540274205171e-01 1.861307460043732931e-01 -6.765444244027465914e-02 -8.161006871266721259e-04 6.387747165421894802e-02 -3.311431015054750598e-02 -7.347628054330512803e-02
9.225262019282567949e-02 1.600770394388491280e-01 1.981569066206482765e-01 5.018556826790970121e-02 -4.992091772648445114e-02 1.885480993582595854e-01 5.595191294143673361e-02 -1.739583635196328693e-01 -1.683984325690587314e-01 1.032930458995323375e-01 -1.824342631009789883e-01 -1.988534624033114484e-01 -3.922128051626166262e-02
6.318797234805930904e-03 -1.757257252131923936e-02 7.390623516471331658e-03 3.325921327170855424e-02 7.161697156265452169e-02 -3.260389277000349390e-02 -5.347607815362001582e-02 1.931401810233388527e-01 -9.939883371676175305e-02 1.139105699335733468e-01 -3.726092741616085502e-02 -5.993774937892880350e-02 -1.706252525193908132e-01
1.311877662671423472e-01 1.017643669553713048e-01 2.758026583479269433e-01 -3.275486015755348784e-02 6.904900568107873171e-02 -1.650246101708597868e-01 -4.741491865713025333e-02 -1.341098253331708678e-01 -2.062690190471392904e-01 2.191407032090186280e-01 -1.816007449790210948e-01 -1.499334715209606761e-01 -1.123835343564511674e-01
