1.374796231576337902e-01 2.332006919786392962e-01 1.531723058231979351e-01 1.282081493463233246e-01 -1.231969866642859124e-01 3.724345573323190051e-01 5.046841171375134050e-02 -6.669786518239051443e-02 -1.027641500776596967e-01 -6.005395519309723179e-02 -4.662966410641799370e-02 -4.585128217886719204e-01 -1.840716976177941278e-01 -8.178704667557221142e-02 1.896614907185202037e-01 7.405872585729728064e-02 6.847393791128442153e-02 3.681670087189187462e-03 2.051923285768703364e-01 1.176492913845124805e-01
2.342116311043302701e-01 2.114936906213138734e-01 -3.207192668923872780e-01 -1.477045670229840818e-02 -4.191732054197565976e-02 -5.997758971110261905e-01 6.736642876296025650e-02 2.453638814411758517e-01 1.273090519709496327e-01 -2.032563989042369124e-01 -1.234443489119549514e-01 -2.790241836611012105e-01 2.455536828052219123e-01 3.129309761892898889e-01 -3.695734668793141942e-01 2.279866898334160508e-01 6.531828090188027125e-02 -3.044525406735928419e-01 2.391161544353860025e-01 -1.050325761442425787e-01
-1.154643713794879789e-01 -2.761401247395661729e-01 -3.527838504851659729e-01 -1.528122672893807432e-01 4.851352049230825414e-02 -9.698100816304813243e-01 -1.934019664847849984e-01 5.112768035253324461e-01 2.203415713658012365e-01 -4.396636716161620440e-01 3.500607610814934767e-01 1.621110073394809448e-01 -3.002784948823032998e-02 2.803887815220989510e-01 -8.509832783206836559e-01 1.097047816399344400e-01 1.481932619750037441e-02 -3.224447482066408188e-01 8.565161864886745857e-02 -1.284621868246939580e-01
-1.739734919683213754e-01 -1.777930574473517156e-01 -1.737878234741927208e-01 -8.014629169845228704e-03 1.298972346458257265e-01 2.605382436488830160e-03 3.480861317818698900e-03 -1.023034645409097304e-01 1.574877846890285760e-01 -9.934348461083819526e-03 -1.262892051947922534e-01 -2.601383088331750762e-02 1.030477941726434810e-01 -7.270356524693769029e-02 -3.665592770976661054e-03 2.292919708255664046e-01 4.843468642013223219e-02 -2.948650688984240653e-01 -1.196636415288710592e-01 -9.601002163405583656e-02
-2.161198876689292836e-01 -1.105402626925320320e-01 -3.001844732154315687e-01 1.654671246253602013e-01 1.132203778768668123e-01 -3.504578444709452456e-01 1.674530209639106260e-01 -4.603995412824574834e-02 -7.017531739808149926e-02 -6.572706664428455692e-02 2.103835992167967239e-01 -1.751690152126296751e-01 -2.103269658678288412e-01 2.590469144613681204e-02 -3.454895388818309265e-01 6.577584081499163182e-02 1.158727667393201211e-01 -2.242135641064516016e-01 -1.240466901642728048e-01 -8.222793078422836743e-02
8.073917532817638520e-02 -3.349104117913294654e-01 6.197661565148660651e-02 -1.112069747586528906e-01 8.503620476533085490e-03 -3.905244654132044024e-01 1.053155399371805828e-01 3.239251078081999968e-01 1.604877606369993492e-01 -4.198152827750318838e-01 2.660553526912591282e-01 -1.166572530952335179e-01 -9.619107497010824515e-02 -9.098786775233302232e-03 -6.954126732389426246e-02 2.045701419628010442e-01 7.915419493256045658e-02 -2.155034555544105002e-01 -3.944136838324562716e-02 5.076368999002101035e-02
-2.168967580829140318e-01 -2.018175280194766663e-01 -3.385430020634820347e-01 -2.112138259404834073e-01 -1.913892677807123022e-01 -4.961057756417567854e-01 -2.249832957527259925e-01 1.145117429597264092e-01 1.291628605113960826e-01 -1.900375580128215725e-01 -6.231396113425762689e-02 4.041609221047799683e-02 -4.011217085857757964e-02 -8.082373363635458885e-03 -2.806394169906684666e-01 -4.377991230375091747e-02 1.256010688553423904e-01 -3.417034368490874940e-01 2.374289200329260906e-03 -8.894749836892738848e-02
5.639382007146408887e-02 -1.011439249342570706e-01 -1.909172564682508344e-01 -9.983411632099341293e-02 -2.375157548834449031e-02 7.232372081372212547e-02 1.300825501718382571e-01 -4.980103115769062699e-02 5.412474092567810119e-02 -4.535949600115754023e-03 1.477909683611060565e-01 -4.122889284196157300e-02 -4.603839795878542085e-02 1.623473341609801279e-01 -1.248711596864525569e-01 -6.904847190609005037e-02 -3.777151754096844810e-02 1.071215911001252297e-01 -1.033025597200755152e-01 -3.475482984510704781e-02
3.133083357812763148e-02 -3.367402054867113526e-02 -1.431517049078047110e-01 -2.054869633411360308e-01 8.302818246460988427e-02 1.220019593868287150e-02 -1.951015309665578568e-01 -7.182654720038800233e-02 1.232514021668954796e-01 1.122282279590037200e-02 3.675503504780629899e-02 -1.764513901676303675e-01 5.717038348589948554e-02 5.009834001673020565e-03 4.260537506184589041e-02 1.612044380958627121e-01 -1.112084748824337804e-01 7.775215170857591174e-02 -1.577361311018059264e-02 1.750686668750383868e-01
-2.071190151648261701e-01 8.955343010801221360e-02 -2.676030177742319549e-01 -1.255868918138478840e-01 3.293111029853212825e-03 -1.223321467605897050e-01 -5.284442432672638301e-02 -9.308698519386646164e-02 -5.111040384080160065e-02 -2.123183989092950474e-01 1.394973442200441172e-01 1.836075636971838398e-01 1.052272695364891118e-02 -1.093765819129022959e-01 -1.207032103271628125e-02 -7.038222348603606626e-02 -9.061687270688886797e-02 -7.110763756220997434e-02 -8.241063926372727000e-02 1.437798761629857924e-01
-1.173430994820757745e-01 -1.158228262722694607e-01 -5.693131768698136280e-02 8.594039685133818968e-03 7.047082262262101271e-02 1.970701008519801234e-02 -2.959524452988543386e-02 -1.907547646303454567e-02 7.610264762331657440e-02 -1.224143442317495861e-01 1.135888176281799195e-01 5.294492524182242699e-02 -1.842689537105745567e-01 -7.443699477175975965e-02 5.642471050783642861e-02 -6.661154625003512519e-02 9.020058165665278960e-02 -4.264263294023293988e-02 1.357010617056149671e-01 -1.569948411475983185e-01
3.237225008068456145e-01 -5.157346627130005023e-01 7.200549820596535699e-01 9.205994042823890944e-02 4.114587745516442019e-01 7.070973444904958827e-01 -4.633881980706395787e-01 -1.661958035268939482e-01 -2.188008810338560317e-01 -1.272471352647646381e-01 -3.635251991312144632e-02 -6.636094236215667186e-01 -7.645887617635543920e-01 -7.716886265018912949e-01 8.022734450058741640e-01 7.378031331209421451e-01 4.023150554877995971e-02 5.249673441955432507e-01 6.379926073220271165e-01 1.123113459889825971e-01
2.382127382888748757e-01 2.707259346938907241e-01 2.497040767321268562e-01 -1.136472129613999849e-01 -1.663650549938802958e-01 4.410621135039213825e-01 2.790395386474023298e-01 -4.291747533151672039e-02 -4.113957111486520046e-02 4.002661653591648161e-01 -1.896828356387935677e-01 -1.260966710441372152e-01 -2.492906819249908826e-02 -3.646687884878946906e-01 2.995174497499011879e-01 7.088663784867654805e-02 -5.806406139709525266e-02 1.516848996502755120e-01 2.925759843099338675e-01 1.492105922245730819e-02
-2.428625904321468632e-03 9.979358057558730677e-02 2.763327257923841457e-02 -1.365825749496998032e-01 1.690098477102537078e-01 2.583514313111576893e-02 1.314886974041783452e-01 -7.295586348725112413e-02 1.101043459294302612e-01 -1.293590026825401466e-02 -1.164234960493159138e-01 -1.856715389498037327e-01 1.728978674611343636e-01 6.751255747921936466e-03 -1.416992036694735557e-01 1.163879353725952651e-02 -9.540899605367762770e-02 -1.492733782508550711e-01 -6.190752696035877606e-02 -1.795864545682645252e-01
1.450897859908871212e-01 -2.271340674432451023e-02 1.302840497351130666e-01 8.968737596819689739e-02 8.246530519470625376e-02 2.094482708427993778e-01 -3.284927706217709298e-02 4.907214118432020461e-02 -1.257477854109246562e-01 1.565737841023213672e-01 9.581079986380325667e-03 -1.121229915005971106e-01 2.341968329321583997e-01 7.789537806646465445e-02 3.294483712749651239e-01 2.377159747628836695e-01 6.924213622652608535e-02 8.730483808197343765e-02 1.373117559591026660e-01 -8.910649464210169957e-02
-1.077736202416330336e-01 -2.296308945697740078e-01 -1.300039585764624916e-01 -2.036975226869655042e-01 7.968144345828306885e-02 -1.683977961824854042e-01 9.010306904056604449e-02 8.478972424233527372e-02 2.042289600703348640e-01 -8.887212891321083497e-02 1.774949266849093765e-01 -2.993136705142557252e-02 -1.146950580894279537e-01 -1.576217837489289619e-01 1.467844137382959269e-01 1.492752329406446532e-01 -6.957270951627121669e-02 -2.326517603600520429e-02 -2.275318997020212355e-02 -2.007224266330044915e-01
4.140536253100641356e-02 2.892675140917039256e-01 1.251373305466609021e-01 1.347899753666174372e-01 -1.403003496745769130e-01 5.005736213781631916e-01 2.342661012299322998e-01 -2.132749166409650676e-01 -2.777314668007117571e-01 6.902514197020518383e-01 -2.168219266008831470e-01 -3.553019757717920113e-01 2.737556079289217847e-01 -4.679890764811854287e-01 6.398502780055246308e-01 -1.473058991284968873e-02 8.489901760401677433e-02 3.551201136121870938e-01 -5.758593209961086062e-02 1.931496719558014330e-01
4.991743882252474007e-01 4.646152820707393216e-01 2.041822411026519846e-01 1.032850484403022816e-02 -1.773433469094869985e-01 1.007428101102387785e+00 1.917048127745899777e-01 -2.765261234656369305e-01 -3.137494452517215482e-01 6.165740255099320111e-01 -1.975989515033974020e-01 -3.036686833088189097e-01 3.908824892390773686e-01 -5.966709922321155046e-01 5.550187718107681967e-01 2.203553285545913343e-01 -3.161052992265227582e-03 5.366631326902228105e-01 3.546527605013694573e-01 2.408439575698845259e-02
-1.215706818855273874e-01 -9.390069987546505181e-02 -2.579687404462385758e-01 2.781988488483228689e-03 -1.049842146710934093e-01 -2.524713443211142327e-01 6.478455109438822912e-02 4.371544793878895385e-02 9.421292445149867523e-02 -3.070448192595636727e-01 1.325192367779655551e-02 -6.177363813081394595e-01 -2.880243779891509051e-02 -9.511961947305759557e-02 -6.533827660343739796e-02 4.380268166192309298e-01 -9.652369275052531672e-02 -8.552751499490447717e-02 7.135867917204399280e-01 -3.255519811612639369e-02
