-1.540221375185182096e+00 1.104542025636414238e+00
1.508835813571550277e+00 5.769541145647397729e-01
1.918905164113879902e-01 1.158805361975911552e+00
-1.787632313849865762e+00 1.004554906730915631e+00
5.806511656741157879e-01 -1.369447534598330574e+00
4.256694433676404543e-01 1.193859505721985848e+00
-1.196156945440620678e+00 -1.666207111754413717e+00
-1.423019004662197551e+00 -7.883848505651566141e-01
-2.994254767137119466e-01 1.319525037233643783e+00
7.318621787294095349e-02 1.037663602983426969e+00
-8.926724438459624489e-01 7.797154428847720142e-01
2.068517423930461341e+00 -3.622877418801799254e-01
1.612671920198309516e+00 -1.792534563618098709e+00
-1.852882502295559286e+00 -1.826472535698741684e+00
1.275250537160160347e+00 1.345303905743087558e+00
8.182778043367554544e-01 1.540173566259873894e+00
-6.268541067011836887e-01 1.076988937711900629e+00
1.368817827220741412e+00 4.204534929624081374e-01
1.031173395851656904e+00 1.353067145133332705e+00
7.842145689583582824e-01 1.180436555577786262e+00
1.744897021780443813e+00 -1.158124427927419653e+00
-1.336321674972118290e+00 4.832563318557741572e-01
1.689825960652540315e+00 1.250495219364793797e+00
1.431750554797249331e+00 -1.395721291499138594e+00
-7.797693116442742101e-01 1.726084403753628482e+00
1.063253286690075461e+00 8.788730229721738452e-01
1.211954576265344974e+00 7.334150230207022725e-01
-6.634905771097017180e-01 1.513723380452200118e+00
-8.401853151747631365e-01 1.802141368345989481e+00
7.542870927725493502e-01 -1.237809916161007440e+00
1.586416778831932328e+00 1.162013128625944525e+00
1.694892725810728029e+00 5.703389714824395051e-01
-1.256111823729750165e+00 -1.723260678311284710e+00
-1.636531767437473084e+00 1.326072936876577235e-01
9.800267882935380370e-02 3.227445441021458694e-01
-5.481990873250872087e-02 8.448990628487257348e-01
3.211976307717077095e-01 5.840001199513652486e-01
1.258862419364722429e+00 -1.640231105815592727e+00
1.233489438217168166e+00 -1.031715508992766761e+00
2.043745660042565859e+00 -1.876695848502956954e-01
-1.689852338947359089e-01 1.877351375703733005e+00
6.190291305998077420e-02 -1.806606617098441614e+00
1.734134701918139898e+00 -9.170210553405725440e-01
-2.300263396105065028e-01 -1.439252170049530655e+00
1.815304467619971662e+00 5.845178366968556416e-01
1.453039227076330819e+00 4.964367032889860920e-01
1.617440656035511237e+00 1.476588675831703945e+00
1.665964744942816322e+00 1.057269199634559342e+00
1.975310297533990012e+00 6.496244925971318418e-01
7.968976297930093766e-01 1.720144634430970321e+00
1.934701449031055231e+00 1.896967509384824169e+00
-2.148103197620003346e+00 3.565020055480953576e-01
2.005910068019973291e+00 5.791197673472386898e-01
