-1.232283295253863431e-01 -1.458212572739431279e-01 -4.800077418160335063e-01 -4.173294697712964241e-01 -1.046822824751837966e-01 4.664057738182596502e-01 -6.088281259140549961e-01 -2.714068272012521918e-02 1.345908590257811899e-01 -1.038189536994489209e-01 -1.349305293379081949e-01
-6.186342273428940830e-01 6.956588110989543328e-01 1.301589965664389226e+00 1.717182369456992652e-01 4.375936073456406783e-01 2.481780520065580975e-01 1.966348446893531943e+00 1.579345465731660236e-02 -7.622775330856894870e-03 3.376094338464604716e-01 -3.281273511943513244e-01
-7.084270709478078520e-02 1.405181065842354693e-01 2.267688845521011742e-01 2.228123751454439208e-02 5.722601914365721409e-02 -6.859025068822942328e-02 4.867856465611671291e-01 -3.928115117883830554e-02 -1.009803583976797738e-02 1.488866891060581232e-01 -1.782202078258853517e-01
-2.052665707792559469e-01 3.089746421805387167e-01 1.499366479070758928e-01 9.208151223289776088e-02 -1.510569678707314456e-01 9.906343260918341886e-02 3.568402718669992923e-01 -2.281156266665415322e-01 -1.568399766490216340e-01 -2.468499631261786981e-02 1.000138451387294625e-01
-5.032940906415803856e-02 -7.017022346235513020e-02 -7.884841522119832857e-02 2.019507449189728299e-01 4.119619253213050586e-02 8.254983888332274866e-02 8.739418708075703812e-02 -7.255780490389074355e-02 -5.716952841367220484e-02 5.305004601457776608e-02 -2.053836160124585530e-01
1.735119755472869230e-02 -1.738105924681682957e-01 -3.512309720042346428e-01 8.247674699431001288e-02 -1.204613932616453026e-01 1.339072820254482432e-01 -3.018099758040731495e-01 -7.562616718824752282e-02 -5.300789702137039677e-02 -1.918758380462210617e-02 2.369443236968721972e-02
3.159838110066741645e-01 -4.325173011022149794e-01 -5.023454565271273653e-01 -2.086941431678728809e-01 -2.272195878922418921e-01 1.419338266982182462e-01 -7.396174293856301318e-01 5.390892528382792981e-02 1.815770355136713810e-01 3.386293843103111573e-02 1.117087312631584173e-01
1.236992462863259305e-02 -1.368333153257690060e-01 -1.021285801869900867e-01 -7.572389646597687402e-03 1.142816640074309775e-01 3.252811660743413352e-02 -1.961025774464483784e-01 1.217234241503275111e-01 -7.618511352709805839e-02 9.012503071109115305e-02 2.403226275962743741e-01
1.978696534440647359e-01 -1.688839473391218760e-01 -5.129253259496033834e-01 -2.328694064502290217e-01 7.409403590090637114e-03 -3.829101720724686908e-02 -5.478605727953327342e-01 5.292820477555339881e-02 -7.380124268593696302e-02 -2.574452531405506672e-01 1.674641085021432718e-01
1.495383711171744956e-01 2.326832669682413202e-02 -1.952345152091887123e-02 -2.522649233015079595e-01 1.128476370203431861e-01 5.239032699370109736e-01 -3.082950739697472575e-01 -1.903050729833974108e-01 -8.090354507835756381e-02 2.046629769057195791e-01 7.183058791017934985e-02
