-1.321806233078420267e-01 9.145178443119654776e-01 -1.260368918219416212e+00 -2.540109658814438953e-01 1.512595378371069388e-01 4.149480566781899027e-01 2.745678512006805572e-01 5.761014918802530582e-01 -8.468988790917428844e+00 7.653225712064105624e-01 -1.492580353088233946e-01 3.510461170638483064e-01 -1.182237612345820033e+00 -1.124643643952226296e-01 -7.022488740201310309e-02 -6.268769870520902732e-01 1.984142190030264985e-02 -1.860794949720528946e-01
-4.567615053442578010e-01 8.217003911712570385e-01 -1.115445806460275691e+00 -5.527480794708590495e-02 1.395456031146739828e-01 3.802469081479212809e-01 2.166422841956101575e-01 4.356425862772376756e-01 -6.228742719102262626e+00 1.287465702735552275e+00 -4.531560426093393379e-01 6.373997882194666342e-01 -9.405486347337086439e-01 -1.837249557987992998e-01 -2.011557037517330560e-01 -1.616432855792560019e+00 -2.477723710860648965e-01 -3.966389057433037935e-01
-2.874222804677300513e-01 8.117881759807663578e-01 -3.647844046341969793e-01 -1.068457164668684956e-01 1.627760614877279133e-01 1.892048393850442600e-01 1.497674425749342675e-01 2.167565011777211337e-01 -3.638700280691963940e+00 1.413750062698459153e+00 -3.344808134305882197e-01 8.324623539850583009e-01 -3.224274547456448814e-01 -1.175444451414775493e-01 8.325624820632275894e-03 -1.370973891646925180e+00 -8.835472466369967415e-03 -1.486227396753241614e-01
3.344897669195774637e-02 4.612795608571613193e-01 -2.772267244744797132e-01 9.404453038373053464e-02 1.214988448775215085e-01 1.690692387216367887e-01 -1.136202090280610533e-01 -5.256358898942107422e-02 -2.493571009676623262e+00 9.299412194977256796e-01 -5.494403980481465943e-01 6.960444288019406178e-01 -1.307577241859386175e-01 -7.886820283620854521e-02 -4.086893972523601010e-02 -9.120634908001583607e-01 -2.783591497369924395e-01 -2.350069309943839807e-02
-1.946082034501266655e-01 2.251299699439771596e-01 -3.914545262071417175e-02 -1.966263090114227507e-01 -1.839658576682104696e-01 2.547572129381787953e-02 6.203542473979957450e-02 1.720378444964175968e-01 -1.448316967196542571e+00 8.081667134171390821e-01 -3.914577956819192961e-01 5.568373468852594321e-01 -2.241389084842519974e-01 4.471546396752597297e-02 -4.808359895092324809e-02 -7.327763556710861215e-01 -8.806055997318221196e-02 -1.833031007704222504e-01
-2.059905261616151728e-01 2.280758762448555355e-01 -1.932606884739196396e-02 -2.020127604697272983e-01 2.030974869771639754e-02 -3.702488836415604445e-02 5.314961307341840337e-03 1.227312286570187844e-01 -8.647525679036007773e-01 6.117043109719794147e-01 -1.145170664155881202e-01 2.349150675904339569e-01 -5.014503055132389642e-02 -6.485032017116557079e-02 -1.523945332659707441e-01 -1.569885972007552533e-01 -3.688278382104694694e-04 9.715263837788709611e-02
-1.723257188126836870e-01 2.369939375795754033e-01 3.266831035163186847e-02 1.151882532256997549e-01 1.491327312732662891e-01 1.020810187339244723e-01 1.572863723601037877e-01 2.797020209176025521e-02 -4.481571067427773114e-01 1.035500622233652412e-01 3.106810389516368245e-02 1.347905682294477658e-01 3.121824361914462415e-02 -1.781028948262919007e-02 1.142855962468170283e-01 -3.686988989939822270e-01 -2.082305105491268349e-01 1.514044811407224134e-01
-2.476296832177592860e-02 1.955518736115669509e-01 1.056526065699124883e-01 3.137136272255093561e-02 2.866202379936326483e-02 -8.897714883215890325e-02 -1.483978184310313919e-01 1.698920431333367786e-01 -4.223343194807597234e-01 1.831604766617247471e-01 7.031702343660831134e-02 4.262148609350257383e-02 -1.558234080479463657e-01 -1.546205710680038092e-01 -3.040522265232661198e-02 -1.184153596342848447e-01 1.586554237881178386e-01 1.557849951525884791e-01
-4.313896034985878480e-02 -7.614652409321578941e-02 7.422037158556404890e-02 8.145068657623709407e-02 -1.874233017928583211e-01 -9.277619906958904650e-03 7.690529012978432333e-02 -1.585586020416725472e-01 -3.485255953194889011e-01 2.339754070117914253e-01 5.137120108998598222e-02 -1.123061550691997479e-01 -2.394814360115969099e-01 -5.629747471509451151e-02 -1.889721315403994628e-01 -1.471170953053061448e-01 -2.036101389413680074e-01 1.806819017063640564e-01
1.189132206007888493e-01 -8.855604343828697711e-02 1.247199174490618567e-01 -1.290271111540947924e-01 -1.177425847255327701e-01 8.063428470115563407e-02 1.799699677812156284e-01 -1.427158250824187846e-01 -5.024838587709845594e-01 3.705575227201395039e-02 -2.502577022498269077e-01 1.245024243179843615e-01 1.081406179968330550e-01 -1.252026102208309288e-01 -1.559228838462137501e-01 -2.201029566186863407e-01 1.727097871988933775e-01 -1.563045898463309991e-01
1.798478215510127542e-01 1.797874297985098402e-02 -3.605480279697951401e-02 -1.020464310087203369e-01 1.750442221752412930e-01 1.919181238179580862e-01 6.205516490365661775e-02 -1.291492688996480342e-01 8.048890757889065606e-02 -7.383915501709129026e-02 -2.259572886334781233e-02 -5.141848484975592576e-02 1.491765917810419229e-01 1.782717444563763076e-01 1.208902915307211723e-01 -2.225252799330103282e-01 -1.129615306138648939e-01 9.543381724228022778e-02
-8.683694237940296767e-02 2.680211743851317746e-02 -1.937513022603345458e-01 -1.613143124367343861e-01 -1.915225728254439375e-01 -1.646547452555116031e-01 -1.633123057232785946e-01 -1.998259990818120752e-02 -2.760176179234581362e-01 1.866909216462447618e-01 -1.819620352810378261e-01 4.529925130990607174e-02 2.187759863833796392e-02 -1.661773573620815292e-01 -2.276366289425548264e-02 -1.768802105110857670e-01 1.692461327659800507e-01 -1.799971511044271832e-01
-4.240066902571040797e-02 1.220243340798726761e-02 6.928413625751211891e-02 -7.606320372647917827e-02 -1.180677815556514937e-01 -7.518038934667337081e-02 -5.216771630509827763e-03 2.022729192644314167e-01 -3.170628388436369516e-01 -2.279487929160689541e-03 1.206812473921207648e-04 1.314563787410306106e-01 6.550969612963672417e-02 -2.153331209210831987e-02 -4.098333452551680689e-02 -2.379276010977502548e-02 -3.760574599151610825e-02 -1.064514076104984552e-01
-2.262255499054530161e-02 2.072300707810517395e-01 -1.580097445858134053e-01 -1.537023720260844925e-02 5.517870941714763527e-02 -1.559315511319044317e-03 -1.101487816346319037e-01 -1.814120341437810424e-01 -3.251808337883525524e-01 1.357888238617696586e-01 -2.223972678881232790e-01 -4.231992692651866117e-02 5.818538672104242582e-02 5.156904164486229847e-02 1.772819677425907861e-02 -2.441936855003639661e-01 7.275120905276194483e-02 -1.527921871645012905e-02
6.556298001132751518e-02 1.297387230226906552e-01 -1.285069538280436685e-01 9.938722632383695244e-02 -8.786080267585608117e-02 2.009182922199658217e-01 -1.423444601146152122e-01 1.661068326901653514e-01 -4.771143490064185810e-01 -2.415192233930893440e-02 -1.515398195880172938e-02 5.899145422336350697e-02 -7.899184694463450007e-02 -1.591868862180037814e-01 -9.919992763374525790e-02 -1.443550599802650714e-01 9.425989197186482316e-02 1.580126116540893633e-01
3.147601837800652336e-02 -1.679572236625023751e-01 9.176194862301131905e-02 -8.290471263562126936e-02 -6.399274570039713284e-02 2.064099710067297117e-02 -9.383024685635600604e-02 1.861466064369357576e-01 -4.600332216220294201e-01 1.428940234377715918e-02 -1.027793823570401915e-01 3.157858707410036297e-02 -1.376789104541475961e-02 5.085648276738127110e-02 1.236863318069572268e-02 -7.285460716323380326e-02 4.799124401894407088e-02 -4.507512653386909485e-02
1.024244497130327169e-01 1.411745071956819197e-01 -1.169031018349402373e-01 -6.088664849519800915e-02 5.162602940492773407e-02 -1.256491711243228893e-01 8.117440934657527141e-02 -3.551052680237298809e-02 -1.415185869219591219e-01 -1.046229998155478180e-01 4.996926600819375647e-02 -3.839552420986788728e-02 -3.640543539451653737e-02 -3.395593993694549784e-02 -9.642577304251562578e-03 2.644054279438668928e-02 -7.796990610669725374e-02 5.215926896732171747e-02
