1.678163221924713622e-01 5.422476172091154067e-01 4.626790628275267991e-01 2.180609217631063190e-01 -6.460642309962186247e-02 6.396928626498349368e-01 -1.397966469916479652e-02 -1.825731993265126418e-01 -1.977738025169126501e-01 2.573907430242592942e-01 -1.036125894577628465e-01 -4.052174848832869603e-01 -4.494784764861946003e-01 4.237749648594618113e-01 5.685055640650610309e-01 6.237041388442814138e-02 1.108595828147720397e-01 3.155130610041928518e-01 2.627093161060540250e-01 1.798955678291306870e-01
1.269810568141566676e-01 -1.211499351693172688e-01 -2.129770701020123613e-01 -6.886281533643816288e-02 2.610127129703410653e-01 -2.053485866795536074e-01 -3.463884015183188447e-01 1.247956351865842223e-01 8.943926336279654776e-02 3.251305925052903889e-02 -1.355111643853948999e-01 3.634756707863785741e-02 -3.380877554278247099e-01 7.436911967914996424e-01 -3.429879613686772494e-02 3.778552524915949618e-01 2.286162560601816551e-01 -1.372430553528032060e-01 4.612575956069946970e-01 -2.336647595831871649e-01
1.460476182387513699e-01 -3.790917500821985309e-01 -2.267670328143665537e-01 -1.211084176411206526e-01 2.994960911015633886e-01 -4.588936694961222584e-01 -3.986079919484161738e-01 3.009125546745606283e-01 1.005836945723484060e-01 -7.295866690549024369e-02 2.294282103428099129e-01 9.834883357060726639e-02 -3.160174920668045728e-01 3.009830068212912546e-01 -5.285873540085680444e-01 3.804762888528746001e-01 2.292992576196382359e-01 -1.455523687563427260e-01 3.490542124234971011e-01 -1.589865338266063244e-01
-9.234827748488999566e-02 -2.359855686348223125e-01 -1.086530161216311130e-01 -4.496214911842899044e-03 2.065047216674472941e-01 1.068251622454942512e-01 -8.525685979567847184e-02 -1.230161592834386336e-01 1.443473774416680899e-01 3.920692350684219091e-02 -1.511930801973604410e-01 7.842838773358203411e-03 -5.062318264930215639e-02 -2.758796550092064079e-02 8.339706902082061335e-02 2.708376922586755997e-01 9.193113601545854774e-02 -2.367122805738137714e-01 -7.006068724998609776e-02 -9.047420695437344285e-02
-1.638347465737292896e-01 -1.181631913377596405e-01 -2.489753760117160986e-01 1.758033072241493855e-01 1.825307232612416730e-01 -2.060368243221602780e-01 1.025592949181947794e-01 -1.035801825806177828e-01 -1.037446677707397485e-01 4.904784767846750992e-02 1.804374898255962922e-01 -1.678183811780304124e-01 -3.128122726011541288e-01 9.307264191086482563e-02 -2.366511356264802135e-01 1.273494640120557408e-01 1.713448539731058373e-01 -1.581699799244527249e-01 -5.661013544455737595e-02 -9.007516151872101140e-02
1.966435651760939651e-01 -2.525669385613993345e-01 8.539757380184133384e-02 -9.281098260760080321e-02 8.238840289973980990e-02 -1.705723916133304319e-01 6.769089387029667004e-02 2.290680043042236935e-01 1.023887054823052201e-01 -1.936598384414456586e-01 2.104918703309357764e-01 -1.434035572337893638e-01 -1.360506392595111080e-01 7.189738800493579440e-02 5.155434473263599549e-02 3.062030449568375334e-01 1.679780865365298470e-01 -1.512601879024632057e-01 4.488454664278414968e-02 4.241382333325853515e-02
-7.160685382878091698e-02 -1.422598132777875279e-01 -2.849818648409294108e-01 -1.837050979392773897e-01 -1.065182716534251589e-01 -2.608559383173424950e-01 -2.691511739696805239e-01 1.214736923309071501e-02 6.451598767565770720e-02 2.505379608407177355e-02 -1.266740216731558899e-01 -1.483039322525680180e-02 -1.037700645580049430e-01 2.917250050730800862e-02 -1.384874456419990796e-01 7.015587085387416100e-02 2.192868046958487693e-01 -2.580457433880180007e-01 1.022680859365821537e-01 -8.697757445258340325e-02
1.004262751336716802e-01 -1.015574208606779549e-01 -1.473327364697858965e-01 -9.230485599529836271e-02 2.289990861964110933e-02 1.630870870971500297e-01 8.251488252330879680e-02 -8.028232904517716706e-02 3.495569827091230680e-02 6.665657761447256469e-02 1.277405714894522537e-01 -2.621686063532571026e-02 -1.292886717162221033e-01 2.214184213688534519e-01 -5.061990371698871921e-02 -3.613579280294578616e-02 -3.831804674685851311e-03 1.558468941238176086e-01 -6.516822611786338149e-02 -3.397597740036755604e-02
4.950485017997597464e-02 -1.020980458112342483e-02 -1.270846448217617664e-01 -2.075321149636069618e-01 1.037831309727664936e-01 4.681290301796290493e-02 -2.258408088114002843e-01 -7.214971214608288663e-02 1.219323492102949991e-01 5.464385955234183495e-02 3.138230834201612141e-02 -1.291694832326139575e-01 2.651695290084880949e-03 9.592974036214338418e-02 7.275570391388412606e-02 1.595393184833173439e-01 -9.876895465407235786e-02 9.825510026940743880e-02 -1.515926064366587486e-02 1.762708836288504610e-01
-1.170345843866328617e-01 1.469659141559739868e-01 -1.859692941393579491e-01 -9.253323690809017732e-02 5.713189268943445753e-02 4.347658035444506436e-02 -7.895946925209866574e-02 -1.716945777660175143e-01 -1.039737224536819854e-01 -6.616964640900589723e-02 9.339322398177166140e-02 1.296060583955467582e-01 -5.372884136872111555e-02 -6.938835135994249337e-02 1.213576283513569248e-01 -9.236218810827236114e-04 -3.385453427057688591e-02 2.192966294010352535e-02 -9.981881147563232207e-03 1.569406256457349658e-01
-1.374956496403365591e-01 -4.168962083364561449e-02 -1.005789204459659469e-01 -5.850953916557178995e-03 7.126783995945423777e-02 4.334679355807482398e-02 -3.716752995850958891e-02 -1.871243425434229377e-02 7.865063580365311280e-02 -4.187129918162535436e-02 1.172460843612099096e-01 1.259336369167988190e-01 -1.727578147465718694e-01 6.829746945350471943e-02 5.055220596175938330e-02 -7.552912833264789627e-02 1.014474610533357551e-01 -5.817703121561996343e-02 1.178781854672828339e-01 -1.744716750784312820e-01
-4.567152328739454599e-03 3.428706578488795453e-01 2.853842895386008993e-01 -1.585277978834806825e-02 1.162944634002657518e-01 3.842385167404047674e-01 -2.251610476094144109e-01 3.650100424757387468e-02 -1.011548262522180414e-01 1.935828760111745483e-01 8.633691711615927578e-02 -1.151872082981109241e-01 -2.877729491792817562e-01 3.133298207578483763e-01 4.396598390054158867e-01 3.837231395943996315e-01 -9.638344261111875255e-02 2.527099896837639581e-01 2.052614496732389215e-01 5.577865695148737785e-02
8.718145674229658970e-02 3.163333552548106553e-01 2.647516721532969797e-01 -1.340196360859218228e-01 -2.306547512406885436e-01 2.589970357697636283e-01 2.756396659188026788e-01 6.027784665764601008e-02 1.777894771180308850e-02 2.802384601639847372e-01 -1.288789296460390033e-01 3.792524255059836341e-02 -7.836121714212554434e-02 -1.389455310427779311e-01 2.459834139991872726e-01 -7.953264268709571427e-02 -1.462355559615429457e-01 1.414958462033161224e-01 1.758936552094367278e-01 2.527467306470542255e-02
8.130692265456991585e-02 3.034006482058845267e-01 2.254151780353382817e-01 -5.873209457540937845e-02 1.951291173150405123e-01 2.196495725967844426e-01 1.424004198234480323e-01 -1.786751904313358119e-01 2.698986922540920833e-02 1.933830695375589603e-01 -1.753281787046716833e-01 -2.730655723818785074e-01 8.702442817776724626e-02 1.643838422300802904e-01 9.406113675240343475e-02 4.708550437392966526e-02 -5.668856380542283691e-02 4.655660012678976972e-02 2.198750383050636532e-03 -1.254600958504821784e-01
1.224114241780457357e-01 8.530910728051192826e-02 2.516376340513143961e-01 1.266307740730606424e-01 6.759902440896294051e-02 2.306435299417607110e-01 -2.412139169928511490e-02 3.263843794380979352e-02 -1.473842777054100994e-01 1.964761232167236971e-01 3.834175173939214590e-03 -1.121253431598848854e-01 1.685235953800080511e-01 2.179293838410879258e-01 4.352489164206355676e-01 1.969547308438635569e-01 4.959199301369496965e-02 1.914268573570901411e-01 1.292094627718615996e-01 -5.388792950858867226e-02
-6.608262107565596177e-02 -1.269671968123461114e-01 -8.259401912543021251e-02 -1.793213169213458968e-01 8.880914683271409760e-02 -8.352069856514403312e-02 1.002625208609048274e-01 4.207556909901469244e-02 1.720354756859844569e-01 1.993588505716116857e-02 1.524530406332745558e-01 -5.425632194940175484e-02 -1.223025594246107545e-01 -7.967664368369413441e-02 2.227226255141378231e-01 1.692071394809513962e-01 -4.668181935290167950e-02 3.510367027927460692e-02 -1.875385778451845332e-03 -1.861278500015789983e-01
-2.105937216611759311e-01 2.010185722688646592e-01 1.096245298525376222e-01 7.849786250325997694e-02 -2.444878347494027493e-01 1.110944699774864819e-01 2.128648721860469939e-01 2.510943699037026036e-03 -1.466644712764177405e-01 3.402116182407294298e-01 -9.771005909505836584e-02 -9.752454015380693231e-02 1.842375186500196660e-01 -2.751968705717387498e-01 4.651569611515251612e-01 -2.651182183899983280e-01 -7.969611983673519084e-02 2.733955316569516847e-01 -2.566477199466672410e-01 2.024912079300553447e-01
1.529065823392522783e-01 3.699135920596170468e-01 1.921710900201815952e-01 -6.220819707780052277e-02 -3.340513299566105210e-01 4.555283761690543942e-01 1.765950924627460727e-01 2.689539797952903571e-02 -1.322465172283950052e-01 1.293500597638803651e-01 -3.263956855021304254e-02 4.737313732124420751e-02 2.778931606560564038e-01 -3.211697398101608369e-01 3.123054072424193972e-01 -1.385325144196872804e-01 -2.394274162559695551e-01 4.289539490388386556e-01 6.767891047510940505e-02 4.613027167000123552e-02
7.722684631414715450e-02 2.883665523948640841e-01 1.352831050153748826e-01 7.547255745217593126e-02 1.053388524112946756e-01 2.463942071722925731e-01 -2.034791569047765258e-01 -7.817677718823827504e-02 -9.031428984990952716e-03 2.559072984474795587e-01 -8.809446672622275876e-02 -3.074383732142298431e-01 -6.342532711562430814e-01 8.593579459469747883e-01 4.823487561698384662e-01 4.528387787139149245e-01 4.114245416853845594e-02 3.327418993823650917e-01 7.997371701261810628e-01 3.527242684069800682e-02
