4.973272055074749731e-02 2.537119270858805842e-01
-1.506643646545448467e+00 1.859056766799277893e+00
1.847717054135743942e+00 -1.323735927642122112e+00
3.197479703607157275e-01 8.135323454893358397e-01
9.784888725934105524e-01 -1.170982324055517276e-01
1.135930856704895131e+00 -8.025255752816027321e-01
-2.526678768501578465e-01 -1.024175032169629268e-01
1.404892973313486004e-01 -1.290162446957595188e+00
5.566717755857706340e-01 -1.038102410428561440e+00
-6.215763148908868274e-01 1.753379393622554128e+00
2.092336805360726970e+00 1.369915298699824868e+00
-2.382303891010008279e+00 -1.473455367759062939e+00
-4.451903265399106968e-01 1.197502078635130696e+00
