4.558459022672892852e-02 1.306016360901780304e+00 8.421621648638470958e-01 7.929287076968936088e-01 1.502790066277331638e-01 -1.129825272788481882e+00 -2.537594888450900310e-01 -1.489381999528386791e+00 -1.191441330175636443e-01 2.657769330647272166e-01 -8.733794022110696886e-02 -1.859054082536787167e+00 6.754055661744590155e-02 -1.124553036040975146e-01 -5.175164420868139104e-01 2.662448558448848521e-02 -3.425396290667755417e-01 2.575341224216736169e-01
-2.976385671383174891e-01 1.829109836999195160e+00 1.017448318998544377e+00 9.765183053392550994e-01 1.357993316045592591e-01 -1.500947035304607269e+00 -4.972998754700590496e-01 -1.410658990809477320e+00 -3.382242476015385746e-01 1.851418718828354293e-01 -5.524418305058389350e-02 -2.550527840752569997e+00 -7.330649994331624175e-02 -1.836959711345760304e-01 -7.318080855433076737e-01 -6.386106786411829828e-02 -7.507066085137458211e-01 4.147546285057016058e-02
-1.645608231097122898e-01 1.980938113261383471e+00 1.079949277160557219e+00 6.323530140168296398e-01 1.593163918454135186e-01 -1.492684286443386910e+00 -5.543426933394939304e-01 -1.060675366926600471e+00 -4.036370726344839371e-02 4.390841213942789922e-01 3.971418421968199094e-03 -2.205084668510397528e+00 2.002444685374513700e-01 -1.175078655259559623e-01 -4.185613404276999350e-01 -1.352481128787068332e-01 -5.346505967402267467e-01 1.654114938701061466e-01
1.155630593013658586e-01 1.471936074962439944e+00 6.122923589598073812e-01 5.161667812573785818e-01 1.184010526711996997e-01 -1.118862326997934309e+00 -6.824924219426957706e-01 -8.190247708940695537e-01 -1.272140698180255491e-01 1.630510243349463928e-01 -3.195192558344215339e-01 -1.678677559802223884e+00 2.055913470171355784e-01 -7.884111003602857493e-02 -3.497139154319849341e-01 7.583789129876995294e-04 -7.011340173290907529e-01 1.928830965413666221e-01
-1.401223693616694133e-01 1.021997877552233147e+00 4.979555452970845786e-01 4.288439367155130050e-02 -1.861802155885536603e-01 -8.965970114023685822e-01 -3.524056506959588053e-01 -2.244923516150061082e-01 -7.394191250505766783e-03 2.626060054348200445e-01 -2.464838808634515488e-01 -1.137588013446899859e+00 -1.599748848605338919e-02 4.473332031177542495e-02 -2.801504791594152111e-01 -2.632605137128877226e-01 -3.961563222539742357e-01 -3.968521757802647570e-02
-1.843038332344537900e-01 8.377348576831492588e-01 2.699204458950960617e-01 -3.665753630584916989e-02 1.930218254624901930e-02 -6.793802890969291575e-01 -2.802135502204458062e-01 -1.160487391670681212e-01 -6.954878723935736806e-02 2.961793996185090316e-01 -3.627379543973766052e-02 -9.664243346760423847e-01 6.545487931565115158e-02 -6.483777796981049502e-02 -3.142036393160236862e-01 1.835815910642190490e-02 -2.263197591290088129e-01 1.868138177479002904e-01
-1.507231548933707366e-01 7.136175797823763878e-01 2.536916134174763138e-01 2.351673126512240086e-01 1.487752580285927884e-01 -3.569994193648679537e-01 -2.460984709341956789e-02 -1.509997237110178858e-01 7.082952573808791452e-02 -1.761090654612056106e-02 5.052586167466636968e-02 -6.844939658466336896e-01 1.110274393716807889e-01 -1.780107277511104244e-02 -1.544203854560568037e-02 -2.080985803278745938e-01 -3.732982489474164223e-01 2.233123101379440312e-01
-3.423429976192953264e-03 5.462517914761986226e-01 2.275775238446460513e-01 6.883695003726256201e-02 2.853276217889003097e-02 -4.152239170230538345e-01 -2.561502258607384896e-01 1.539286996543834211e-02 1.265561214541496282e-01 1.913418554909954161e-01 3.047122378948076762e-02 -4.971789190701341732e-01 -7.136017209822469176e-02 -1.546136589738706379e-01 -1.197592947133280239e-01 -3.796729970557776281e-04 3.488442438275674712e-02 2.091379998110992344e-01
-2.217383698895525682e-02 7.597217968971586854e-02 1.560828145524785493e-01 9.633385176096762037e-02 -1.878968908670979876e-01 -2.045399768143827401e-01 1.434273071176793771e-02 -2.701615666083741485e-01 1.520394271402848996e-01 2.390963313584716643e-01 5.073350107724617503e-02 -4.512014493469994614e-01 -1.654568683048492916e-01 -5.629067639553969604e-02 -2.378382654082384640e-01 -8.340184763458080575e-02 -2.775791036053121275e-01 2.108907141787465522e-01
1.390185245085742427e-01 -5.541375140882706662e-02 2.079770386560222117e-01 -1.033435404860647694e-01 -1.182341469997656436e-01 -1.910160294382246340e-02 1.323594940075516480e-01 -2.078920337151634323e-01 -2.028250967517052361e-01 -2.038985587608099781e-02 -2.174192165295174284e-01 -9.472879553720874035e-02 1.490984840779079612e-01 -1.251965496255436627e-01 -1.890065504786720696e-01 -8.059293433610831281e-02 1.442264846135147272e-01 -1.377048417986916351e-01
1.927515495223663666e-01 -2.401852740641169728e-02 4.603152108784631935e-02 -5.463980997572287501e-02 1.747446405816236170e-01 1.613652153628323538e-01 2.617885307798199779e-02 -1.575798299159244242e-01 1.990085536915034425e-01 -1.411792117240460165e-01 1.224195337054380384e-02 -1.712088173340742536e-01 1.628658627348355259e-01 1.782761520847874481e-01 9.002660783334402728e-02 -8.794881442059997168e-02 -1.126086836998355933e-01 1.044697307721087071e-01
-8.429841623524737815e-02 -4.204201911676561793e-03 -1.239113513968202324e-01 -1.105174561333361061e-01 -1.918531505683408467e-01 -1.891484684694087481e-01 -1.863277661448533296e-01 -4.500308937138254584e-02 2.125141277765654410e-02 1.105489697609639832e-01 -1.580682513951098267e-01 -6.246207843274501070e-02 5.723849437791164729e-02 -1.661744365751645913e-01 -5.634609563480551947e-02 -6.361194847310036593e-02 1.705300650575198029e-01 -1.745123126777997080e-01
-3.802409351146333188e-02 1.698720104213839732e-04 1.322504096906627069e-01 -4.340253972870856264e-02 -1.184542790624040220e-01 -1.078713620515276694e-01 -2.362297671562442816e-02 1.523013472977174654e-01 1.172253621178913491e-01 -7.939328705036258205e-02 1.451883461732043912e-02 3.641682526131660713e-02 1.199497277377793991e-01 -2.153197044580301006e-02 -7.290509982695474178e-02 9.928642730114310699e-02 -3.852913410199083205e-02 -9.790745398817292389e-02
-1.814075084743861990e-02 1.990248590357482916e-01 -1.183607076304238476e-01 1.760464506920805892e-03 5.488150890744755706e-02 -2.482723437162744767e-02 -1.328931213986635496e-01 -2.441138975703200376e-01 7.825648095878470767e-02 5.350801552998232791e-02 -2.023852206695905820e-01 -1.085595181459092784e-01 1.088448821981207598e-01 5.156995759221944670e-02 -8.203921801728823390e-03 -1.431211729290262635e-01 7.444152214172083948e-02 -9.330850662321130140e-03
7.080275875344872738e-02 1.311604586618782819e-01 -9.243830608870189092e-02 1.152986315938632489e-01 -8.798877245085386101e-02 1.727052604442409212e-01 -1.618948014421632831e-01 1.126372532922565450e-01 -1.856083702470614216e-01 -9.130739031263379601e-02 5.983304716881990455e-03 4.083012286529019708e-04 -4.065482484171779182e-02 -1.591861990129936621e-01 -1.210359337807793978e-01 -9.047061147527257763e-02 9.278500400704783879e-02 1.659236293259871153e-01
3.583362571939037455e-02 -1.619237487423389743e-01 1.315714810621801678e-01 -6.667352859952435651e-02 -6.406216000842351876e-02 -6.389619721273653678e-03 -1.099058140167997188e-01 1.343532348164786783e-01 -1.359671076162727588e-01 -2.802414591191218496e-02 -8.869366111627041693e-02 -2.054561130221508117e-02 3.019550055877020037e-02 5.085672666978953427e-02 -5.587978900180715081e-03 -3.928869060061555840e-02 4.561844037983796979e-02 -3.650254185049791461e-02
1.118951102528554925e-01 1.827316634958383035e-01 -5.679698759982619582e-02 -3.758156330128089445e-02 5.146532939935170858e-02 -1.892323560407626892e-01 5.698549727710926216e-02 -8.985563709698481116e-02 3.068370483040912255e-02 -1.327242088012626775e-01 6.009345631959059353e-02 -1.386766885633636259e-01 -8.914265913503255021e-03 -3.395439252920862822e-02 -2.054647314080122050e-02 7.048565142511076242e-02 -9.587962562133187094e-02 6.683511902038789809e-02
