-3.267616361494418697e-03 1.453300732432803444e-01 8.687549853807580158e-02 6.941752343981388851e-02 -1.394504910400853059e-01 1.946823696874732668e-01 -3.554392148500745696e-02 4.470834572994397682e-02 -4.532679778670570259e-02 -1.811868336752638364e-01 -1.164431638077392805e-02 -1.394528984420655149e-01 -1.870138150504224162e-01 4.696016947240216899e-02 5.198651648733421116e-02 -1.578828701374540566e-01 1.965750649271086337e-02 -6.133280934401269535e-02 -4.663437073404502753e-02 1.105679594798713583e-01
-3.872128990301731966e-03 1.525106461648965683e-01 4.404789716248935783e-02 -1.312463398477187182e-02 5.292505602215380467e-02 -6.485384806849903150e-02 -1.502704829886990501e-01 7.301184747700950606e-02 4.881497709866278178e-02 1.154265965495454016e-01 -1.491563500211564863e-01 1.647133272518088720e-01 1.197364845687255985e-01 1.667549632364037637e-01 1.490138887093867548e-01 7.240257854282278194e-02 1.241003397749435577e-01 7.602923692560714652e-03 1.141956597442660981e-01 -1.243490128571259901e-01
1.128456425429176790e-01 -2.216815837746372031e-02 1.026464885189460330e-01 -1.781190527512488408e-02 1.158234913111133024e-01 -1.698641659125759151e-01 -1.821436378302350168e-01 1.737158329486270802e-01 -5.533959700505963752e-03 1.604285598595618922e-01 1.779133007528280741e-01 6.660446098225342171e-02 2.871873043738984443e-02 -1.136082463572763435e-01 -1.626095122803967452e-01 1.277576860329092678e-01 1.555088270527951178e-01 1.117582842779542562e-01 7.940097309264998460e-02 -3.195555357007168196e-02
-7.787536398921744707e-02 -1.546220417449164219e-01 -2.961190077113479147e-02 2.640518969910296554e-02 1.691522332550050023e-01 1.743019077323812449e-01 -3.374352138363473363e-02 -1.603156047607617318e-01 1.095274929885773907e-01 9.371173666284632331e-02 -1.877196616192375600e-01 -2.131256034646539232e-02 7.456724171942324952e-02 -1.879463061790920264e-01 1.677129413606454622e-01 1.848969946041676971e-01 8.901710883553598519e-02 -1.685845841392784872e-01 -1.718682136494577295e-01 -5.629867407150523917e-02
-1.882489968972054228e-01 -6.084890908626419681e-02 -1.960143034748136059e-01 1.897294051363871414e-01 1.276026796275450681e-01 -1.717929554087250787e-01 1.573740367391441297e-01 -1.168087839983937420e-01 -1.180836806922600096e-01 6.950365821153364765e-02 1.753049072650192386e-01 -1.507247515083050549e-01 -1.971261730990918337e-01 -5.234794113198973364e-02 -1.901399942255377062e-01 4.193929503221244248e-02 1.436702434476835322e-01 -1.252033190308569077e-01 -1.550435856679263924e-01 -6.222015706455566453e-02
1.836686082429255240e-01 -1.479369222285263907e-01 1.866077041867975073e-01 -5.510405202206031250e-02 -1.065183889595539002e-02 -8.294720561401058845e-02 1.748507376861879181e-01 1.832591579949990335e-01 5.436628260309739336e-02 -1.263817799299377653e-01 1.971807154441148624e-01 -1.589678241812352288e-01 3.233975263763216867e-02 -1.374387759667964892e-01 1.590701256600822733e-01 1.782713565982460557e-01 1.217561192000431447e-01 -7.364343253275024148e-02 -1.028645240168059305e-01 1.019433652876151064e-01
-8.357619234185841017e-02 -3.208584885836987532e-02 -1.814977292389434727e-01 -1.471064758264774008e-01 -1.917801517432893288e-01 -1.688315519625857020e-01 -1.707155402540556643e-01 -3.190731913034125511e-02 2.031087105497514367e-02 9.635152794836876478e-02 -1.430866104630336144e-01 -3.112450153223247917e-02 5.478641496468816818e-02 -1.661777220724269810e-01 -2.207553794151845272e-02 -5.229758430408090741e-02 1.795727715766647359e-01 -1.768571544395931283e-01 -3.654951152674076886e-02 -3.310980808151797739e-02
9.127220183987116986e-02 -7.173159885019844695e-02 -1.184038896215064141e-01 -8.267533793347797699e-02 -1.164498302025651633e-02 1.801073318286484648e-01 1.186068091053225637e-01 -8.921190168810269605e-02 2.327263535721851850e-02 7.528012142741330459e-02 1.182628622728529311e-01 -2.153424642006096512e-02 -4.048923794811759569e-02 1.070562971285113907e-01 -2.731340177435517824e-02 -1.008169324411979650e-01 -1.862118738774093396e-02 1.748418585161824468e-01 -1.429730047125594705e-01 -1.502585818911517102e-02
5.492140974551257271e-02 -6.684804692759893641e-03 -1.185440382518520297e-01 -1.992627357537336552e-01 7.959668472137559903e-02 4.749420720938099527e-02 -1.968893402256543246e-01 -8.057595159275168784e-02 1.074537038171365921e-01 5.156815141784837353e-02 1.808324637758890185e-02 -1.375115560763804368e-01 8.251761719987538157e-02 -1.142603131367853075e-02 7.127149849438546569e-02 1.040359346893968695e-01 -1.070549114235019444e-01 1.047980052390846684e-01 -8.796464612464430233e-02 1.936060548472982035e-01
-1.516673556861925509e-01 1.534872074976225687e-01 -1.837811499826514927e-01 -9.736967266074239569e-02 1.044076350498737704e-02 3.264647337783785352e-02 -4.150600598876313940e-02 -1.591873087091715822e-01 -9.895676567011468805e-02 -8.664139845580454136e-02 1.020891418234926018e-01 1.635097300888028182e-01 3.816396619456777217e-02 -1.858196137235890166e-01 1.168945886566841175e-01 -7.775842686403203197e-02 -6.404383743350261504e-02 1.207417505816588132e-02 -1.003811809697779805e-01 1.679912351429478923e-01
-1.345780966636748455e-01 -3.406783979850688815e-02 -8.412322019711769572e-02 7.933640880645853599e-03 2.959272123295061951e-02 5.085587564193705390e-02 1.255032153518911842e-02 -3.567819906576019662e-02 5.383760495058637074e-02 -3.863484936527297742e-02 1.114201036216190821e-01 1.152709701019960509e-01 -8.309833275567113375e-02 -5.127827057769018815e-02 5.152436237875446245e-02 -1.371720131537371712e-01 7.881277239476991436e-02 -4.742889880771478106e-02 3.642498990280279569e-02 -1.441867603075112914e-01
6.730335443902391024e-02 -5.837685575452011832e-02 -1.093376951710739453e-02 -3.395703966018573383e-02 -9.313900801962177178e-03 7.787825316657770447e-02 -7.270392926716881532e-02 6.082179235941931328e-02 -1.759111570001192504e-01 -7.992593901511604870e-02 9.808387606001833792e-02 -1.790376487751745571e-01 4.845687811289409175e-02 -1.897812802928645903e-01 -1.138845267603980083e-02 1.554180174853906360e-01 -1.959559624009584722e-01 1.073120826156914731e-02 -1.734172681364548052e-01 1.468439104597953349e-01
7.451860889586586767e-02 9.678154267257166321e-02 6.760303197835521027e-02 -1.974306185207417297e-01 -1.835288550968405819e-01 4.835072160881864756e-02 1.998740502307645439e-01 1.492588956367171815e-01 7.987432269014838049e-02 9.083998173691593125e-02 -1.093251909593350446e-01 1.006455736543248047e-01 -8.483035805462497969e-02 -1.578158931910428331e-01 -1.564204181329684196e-02 -6.792169098815278860e-02 -1.326978405395284055e-01 -3.131604299543813696e-02 1.588803907855502184e-01 -2.589189068073247113e-02
-2.108324190011007238e-02 8.353110297769517079e-02 9.664748060916938943e-03 -1.483107858632025933e-01 1.641569590175879778e-01 -2.235026553521396453e-02 1.157350956901436745e-01 -4.444994799110232875e-02 1.227384075282768050e-01 -4.418543359701893047e-02 -1.119361913335816805e-01 -1.215221332333325521e-01 1.760138577350041644e-01 3.461210343240800347e-02 -1.800826939766940749e-01 -4.466096152878035186e-02 -1.063882957900292026e-01 -1.661371741562802651e-01 -1.252976525914366035e-01 -1.772038080001986371e-01
5.522945129124107178e-02 -1.306504540650124668e-01 4.431195049741018521e-02 4.500269915649188213e-02 8.196948429597472607e-02 4.847460244572499022e-03 -8.623040386608070429e-02 1.509829815714111567e-01 -5.877156731059454686e-02 -1.668227000850436292e-02 5.275177269221853482e-02 6.449719266979819787e-03 1.825873394266134819e-01 1.818870709752488657e-01 1.719039402437705366e-01 1.736305398661032728e-01 3.238405422747839268e-02 -3.919174507998807178e-03 8.164672695294755700e-02 -1.138321628058128199e-01
-9.365118431378870179e-02 -1.824770985467633333e-01 -1.348569829767876094e-01 -1.984501800244757863e-01 6.185103060939922681e-02 -1.438372043857272242e-01 1.146717382304208721e-01 7.220159835269002180e-02 1.882703173417982767e-01 -4.139420521924347396e-02 1.685567653804211363e-01 -1.851833107218672780e-02 -6.419850406551716460e-02 -1.590644520331785106e-01 1.531328740287438706e-01 1.179160634250347450e-01 -7.082840938597576019e-02 -1.770224602974840300e-02 -6.994261367470069879e-02 -1.884683533847621162e-01
-1.822589898403532416e-01 -5.251834964717644327e-02 -1.161634687484865425e-01 9.805841284236921362e-03 -1.248859857401524442e-01 -1.193513654134361196e-01 6.906715252705214469e-02 9.424106270468635138e-02 -7.510716165035802305e-02 1.439977597733490544e-01 -9.814433013771575731e-02 -6.242384948737714212e-02 8.499215614784361161e-02 -1.821988394683161649e-01 1.736733840464764200e-01 -1.710649072849498575e-01 -1.562757642477591302e-02 8.984193038403570641e-02 -1.810125860060807779e-01 1.236010742548709351e-01
1.915573373245655353e-01 -1.579533088174880917e-02 -1.527505454849727995e-01 -1.674092017378080444e-01 -1.605078255347459071e-01 1.061765496545901133e-01 -3.439486061259255933e-02 1.676936632796124371e-01 -2.374408956540619009e-02 -1.691426759421567894e-01 -2.922576499279974649e-02 1.019311573702225693e-01 1.317353707387179940e-01 -1.842593253883232640e-01 -1.278442434974664810e-01 -3.994619190542392229e-03 -1.487658088193565542e-01 1.484370567768693028e-01 1.737843553784595430e-01 -7.216120065847295151e-02
-2.606252697919200778e-02 2.282162576802262977e-02 -8.579768356656436445e-02 1.643027898382456997e-02 -1.195259818104864868e-01 -8.134349948923486062e-02 -2.328654672492902478e-02 4.186796087645722197e-02 1.446601043449727286e-02 -9.560480930642421826e-02 -1.072848498327779176e-01 -1.525079053197155865e-01 1.133974543568690430e-01 -1.604396934134478259e-01 9.315400247174421278e-02 -1.004905217347601271e-01 -8.617720639768698676e-02 9.443337320431977044e-02 6.384831668865453835e-02 9.676862220622328703e-02
