1.042061964680586900e-01 1.161199314413946970e+00
-1.499257017789130231e+00 4.744469484350085087e-01
-1.528958701805152920e+00 7.946651857390045759e-01
-5.545583196740746512e-01 4.638574598305278407e-01
8.297631730066395983e-01 4.092858456493413954e-01
-1.090337066214522643e+00 1.232262416368087088e+00
-1.086060228807844474e+00 8.366158088072518650e-02
6.872467548537735116e-01 -7.906768347699857369e-01
4.854331911017276679e-01 -6.814185367649776559e-01
-1.292370002495528469e+00 9.775224491626761658e-01
1.687597679476183776e-01 -5.146108530572504058e-01
2.601619419169589609e-01 -1.644058294338259785e+00
-1.474366958367583580e+00 -3.037375302009025502e-01
1.837778266343498723e+00 -3.696551520535260038e-02
-1.623797328030399445e+00 8.846509463306395649e-01
1.167494482484914942e+00 9.526748047087247873e-01
3.100377321810266484e-01 4.613034337843849864e-01
-1.099788833849739911e+00 7.556385782063966827e-01
1.303750907371780121e+00 9.227284618401336846e-01
-5.441797430905928046e-01 3.026464988724789085e-01
