-1.703758915785277939e+00 1.191812218558419900e+00
1.672373498025320204e+00 4.897073053957105571e-01
3.554289389274529753e-01 1.071635189943130229e+00
-1.624094917938647686e+00 9.172689770578541513e-01
7.442016476247816925e-01 -1.455501448041079282e+00
2.607145550188861294e-01 1.149203363670740607e+00
-1.032619581394669028e+00 -1.753492520620274941e+00
-1.586559663691640809e+00 -7.014406660270380289e-01
-4.629628726263272376e-01 1.406810966910737370e+00
-9.035117788370761183e-02 1.124949533554711945e+00
-1.056209839787232152e+00 8.670013727784109392e-01
1.904980028125155211e+00 -2.750018114267712699e-01
1.449115816133875079e+00 -1.707029172923216542e+00
-1.689345106384351425e+00 -1.913758465369730377e+00
1.440325590637439035e+00 1.398184451566846676e+00
9.819044275930715049e-01 1.461307221433349568e+00
-7.903915002157058112e-01 1.164274866509056761e+00
1.533075398846861059e+00 3.994568737431045680e-01
1.194759920892399130e+00 1.270404938074058965e+00
6.206771730465032721e-01 1.267722485267640753e+00
1.581359625949722680e+00 -1.070838498249373494e+00
-1.172784462554101959e+00 3.959703121040192286e-01
1.526288564741349330e+00 1.337781149035814909e+00
1.268211854717341769e+00 -1.308564786382458767e+00
-9.433067075549643743e-01 1.813370333424622061e+00
8.987219688720204935e-01 8.727735370114966251e-01
1.375491970992611224e+00 6.461290929256373605e-01
-8.270284188735447239e-01 1.600967866682727170e+00
-6.766479192561654088e-01 1.714855438607315818e+00
5.907479712094392266e-01 -1.150713831741877247e+00
1.422879497260099768e+00 1.249298298800484375e+00
1.531355330354653876e+00 6.576248988883168778e-01
-1.419649203222902445e+00 -1.635976059248431369e+00
-1.471643089296143625e+00 1.722372903010170042e-01
-6.553471707444129268e-02 4.100304737798418087e-01
-2.198652857312556330e-01 7.921663659786990497e-01
1.576595140684687035e-01 6.712486377684880878e-01
1.422401236013736803e+00 -1.727387220780258303e+00
1.397820897339543844e+00 -1.044184203361659957e+00
1.878683015924596411e+00 -2.405505134953059843e-01
-3.328035455906950824e-01 1.938339973772220226e+00
2.269624869665813893e-01 -1.753699758636027450e+00
1.570597230120007959e+00 -8.297485626609757414e-01
-3.942354020176598861e-01 -1.413777994750182287e+00
1.978842103352212778e+00 4.972490192003526377e-01
1.616576622867857527e+00 4.091507736157629083e-01
1.453903254474468110e+00 1.563874643874180403e+00
1.830162346251489325e+00 1.031131823121752777e+00
1.811772901815855263e+00 7.369104223002709286e-01
9.604350317494234623e-01 1.632859380240485603e+00
1.769655420038125815e+00 1.845817895854697799e+00
-1.984565801720673761e+00 2.692160759495451083e-01
1.842372672482470719e+00 6.664056985378685738e-01
