-3.582087867911026291e-01 -1.183762938655060326e+00
-1.114487346109592103e+00 2.177558743983239453e-01
-1.848145612029707119e-01 -9.463906839986187258e-02
8.074914617407751294e-01 1.274997019922070152e+00
1.196454627136727816e-01 -4.527061805268383088e-01
-2.773394879639472579e-02 1.437380416841308239e+00
1.165203976366533611e+00 9.887250556873324880e-01
-1.390590815299005190e+00 1.708633122670854876e+00
3.912395694773622146e-01 -1.840939120276557706e+00
1.040919812488315888e+00 2.217129389589274524e+00
