-3.712318858805916388e-01 -1.567327884054086518e+00
-9.226971518664675020e-01 -1.394509875935226795e+00
1.418475368120793334e+00 1.139471477516373898e+00
-1.330298905491008321e-01 -7.522445760937336301e-01
-7.210714486886007912e-02 -1.106627787804241730e-01
-9.325476432899160173e-01 -1.179683603834169592e+00
2.915031095219778323e-01 1.222733370330533642e+00
-3.845396716678854410e-01 2.265628822123054720e-01
1.021826991996841461e+00 -1.467413789408190894e+00
3.773160810160236522e-02 -1.081657352951313628e-01
8.169268359613661712e-01 5.021827871344546335e-01
-2.187934441093072557e+00 -1.610546823971031660e+00
3.128415520397449967e+00 1.275161755639444117e+00
1.741426108583994825e+00 1.496167433547842318e+00
-1.070702545608771317e+00 -2.118799753901204619e-01
-1.588154388157504648e+00 -2.232320616887665032e+00
1.434288941572839704e+00 -1.308867951527453943e+00
1.077203303530608558e+00 8.548602536480038872e-01
6.995331864701104241e-01 1.652910089305824393e+00
