-3.042475625203885370e-01 2.844235416854946075e-01 4.388626728141242772e+00 -3.248038538497491912e-01 -3.102779455507806428e-01 -3.487387067645342786e-01 8.345792052448021137e-01 -2.505212635514700859e-01 -2.334230772900656725e-01 4.916219270237748296e-01 1.562778328509587311e+00 -5.662111294931088112e-01 3.157515866023580253e-01
-1.038635484725016489e-01 3.101463720179278294e-01 4.430862198041241040e-01 -1.254011174922126104e-01 -2.417422281805113038e-01 -1.944190098982130632e-01 1.008883767024962158e-01 -2.053204638831125639e-01 -2.674953110558923597e-01 3.055357319054174403e-01 3.033996054970383160e-01 9.356527117253173043e-02 1.834447821330087713e-01
-2.087619030892116923e-02 -3.471222022901123555e-02 1.184611842750760841e-02 9.509378606954059510e-02 1.341039764159482339e-01 9.836897163748749284e-02 -5.033964892107239963e-02 1.911250463615887796e-01 1.443956355635758575e-02 -7.057826202722190800e-02 8.258537136062056583e-02 1.822366044008222052e-01 -5.676101600938560435e-03
6.564593582678208972e-02 -5.571480331425918836e-02 -6.831015437007342816e-02 7.702434393052906558e-02 -2.027076282789766759e-01 1.162384956819963594e-01 2.440977571150321906e-02 -1.682899405760651945e-01 -1.738553986847232724e-01 7.694471798285133779e-02 1.628733313121294990e-01 -9.196715441581515549e-02 2.004978761295879708e-01
-1.611190525847566724e-01 1.501838336392043172e-01 -1.264966222413603340e-02 -1.716192184454477521e-01 -9.180147046009742851e-02 -2.578326697095269932e-02 1.207348162026182226e-01 1.382563206400908851e-01 -1.585417303132799771e-01 1.568745496214420457e-02 7.529372204168560678e-02 -6.408077791384236832e-02 1.536733754558244069e-01
-8.997156543586913580e-02 -1.854550387703340075e-01 -1.359239655565041005e-01 6.669235365954895300e-02 2.102554051110394617e-02 1.724705874512013903e-01 1.810892833909974464e-01 1.592628606884099185e-01 -1.931630926048320263e-01 1.121522194363082509e-01 8.201938216292212203e-02 6.065549300509651826e-02 8.963730783176443451e-02
1.528591523398517005e-01 7.640516647471971845e-02 4.738501312251523767e-02 -1.506374883467056450e-03 -1.233259874957656071e-01 1.959495800379248281e-02 -1.740518508147811116e-01 -1.482022296648161097e-01 -9.045949758496403537e-02 1.512521165141356427e-01 1.219545010665662454e-01 -7.013946044520180667e-02 5.725534936052599500e-02
-1.866095700196295226e-01 -1.264087667491741451e-01 2.594928903516121044e-01 -9.200189109388039188e-02 -4.469172503892349102e-02 1.193260129692257782e-02 -7.073995047873940512e-02 -1.194451781893498925e-02 -1.156435288536643985e-01 -1.683561100045157521e-01 -1.191769654803041673e-01 5.859613702968857231e-03 -1.675338854949190159e-01
-4.050392979730515347e-02 -6.482514311775673665e-02 -1.900202238264621021e-02 -1.632125590654019687e-01 1.618828714207385111e-01 -1.442536012258966230e-02 1.427222217962931250e-01 1.889299488851204911e-01 -6.838689265761507818e-02 -9.244410910520941627e-04 9.260805469535973722e-02 -3.261691646235363728e-02 -7.314129035548920521e-02
9.246873282391140925e-02 1.601690946219065381e-01 1.981569066206482765e-01 4.923977138229268524e-02 -5.044092377547162304e-02 1.880993631456456816e-01 6.180265167685194960e-02 -1.741587242748230679e-01 -1.687072077672721881e-01 1.032403964513594063e-01 -1.733372279386432568e-01 -1.986374249911640466e-01 -3.907887162799338759e-02
7.193971195026175290e-03 -1.752119356126969132e-02 7.390623516471331658e-03 3.275121237111236483e-02 7.110352546850876032e-02 -3.309718291830739817e-02 -4.690719714508577443e-02 1.938738725644568173e-01 -9.963251858993774079e-02 1.138724463276308829e-01 -2.699209905880493171e-02 -5.961898964690100222e-02 -1.704821702907161896e-01
1.358614790890891044e-01 1.038789823133758616e-01 2.758026583479269433e-01 -3.871165272482617742e-02 6.342744867434839395e-02 -1.697582984187105126e-01 -1.437393976567094382e-02 -1.253504006161433870e-01 -2.097629927096553160e-01 2.185962836638558615e-01 -8.597647162004563859e-02 -1.478426680700251628e-01 -1.108488291872494896e-01
