3.526833461021226523e-01 -5.773240381643129915e-01 4.373174359530077049e-01 2.601224550146412073e-01 -6.937537685422247025e-01 -3.063599883944778113e-01 2.353264856278569073e-01 9.475411835804727900e-01 1.850772060821432419e+00 -4.540387544083571703e-01 5.025930486384434515e-01 2.307402951035950056e-01 1.002304187391877877e+00 7.662470784945575319e-01 5.819510946670790608e-01 -2.595454195067390391e-01 5.340169119845170620e-01 -1.589528914132859239e+00 -3.119281253942335352e-01 9.000883246666028237e-01 4.436688613847285523e-01
1.609399306744699609e-01 -1.766286041816816366e-01 2.757935718234391653e-01 3.157260774346906662e-01 -4.057489434938657547e-01 -3.220386044004697190e-01 3.060959774072840034e-01 3.084443092774032946e-01 8.679752327567441528e-01 2.893548244445570683e-02 1.993366287669685877e-02 3.846812753794011663e-01 9.221269014062588587e-01 4.229825140085329838e-01 1.119565117007578769e-01 -4.105123391813401690e-01 1.244251163850507019e-01 -5.915025225144335819e-01 -2.249175283416818272e-01 2.960317530669329122e-01 3.718412362212324962e-01
1.662847012089617160e-01 -3.468173893712274136e-01 1.649050193856915203e-01 -1.494428614347592145e-02 -1.649389412213020933e-01 1.495751335716032256e-02 2.332744616806118887e-01 8.565055424012360530e-02 6.657258962508816671e-03 -4.643190773363498058e-02 -1.481995969841076732e-01 1.454033505795498948e-01 4.905327648348481451e-01 -5.480059637966122610e-02 -3.892491858496806983e-02 -1.690547231258076877e-01 2.151908638950569275e-01 -2.372130531429005873e-01 1.307582625789738273e-01 3.307924247113109423e-02 1.255799493470833618e-02
-6.775636350333737179e-02 1.325994215156886813e-01 1.874798880746332552e-01 7.729840187404167506e-02 -1.636424857748233486e-01 1.906490997192445136e-01 -1.425525119582945477e-01 8.831065306138963233e-02 -1.892114030000159250e-02 1.455354775038104898e-01 2.067984271216347092e-01 1.462137827770363940e-01 8.142271743033191803e-03 -5.779877017346567863e-02 1.280442758933640068e-01 -1.083427796236763885e-01 -1.043932000629169653e-02 -2.106918946217744004e-01 -1.623148697387479800e-01 -1.426098027766300735e-01 -1.431244591008382638e-01
-1.669359579602364974e-01 -5.707570121868822677e-02 2.717500850567866263e-02 1.008029627608530848e-01 -1.653888945828020096e-01 -4.571263405083578896e-02 5.700418305478091585e-02 -1.327729637663064566e-01 4.355302517644594335e-02 -6.427150248743686289e-02 1.968302789254825769e-01 -1.622020480504627882e-01 1.227918251059239782e-02 -7.589383786211168978e-03 1.069155463002810086e-01 -8.652148077183334507e-02 -1.109279392669847569e-01 -1.103115920000218714e-01 -1.634466412599209703e-02 1.985271089655067933e-01 1.354867488512887519e-01
-8.452230180690574468e-02 1.721395999833218171e-02 7.880813037844633384e-02 1.263016905768023224e-01 -3.171376434393576027e-02 -3.963750216339839011e-02 1.133806736120461650e-01 -1.847398193437937639e-02 -6.733011628324084286e-02 -2.373196730969880444e-02 1.829138315559755146e-01 -1.391397606094432748e-01 -1.844390613199724293e-03 6.773192206228306755e-02 -1.494835999038355429e-03 -1.228798314201372394e-01 -1.958375676243121200e-01 6.921238345601002373e-02 4.198279589004415974e-02 -1.883001552742097351e-01 -7.313374948488601812e-02
1.114597821187510718e-01 3.892888429829164526e-02 1.933324483029821156e-02 -1.264936968506231163e-01 8.360512829321405104e-02 -1.562220748391732889e-02 7.830818094773824012e-02 1.206684223590241550e-01 -1.025805802383544796e-01 1.066547249155717497e-01 -8.783635482291894669e-02 2.008628702044936709e-01 -1.274014169790389506e-01 1.539883596928280918e-01 -1.761762783574496449e-01 -1.046735282047534105e-01 1.349718510226930422e-02 2.397000583969982265e-02 -4.673458668077803274e-02 -1.501917123714621993e-01 -1.006817934308575913e-01
-8.452125428808195118e-02 9.322407069184067419e-02 1.639398111073765152e-01 4.533628501506193481e-02 -1.848312248827439774e-01 1.097552485714264753e-01 -7.487954219648808307e-02 -5.181911427362696082e-02 1.405272553161823236e-02 -1.008405870689922934e-01 1.687764295809709991e-01 -1.292217643111116809e-01 -1.605053787472062246e-02 -8.424715187281833773e-02 1.425430965061730976e-02 2.394633015035053936e-02 5.399906199703677356e-02 3.794873329709601241e-04 -3.837193407326227462e-02 6.217008229228648819e-02 -3.914892085569154218e-02
1.127631268347406568e-01 1.121129020549375688e-01 -8.210944933950627134e-02 -4.761435638686296878e-02 5.025292903779799564e-02 -1.430336881106865077e-01 8.026582953564961875e-02 -4.288225064827188432e-02 4.191707668495509020e-02 -1.465903207303931310e-01 6.912158572435868342e-02 -5.638487488238780321e-02 -4.174496604381236660e-03 -3.210599711075286938e-02 -6.728862530855190052e-03 7.568691472027926082e-02 -6.969438593293190987e-02 5.124808589207306697e-02 -1.771244194204580069e-01 -7.246718616567963955e-02 9.978198181135969347e-02
-1.769218591333301671e-01 4.290392563736620396e-02 -1.884481789158861942e-01 -5.743307307050224235e-03 1.532519139151468646e-01 -2.012975827758361758e-01 1.332686374960711552e-02 -1.654281134598266645e-01 1.563375411804239501e-01 7.114640045987452588e-02 9.958689999309486285e-02 7.109872443347572957e-02 -1.855525338677001257e-01 -1.802461876452826073e-01 5.289731431401973466e-02 1.960205896311626450e-01 1.522595609670527594e-01 6.156078380381422438e-02 8.835398344297737405e-02 -1.016726660017901740e-01 1.029901340379504038e-01
-8.207915553437282463e-02 -1.635386643611764224e-01 -1.482333994256528238e-02 -6.045051146920146085e-02 -1.360966179208575044e-01 -3.863013791117376333e-02 1.628114492203491248e-01 -1.766529442142196482e-02 -7.269748714502236378e-03 8.060539744021912034e-02 1.333228003854892117e-02 -1.447197760749893702e-01 1.763846472901883511e-01 -1.751691856159865585e-02 1.204034787865918277e-01 -4.841523508315079272e-02 1.263307530948740709e-01 -6.139758385655441630e-02 -1.151174222755456389e-01 -1.118321262829045787e-01 1.790739321658989247e-01
4.584923565707663129e-02 -1.987058977144028349e-01 -3.992005712781691862e-02 -7.689210492159934129e-02 -1.805520383594486078e-01 -1.504276169301035915e-01 -1.591899906257841224e-01 8.234586610212370206e-02 -7.386155612102421331e-02 3.432631085553369821e-02 5.793205379206638889e-02 9.377432345618261222e-02 4.525415856176315949e-02 -6.540499802008425956e-02 1.667824227813669569e-01 -7.201166849143916804e-02 -4.609374435003471028e-03 9.163615407610400249e-03 -6.988174603878469573e-03 2.164571763162836671e-01 1.945998414331267246e-01
1.789064396371863319e-01 1.611456906863502070e-01 3.449446649280650534e-02 1.456082003867568107e-02 7.683882835513648757e-02 -1.257260645964684009e-01 -8.311032883719447761e-02 -1.646356035835778442e-01 -1.108084249501599394e-01 -2.051257589567187789e-01 6.707612899979666088e-02 -1.360655837581019600e-01 1.411604279738700729e-01 8.050655960235282571e-02 1.982742855996047771e-01 -4.995199458588341773e-02 1.760917333303255172e-01 -3.876199298658205422e-02 -7.240646079345222641e-02 -1.388777063020430746e-01 1.584402176988200517e-01
1.202477722007877781e-01 -7.612954382336080406e-02 -1.692789239014048930e-02 -6.418301865185525867e-02 -1.920442590719155518e-01 -1.855209386525615289e-01 -4.873492912316149117e-02 -1.088537114908896819e-01 2.330606446864579712e-02 -1.267724164358567107e-01 -1.163976227679611591e-01 7.225171676852715219e-02 1.050141889069688000e-01 -7.016485053526197446e-02 1.477769148434362745e-01 -1.015258624812470645e-01 -6.065174021045453834e-02 7.528558665385082227e-02 -1.852325938766881119e-01 1.789828574901561331e-01 -1.683848812065697753e-01
-1.315936841085290319e-02 8.685665129833737563e-02 -1.810660841260813836e-01 1.313926455315561348e-01 1.907368273549606974e-01 -2.187256164195756566e-02 -1.477120544630332877e-01 -1.631661116973704972e-01 -1.539058809605214906e-01 1.059339309909679838e-01 -3.352600876832829285e-02 1.695255944783850000e-01 -1.745391211360255296e-02 -1.670699098306977770e-01 -2.688362928574509689e-02 9.990560487605468221e-02 1.334954016638193741e-01 -1.898665038163989682e-01 -1.310020568979735622e-01 2.233109931060073706e-03 -1.479769172800004806e-01
1.496182799827082965e-01 1.702460831543321229e-01 -6.992168344517959988e-02 -2.353697298426436768e-02 1.899542104384318447e-02 -8.902071338581049598e-02 1.753682660051435541e-02 -1.143190995252016118e-01 -6.911619484130469837e-02 -2.740343138121818442e-02 4.523072211944936111e-02 1.674620273641854243e-02 -8.782824653681053917e-02 -1.025610391026321039e-01 -1.494036138776452249e-01 1.108315209877158425e-01 -1.591465945503373058e-01 8.684319855778466213e-02 -1.021094986140009403e-01 -8.269828982301676013e-02 9.807844618904840162e-02
6.514283831696154881e-02 9.401914951754558603e-02 7.306479123676404459e-03 1.458074781395620467e-01 -1.551862075215438841e-01 5.636064120010422784e-02 -1.509846720110386287e-01 9.876571150235885499e-02 -4.432092198947010925e-02 6.811317814135474380e-02 8.425158614910457922e-02 6.592447676096720166e-02 -1.056799489965922351e-01 1.375174364676360617e-01 -1.018766268753424215e-01 5.449891097654282340e-03 7.140900987419657175e-02 -1.110886496940172025e-01 4.993383424310642027e-02 -8.140095788359835716e-02 -1.284558360231171092e-01
1.248980503713667256e-01 1.800123229416844550e-02 -6.726480222831376921e-02 3.698627561057043350e-02 -1.904912667343605648e-01 -1.503880489449585800e-01 -4.090416809691448108e-02 1.948558130232760643e-01 7.651655374661852152e-03 -1.736115062001929721e-01 1.072181995543489141e-01 1.145691277383034529e-01 1.166548337685608672e-01 2.883909648471159187e-02 8.072757682795675405e-02 -1.167575793134945777e-01 9.394834515062598645e-02 1.222830165282374065e-01 1.026098304308614845e-01 -5.599688728988178738e-02 3.798189387679978130e-02
5.423265795817007462e-02 1.576013070906226443e-01 -1.563336521472626639e-01 1.399152513084537530e-01 1.136472486122055460e-02 -5.564699504685988868e-02 -1.371712427623079759e-02 -1.909525506412926843e-01 -1.102290517277496051e-01 6.044923696529274498e-02 6.437517511972862261e-02 -3.946147398354021428e-04 1.872914653999332157e-01 -7.438054206930434960e-03 -7.205222185383003408e-02 1.371418810867137128e-01 -9.431464448700567493e-02 3.806982229887057728e-02 7.838450334882318682e-02 1.336418746212035824e-01 1.137316136467085431e-01
-3.196489755239523972e-02 -1.957725659071291036e-01 -1.814418169611111131e-01 1.274248637147219199e-01 1.755968686027732373e-01 -8.351009338478994348e-02 -7.040630894512501159e-04 1.184241259889799169e-01 1.093876513165881331e-01 -1.051662108975298798e-01 7.832094702988445789e-02 -6.583631972601995674e-02 -1.563704234822622247e-02 3.176824537695154688e-02 1.090616380935740398e-01 -1.531526085454534558e-01 -1.758919890440577283e-01 4.734830558358016708e-03 -2.063993333085162862e-01 -1.411434786192836688e-01 -1.007645917361638527e-01
