7.726835980041734005e-03 -1.561698244841257244e-01 -7.099352916678086656e-01 9.561442358413879683e-02 1.532381003155011412e-01 2.251737146184842053e-01 3.975592995927441087e-01 1.553492693063237284e-01 -3.707694350168255770e+00 2.683401788250827646e-01 8.701073855225422982e-01 2.720259628135080279e-02 -2.050125248121319466e-01 -1.124913694757196242e-01 -6.872013283676611795e-02 -1.010305753183479371e+00 1.903702424222739331e-01 -3.184838846550978875e-02
-3.394937614801852854e-01 -1.686367005554337273e-01 -6.571102339958408978e-01 1.642918273991316458e-01 1.424305075595380110e-01 2.224782618809953705e-01 3.921095086932995244e-01 3.553947257850887387e-01 -3.874469314098466732e+00 2.897064769729401079e-01 6.460526998969668977e-01 2.019014477963828880e-01 -3.568159902933701333e-01 -1.837460834927460429e-01 -1.972943510989196847e-01 -1.665642615739156840e+00 2.155474954076813318e-02 -2.697884365682413077e-01
-2.241870523350758260e-01 3.788712691595051696e-02 -1.161929673576527766e-01 4.599740018409682885e-02 1.652431954662963998e-01 1.035141194452296326e-01 2.438912582291711262e-01 2.276571979077062491e-01 -2.290316223996273326e+00 4.657874207314828818e-01 4.209486925749812425e-01 4.540498484426566117e-01 2.747506494097704845e-03 -1.175566253701075675e-01 1.271092354780450732e-02 -1.571257259613611845e+00 2.106406087479123224e-01 -7.911966382552572397e-02
6.886543762455811513e-02 -6.492303018119663371e-02 -1.368645570967089720e-01 1.782317206031512891e-01 1.234593354476536259e-01 1.205915080951389107e-01 -4.463349495565375330e-02 -4.857924069555529661e-02 -1.226762785085822927e+00 1.725385926138320869e-01 -6.470899914187441815e-02 3.788804075601625576e-01 9.587506888067806599e-02 -7.887646118579404175e-02 -3.676662365257657439e-02 -1.164253969813870970e+00 -1.035442320866093724e-01 1.628750186170548064e-02
-1.752962874636158352e-01 -9.990890739550212230e-02 3.789634740957804893e-02 -1.503916286999292529e-01 -1.825546383962660113e-01 -1.174335394867498166e-03 1.193532948268418714e-01 1.715847047716875795e-01 -3.565643212251938809e-01 2.788055179995314603e-01 -8.606277884259759536e-02 3.062306091534082730e-01 -6.519276637232471194e-02 4.470966968127161600e-02 -4.463007076061203948e-02 -1.197647615046054215e+00 4.161318774451380764e-02 -1.612340326286297032e-01
-1.981119857037255128e-01 3.750579533449859004e-02 1.278534223071411784e-02 -1.423031771284777036e-01 2.127943646625298987e-02 -4.818866675669293553e-02 3.593345737470857171e-02 1.194561656292635055e-01 -1.575434583324588911e-01 2.953166723618548817e-01 6.266359296732681994e-02 5.990625022630854252e-02 4.266720947063688124e-02 -6.485300402338468884e-02 -1.495262714551914285e-01 -6.550853900160920062e-01 7.828154399424605558e-02 1.066676308989701477e-01
-1.623320787744078064e-01 1.595478216897664447e-01 7.186256367455728933e-02 1.742142166359309796e-01 1.497102277959989070e-01 8.857830824100905442e-02 1.777825018957349679e-01 2.867253880011155429e-02 -2.176582964384624896e-01 -3.768575525946772642e-02 1.473866356043900538e-01 3.623062198568857695e-02 8.057901060662700510e-02 -1.781157308545305504e-02 1.158733866337495755e-01 -6.117118492695047260e-01 -1.694322613118903198e-01 1.622996263011733942e-01
-1.655411657190774058e-02 1.585381564620292616e-01 1.381838584902505274e-01 6.898220710821342805e-02 2.890229687897254846e-02 -1.002126056515003499e-01 -1.368170093090251838e-01 1.527649844084166819e-01 -2.201113143761167512e-01 1.509831819188469371e-01 1.283966948853488832e-01 -3.442847652515051071e-04 -1.026152796845739290e-01 -1.546220575156260213e-01 -2.999977097929813416e-02 -1.682003987007930634e-01 1.720929329157510346e-01 1.650172469420045640e-01
-3.930734019785026706e-02 -1.632265600378473847e-01 9.012101380293600916e-02 9.913223411897932602e-02 -1.871203638139404268e-01 -1.482842017353013832e-02 9.740040911765944498e-02 -1.652585179141927707e-01 -1.542793208958583850e-01 2.291639070080517815e-01 1.144580942877260477e-01 -1.411872730346696303e-01 -1.927435088736845770e-01 -5.629848342531346139e-02 -1.884477378464017583e-01 -2.072983375493072100e-01 -1.871354017285820903e-01 1.855526720656647810e-01
1.225888086808526733e-01 -1.755128088861585278e-01 1.394216343978838257e-01 -1.101717565258006487e-01 -1.173619062718760653e-01 7.554559443958781817e-02 2.060984852592362970e-01 -1.327589699715781835e-01 -4.563145598147681503e-01 3.816035465017303483e-03 -1.807124587247461167e-01 7.183358189647100212e-02 1.267891328675031515e-01 -1.252030094165903773e-01 -1.550461022943149803e-01 -2.382465625790816943e-01 1.952207775029653203e-01 -1.520741487121924640e-01
1.827998166175342498e-01 -5.839073878730186712e-02 -2.462064818486033729e-02 -7.762950919033938246e-02 1.753953489969700130e-01 1.879910215559720266e-01 8.206394990748344664e-02 -1.129266617042840454e-01 1.161167812477242878e-03 -1.092107171046214353e-01 3.090443176276467044e-02 -1.090166738423292286e-01 1.462487383097453575e-01 1.782716230249417888e-01 1.218220059585564813e-01 -2.410972670286261887e-01 -9.376378480401910409e-02 9.853297919597822641e-02
-8.559692762172764480e-02 -3.515343899062963601e-02 -1.882300593834110858e-01 -1.418499419391797689e-01 -1.912111245791792424e-01 -1.666117582335956693e-01 -1.525835748610431530e-01 -2.322645528174826016e-02 -1.008017297585277472e-01 1.323554159303256816e-01 -1.401457703070479732e-01 -3.459379158953685123e-03 4.700467593980617309e-02 -1.661774366354487886e-01 -2.192397618069904727e-02 -2.099008365979381785e-01 1.889677336108833705e-01 -1.781364880087994429e-01
-4.010188632354886457e-02 -3.590583652401813097e-02 7.918925800394213677e-02 -6.649873957814865510e-02 -1.178054428224032529e-01 -7.866704918197928165e-02 6.461001384056835883e-03 1.853164583249162778e-01 4.012569814670689794e-02 -5.708284621043392681e-02 3.750751223383598509e-02 9.864324558724824055e-02 1.131695522243604396e-01 -2.153397570850976508e-02 -4.033251616991936211e-02 -4.965077065619512980e-02 -1.740459197874960270e-02 -1.032493648985650242e-01
-2.113237842962694193e-02 1.727651592969757233e-01 -1.512334663038550076e-01 -1.109101572665324373e-02 5.537022012062602777e-02 -3.971625517887271591e-03 -1.022618615490974714e-01 -1.948932768936157134e-01 1.623240388045350813e-02 7.667087266681595070e-02 -1.842020003566273434e-01 -6.106605580676721656e-02 1.033936854053188747e-01 5.156834391761749153e-02 1.818591741970221679e-02 -2.857018789491152511e-01 9.024299026448225070e-02 -1.292399682507847439e-02
6.790667168372203910e-02 1.028465968050039508e-01 -1.188464668011448011e-01 1.068339612069210826e-01 -8.774507664922176486e-02 1.975510079862258517e-01 -1.412242435793935602e-01 1.546251541855128697e-01 -2.089515538755015167e-01 -8.097452953044015356e-02 2.470950368613476084e-02 4.467959212429709059e-02 -4.323681881998825416e-02 -1.591872016207468987e-01 -9.888146328980622346e-02 -1.981367638655931462e-01 1.061775527669437669e-01 1.609368816608018615e-01
3.423576860961528162e-02 -1.865442120147612071e-01 1.030794792907693547e-01 -7.653846551680967836e-02 -6.391781178625918769e-02 1.670071471588775378e-02 -9.101727073201054674e-02 1.709669791757302548e-01 -1.863371375579322142e-01 -2.072487173845884850e-02 -6.339122102360272848e-02 1.490900449274400012e-02 2.611483476273862570e-02 5.085591310142360127e-02 1.253070276105375594e-02 -1.120186100665180318e-01 5.620307603564294457e-02 -4.167350948953567336e-02
1.063354748859966364e-01 1.140854532972685048e-01 -1.016866568901572121e-01 -4.914346383880768138e-02 5.175532312811043090e-02 -1.308811343197401611e-01 8.871318881428319481e-02 -3.655650708575392677e-02 -1.293170319125550027e-01 -1.281731902008378388e-01 8.329112206104677396e-02 -4.726855100962186473e-02 -2.189316407592801356e-02 -3.395699930047132997e-02 -9.468637629756627289e-03 2.377241983733914543e-02 -6.930821101214626467e-02 5.633513872913104709e-02
