-1.804630994681636125e+00 -8.104954199955909377e-01
9.350839321734765175e-01 -1.805057616344074356e+00
4.391225135790618461e-01 -1.888441865798218045e+00
-6.480773294347043356e-02 1.568861232124039828e+00
-1.913975132842847149e+00 1.219932123021033876e-01
-1.688616259156306532e+00 1.480766624912903673e+00
1.258528988635077006e+00 9.824965420392680615e-01
5.139549759889980862e-01 -1.960015637086547580e+00
-1.816929187743979934e+00 4.692185470248068646e-01
1.815600547759461669e+00 1.477920381046225140e+00
7.242647308966219111e-01 9.230809453333331804e-01
-1.218827649933966528e+00 9.917746937709005506e-01
-6.785470791533458890e-01 -1.563589124797028829e+00
-2.020015323656419726e-01 -6.938980395681246804e-01
-1.372556041554625628e+00 -3.278415590953350778e-01
1.328600403725202383e+00 -2.442377766828290053e-01
-1.535298654284729114e-01 8.499852792522806233e-01
5.561319960048115990e-02 -1.470054576498841747e+00
