-1.864327201856612604e+00 -8.104954111475575207e-01
8.749581188121692277e-01 -1.805057607496040939e+00
3.794262801552799047e-01 -1.888441856950184627e+00
-6.267945013216764082e-04 1.568861223276006411e+00
-1.854223064459779691e+00 1.219932034540699706e-01
-1.628920016003381877e+00 1.480766616064870256e+00
1.318225222058861501e+00 9.824965331912346445e-01
5.736512094055697952e-01 -1.960015645934580997e+00
-1.876625421167764429e+00 4.692185558803897982e-01
1.875296781183246164e+00 1.477920372198191723e+00
7.839609643204310530e-01 9.230809364852997634e-01
-1.159131416978154583e+00 9.917746849228671335e-01
-7.382533574399749998e-01 -1.563589115948995412e+00
-2.616978030127091737e-01 -6.938980307200912634e-01
-1.432193725111770233e+00 -3.278415502397521442e-01
1.268904170301417889e+00 -2.442377678347955883e-01
-9.150509217616629998e-02 8.499852704042472062e-01
-4.091508234130110909e-03 -1.470054567650808330e+00
