-2.926408326496561796e-01 2.638749603313895187e-01 4.388626728141242772e+00 -2.987440460000429510e-01 -2.833690755662917060e-01 -3.221191651938195566e-01 8.345791637381617667e-01 -2.215539691827470292e-01 -2.099564720432989251e-01 4.916140363415316683e-01 1.562778328509587311e+00 -5.868999395071334835e-01 3.015158400588945353e-01
-9.732188253562278069e-02 2.988129351012295265e-01 4.430862198041241040e-01 -1.082796473897311706e-01 -2.266433440846612191e-01 -1.764859747186482697e-01 1.008883406214704098e-01 -1.539157154463811905e-01 -2.554477214593521284e-01 3.055302178231317778e-01 3.033996054970383160e-01 7.570794716313104800e-02 1.744621590608009531e-01
-1.923651085473505884e-02 -3.764472748585610123e-02 1.184611842750760841e-02 9.846582789888977394e-02 1.379122940019353316e-01 1.017578573799108738e-01 -5.033965317964322894e-02 2.076236103866399008e-01 1.789677588937513969e-02 -7.057924171075509456e-02 8.258537136062056583e-02 1.800978672846582640e-01 -7.565073349881756663e-03
6.605129536690751424e-02 -5.640540117264550291e-02 -6.831015437007342816e-02 7.820330916804692223e-02 -2.017749637747091040e-01 1.174916405939017000e-01 2.440977286208644709e-02 -1.637049513072797724e-01 -1.731647354004076378e-01 7.694432468492594379e-02 1.628733313121294990e-01 -9.337341232951643089e-02 1.998947189295231519e-01
-1.609271857773068304e-01 1.498619923689714084e-01 -1.264966222413603340e-02 -1.710123193040420653e-01 -9.136144719508471068e-02 -2.513126521879146397e-02 1.207348145987337806e-01 1.420337528197991028e-01 -1.582384205980206238e-01 1.568724736213587823e-02 7.529372204168560678e-02 -6.487102967640090423e-02 1.533686351388987845e-01
-8.972272687343813002e-02 -1.858882654766101095e-01 -1.359239655565041005e-01 6.732033041684935826e-02 2.160028294261136933e-02 1.731247976893993124e-01 1.810892821387845575e-01 1.611223969647080090e-01 -1.926943266002447142e-01 1.121520198201911428e-01 8.201938216292212203e-02 6.003496956505720988e-02 8.930482800468721172e-02
1.535450375599941575e-01 7.520155190938930534e-02 4.738501312251523767e-02 1.341792999257856544e-04 -1.217390055947501076e-01 2.128927788306161917e-02 -1.740518537937449650e-01 -1.413294768787968225e-01 -8.912305941578828328e-02 1.512516060035546950e-01 1.219545010665662454e-01 -7.161903648415010593e-02 5.637450456244285507e-02
-1.863270596306458582e-01 -1.268979492944769250e-01 2.594928903516121044e-01 -9.126087282695369285e-02 -4.403980190375983428e-02 1.270903638884851757e-02 -7.073995204577032681e-02 -9.934653857453930662e-03 -1.151242992485769917e-01 -1.683563488711150857e-01 -1.191769654803041673e-01 5.084111317614958304e-03 -1.679224343064724956e-01
-4.033508292998882333e-02 -6.512009261785832448e-02 -1.900202238264621021e-02 -1.627947088039625179e-01 1.622732453090854898e-01 -1.399145542996580935e-02 1.427222209904400185e-01 1.901998759962949259e-01 -6.806446208953474686e-02 -9.245728724727218057e-04 9.260805469535973722e-02 -3.301657218087871576e-02 -7.336365418950649420e-02
9.254033702444447451e-02 1.600441031700519934e-01 1.981569066206482765e-01 4.941865706024537591e-02 -5.027534144208249678e-02 1.882853640882015955e-01 6.180265132671408645e-02 -1.733873125986971353e-01 -1.685710331245001137e-01 1.032403398537503070e-01 -1.733372279386432568e-01 -1.988110085365470125e-01 -3.917384318521190123e-02
7.263174768997201700e-03 -1.763838055111740036e-02 7.390623516471331658e-03 3.295868736565547852e-02 7.126249189786683369e-02 -3.287574784557944357e-02 -4.690719766427722814e-02 1.944201512767596562e-01 -9.951775367340183476e-02 1.138723764411274375e-01 -2.699209905880493171e-02 -5.987505687954646633e-02 -1.705875763478753859e-01
1.366404237236828190e-01 1.025120379494268291e-01 2.758026583479269433e-01 -3.684860385403752187e-02 6.522975804250021048e-02 -1.678342184252853420e-01 -1.437394314827452300e-02 -1.180356749543424455e-01 -2.082450735894554317e-01 2.185957039353841613e-01 -8.597647162004563859e-02 -1.495227275509603271e-01 -1.118491486628212517e-01
