-3.073611963456070462e-01 2.903064581531132893e-01 4.388626728141242772e+00 -3.312893592758125449e-01 -3.170527397456285312e-01 -3.553931135863843127e-01 8.345792246686140059e-01 -2.608128442237557243e-01 -2.397568737448596832e-01 4.916256685921917557e-01 1.562778328509587311e+00 -5.388491995821453884e-01 3.203886722018557398e-01
-1.054301290290376447e-01 3.134154088247370074e-01 4.430862198041241040e-01 -1.296849181654532168e-01 -2.455812387649601303e-01 -1.989378169354951431e-01 1.008883935846736774e-01 -2.106867878012212703e-01 -2.707697933974860804e-01 3.055383428550507707e-01 3.033996054970383160e-01 1.171632019135416397e-01 1.863822483030443955e-01
-2.133965407965645461e-02 -3.387563707692809595e-02 1.184611842750760841e-02 9.425743781706058533e-02 1.331498262080080541e-01 9.752630369949234768e-02 -5.033964692786425943e-02 1.896173692532913957e-01 1.350873126488092053e-02 -7.057779701863091393e-02 8.258537136062056583e-02 1.850676092024899633e-01 -5.062243056113379693e-03
6.555791611150206533e-02 -5.551441636734755214e-02 -6.831015437007342816e-02 7.672842426570740393e-02 -2.029465778226414163e-01 1.159212820906002223e-01 2.440977704465312897e-02 -1.686017010039662922e-01 -1.740442511336194042e-01 7.694490406775773839e-02 1.628733313121294990e-01 -9.010943111924676896e-02 2.006956158127508882e-01
-1.611569026855943776e-01 1.502777233590752715e-01 -1.264966222413603340e-02 -1.717718989968872456e-01 -9.191496292537285062e-02 -2.594884642199921793e-02 1.207348169529963433e-01 1.381175508330119150e-01 -1.586251649008127151e-01 1.568755313382951336e-02 7.529372204168560678e-02 -6.303702307118458359e-02 1.537734692612436060e-01
-9.003289969937539050e-02 -1.853303062364396181e-01 -1.359239655565041005e-01 6.653541916804003864e-02 2.087975815003252286e-02 1.723060175963812835e-01 1.810892839769167595e-01 1.590547844396964228e-01 -1.932902987314759347e-01 1.121523139837897615e-01 8.201938216292212203e-02 6.147561411361900791e-02 8.974593536156844076e-02
1.526830210285757272e-01 7.675078297568803387e-02 4.738501312251523767e-02 -1.915608397012692971e-03 -1.237271157561948970e-01 1.916991152544569171e-02 -1.740518494208296019e-01 -1.487921323352709435e-01 -9.082126092045804400e-02 1.512523584324317605e-01 1.219545010665662454e-01 -6.818345051033503079e-02 5.754274948210161972e-02
-1.866770786986841901e-01 -1.262676455081996330e-01 2.594928903516121044e-01 -9.218730770936990615e-02 -4.485751087781356117e-02 1.173693065834238367e-02 -7.073994974553010628e-02 -1.217590635998015529e-02 -1.157846813659126478e-01 -1.683559969019294555e-01 -1.191769654803041673e-01 6.884408111423955846e-03 -1.674068169119864724e-01
-4.054622460846020460e-02 -6.474030950353981684e-02 -1.900202238264621021e-02 -1.633169137050144715e-01 1.617839865501220220e-01 -1.453440072650531538e-02 1.427222221733650542e-01 1.887871700052954627e-01 -6.847429893032576376e-02 -9.243786623383858569e-04 9.260805469535973722e-02 -3.208865906102481569e-02 -7.306867476222012048e-02
9.245090750342607744e-02 1.602050588758896221e-01 1.981569066206482765e-01 4.919508235389351281e-02 -5.048288972045427564e-02 1.880526013549052577e-01 6.180265184068614581e-02 -1.742190402326999343e-01 -1.687441275561473442e-01 1.032404232612186279e-01 -1.733372279386432568e-01 -1.984079946317093279e-01 -3.904784996621807336e-02
7.179445778922505933e-03 -1.748712453644353168e-02 7.390623516471331658e-03 3.269909233098326762e-02 7.106269954212646178e-02 -3.315330552047868889e-02 -4.690719690217512450e-02 1.938218192508219806e-01 -9.966396366468599499e-02 1.138724793869771712e-01 -2.699209905880493171e-02 -5.928074058241936811e-02 -1.704475905240143974e-01
1.356614406353054136e-01 1.042714959333313346e-01 2.758026583479269433e-01 -3.917638546645068470e-02 6.297189684988421798e-02 -1.702409817481221332e-01 -1.437393818284152421e-02 -1.260203737678502189e-01 -2.101738709877200295e-01 2.185965583829335701e-01 -8.597647162004563859e-02 -1.456216168996800620e-01 -1.105224478238048536e-01
