8.430209172988414879e-02 2.723491970811584562e-01
-1.415651449511707849e+00 1.840409102502276628e+00
1.938173346869728197e+00 -1.342383591954618982e+00
2.122765290716789321e-01 8.321800097989997536e-01
8.855602235006494460e-01 -9.845056810600086306e-02
1.043063845620996188e+00 -7.838779109711951909e-01
-1.622115764627559964e-01 -1.210651675274843214e-01
-1.343875668128137191e-01 -1.306702407546303846e+00
4.638035293460237019e-01 -1.019454746303779302e+00
-5.311197529426505692e-01 1.734731729310056814e+00
2.182793098094624185e+00 1.351267634387327998e+00
-2.472846493408455970e+00 -1.454807703446435063e+00
-3.535063624454964359e-01 1.178854414323037947e+00
