7.728787566363603569e-03 -1.492509558067629249e-01 -7.099352916678086656e-01 8.954419708722305415e-02 1.515176579019472947e-01 2.251734459328300075e-01 3.975592995927441087e-01 1.553492691690785132e-01 -3.707694350168255770e+00 2.683401788250827646e-01 8.701073855225422982e-01 2.720264711658491874e-02 -2.051244624789154147e-01 -1.124908412438672123e-01 -6.485054783557332725e-02 -1.010305753183479371e+00 1.854952865111080262e-01 -3.190148123216132725e-02
-3.394920016799598539e-01 -1.561932929229204736e-01 -6.571102339958408978e-01 1.517698265601195584e-01 1.380880211399778956e-01 2.224775570839428174e-01 3.921095086932995244e-01 3.553947256667339127e-01 -3.874469314098466732e+00 2.897064769729401079e-01 6.460526998969668977e-01 2.019014771472291692e-01 -3.570888996176655450e-01 -1.837470328602948955e-01 -1.945852894676435296e-01 -1.665642615739156840e+00 8.920541312643961648e-03 -2.698003817455603137e-01
-2.241859636022154600e-01 4.886580038989515179e-02 -1.161929673576527766e-01 3.509937815243911741e-02 1.614458513258450467e-01 1.035134906284139317e-01 2.438912582291711262e-01 2.276571978387833539e-01 -2.290316223996273326e+00 4.657874207314828818e-01 4.209486925749812425e-01 4.540498565699876976e-01 2.509745975862732927e-03 -1.175578657516823666e-01 1.384025747916818073e-02 -1.571257259613611845e+00 1.995374719694188170e-01 -7.909718956381990573e-02
6.886601004562083184e-02 -5.576469668111674882e-02 -1.368645570967089720e-01 1.689023385635324559e-01 1.201139329518333965e-01 1.205909477200864804e-01 -4.463349495565375330e-02 -4.857924072178908953e-02 -1.226762785085822927e+00 1.725385926138320869e-01 -6.470899914187441815e-02 3.788804090972817118e-01 9.566664009964548354e-02 -7.887782738893392431e-02 -3.681371361116376334e-02 -1.164253969813870970e+00 -1.133777925715898222e-01 1.632647564865067485e-02
-1.752960316396665608e-01 -9.322139748188829067e-02 3.789634740957804893e-02 -1.571320012520879272e-01 -1.849808666703452453e-01 -1.174748185310542934e-03 1.193532948268418714e-01 1.715847047699793348e-01 -3.565643212251938809e-01 2.788055179995314603e-01 -8.606277884259759536e-02 3.062306116032788017e-01 -6.534367672168069074e-02 4.470853028707350713e-02 -4.522865646287561187e-02 -1.197647615046054215e+00 3.446061031329004931e-02 -1.611918617590099578e-01
-1.981118660591581204e-01 4.183925897072351963e-02 1.278534223071411784e-02 -1.461585070931205599e-01 1.999770274845856510e-02 -4.818889436080859429e-02 3.593345737470857171e-02 1.194561656328412547e-01 -1.575434583324588911e-01 2.953166723618548817e-01 6.266359296732681994e-02 5.990625285297734859e-02 4.258710174790985431e-02 -6.485373085747386801e-02 -1.501540853246362828e-01 -6.550853900160920062e-01 7.449532117874960169e-02 1.067062838601621488e-01
-1.623319112964103639e-01 1.619066948167663944e-01 7.186256367455728933e-02 1.723459941725717370e-01 1.491594783799046198e-01 8.857820848910578915e-02 1.777825018957349679e-01 2.867253879213291223e-02 -2.176582964384624896e-01 -3.768575525946772642e-02 1.473866356043900538e-01 3.623062470091415604e-02 8.054412694518064963e-02 -1.781185938455072393e-02 1.158191615309927952e-01 -6.117118492695047260e-01 -1.710463221574133885e-01 1.623167137256226467e-01
-1.655393838661527173e-02 1.593843510786664697e-01 1.381838584902505274e-01 6.837530159083944625e-02 2.875689408021472535e-02 -1.002126305014887780e-01 -1.368170093090251838e-01 1.527649843951211506e-01 -2.201113143761167512e-01 1.509831819188469371e-01 1.283966948853488832e-01 -3.442820051848021943e-04 -1.026248763460983343e-01 -1.546220438845386236e-01 -2.968954554819887987e-02 -1.682003987007930634e-01 1.716821934488801937e-01 1.650163126848308293e-01
-3.930719228933649695e-02 -1.619124994288657915e-01 9.012101380293600916e-02 9.777693089206150601e-02 -1.875937962079188837e-01 -1.482849847203428564e-02 9.740040911765944498e-02 -1.652585179235017410e-01 -1.542793208958583850e-01 2.291639070080517815e-01 1.144580942877260477e-01 -1.411872707930225124e-01 -1.927731065500108421e-01 -5.629864763410180606e-02 -1.882927213779790887e-01 -2.072983375493072100e-01 -1.885132045463022710e-01 1.855546345686424903e-01
1.225889264178334354e-01 -1.738235122058275073e-01 1.394216343978838257e-01 -1.118240042535879331e-01 -1.179321643460011643e-01 7.554549732337800805e-02 2.060984852592362970e-01 -1.327589699773896736e-01 -4.563145598147681503e-01 3.816035465017303483e-03 -1.807124587247461167e-01 7.183358358472177740e-02 1.267535577356747045e-01 -1.252032762720482750e-01 -1.550528781293924463e-01 -2.382465625790816943e-01 1.935506814060492520e-01 -1.520658453158515999e-01
1.827999047727555115e-01 -5.688967707841675880e-02 -2.462064818486033729e-02 -7.896151068621247437e-02 1.749648690446515553e-01 1.879909459008257400e-01 8.206394990748344664e-02 -1.129266617083090479e-01 1.161167812477242878e-03 -1.092107171046214353e-01 3.090443176276467044e-02 -1.090166725497672406e-01 1.462217628330258756e-01 1.782713933029397846e-01 1.217601495656777111e-01 -2.410972670286261887e-01 -9.502674808981226295e-02 9.854334296375415192e-02
-8.559687379785341221e-02 -3.375249935684611347e-02 -1.882300593834110858e-01 -1.431729588157412136e-01 -1.916607505954935897e-01 -1.666118364452395528e-01 -1.525835748610431530e-01 -2.322645528288859798e-02 -1.008017297585277472e-01 1.323554159303256816e-01 -1.401457703070479732e-01 -3.459378018329223054e-03 4.697666104245675628e-02 -1.661776826549095087e-01 -2.205451720292656362e-02 -2.099008365979381785e-01 1.876432591570878217e-01 -1.781260988412366186e-01
-4.010184595907789751e-02 -3.463759981261373133e-02 7.918925800394213677e-02 -6.780000963224225297e-02 -1.182781002398960724e-01 -7.866712947400054945e-02 6.461001384056835883e-03 1.853164583250426212e-01 4.012569814670689794e-02 -5.708284621043392681e-02 3.750751223383598509e-02 9.864324700680419944e-02 1.131402176652355762e-01 -2.153420880402159496e-02 -4.046601256068548674e-02 -4.965077065619512980e-02 -1.879981442260601765e-02 -1.032412234968240750e-01
-2.113234635091113672e-02 1.737023579278182128e-01 -1.512334663038550076e-01 -1.205590861794282945e-02 5.501577650743865594e-02 -3.971685391450234179e-03 -1.022618615490974714e-01 -1.948932768937867155e-01 1.623240388045350813e-02 7.667087266681595070e-02 -1.842020003566273434e-01 -6.106605491542076158e-02 1.033716766686239852e-01 5.156817823304930132e-02 1.809811880610697615e-02 -2.857018789491152511e-01 8.919706568485871734e-02 -1.291833284024190322e-02
6.790668777997316274e-02 1.033860213390288968e-01 -1.188464668011448011e-01 1.063323172606882305e-01 -8.791854702478020533e-02 1.975509777704818337e-01 -1.412242435793935602e-01 1.546251541857291689e-01 -2.089515538755015167e-01 -8.097452953044015356e-02 2.470950368613476084e-02 4.467959263025226418e-02 -4.324762893049606538e-02 -1.591872938262851589e-01 -9.894547233641134976e-02 -1.981367638655931462e-01 1.056645576047600260e-01 1.609410000582769951e-01
3.423579245079302891e-02 -1.862181751028573473e-01 1.030794792907693547e-01 -7.683544291620157674e-02 -6.401738485225857977e-02 1.670069783926154960e-02 -9.101727073201054674e-02 1.709669791743389233e-01 -1.863371375579322142e-01 -2.072487173845884850e-02 -6.339122102360272848e-02 1.490900544228464415e-02 2.610856342195376142e-02 5.085588095376290807e-02 1.254497428827205593e-02 -1.120186100665180318e-01 5.591089902105100817e-02 -4.167194366825627966e-02
1.063355553557791544e-01 1.146183335750171894e-01 -1.016866568901572121e-01 -4.968324451086040400e-02 5.157285185314481463e-02 -1.308811639622086964e-01 8.871318881428319481e-02 -3.655650709117003183e-02 -1.293170319125550027e-01 -1.281731902008378388e-01 8.329112206104677396e-02 -4.726854995461322179e-02 -2.190465890699231505e-02 -3.395703390332258792e-02 -9.345447224216698809e-03 2.377241983733914543e-02 -6.983801314174098440e-02 5.633466092990278146e-02
