1.949042747009119003e-01 6.034765393954955037e-01 -4.499917205486441696e-01 2.272024092339220980e-01 -5.536477323349567881e-01 -5.530609704716236141e-01 -5.724455566275173102e-02 -4.696891305107351866e-01 -2.005869626235425585e-01 3.816396890927885588e-01 2.295117088490299384e-01 -7.013880624621150750e-02 3.633704839229826011e-01
-1.839335403762793197e-01 -4.991044232203253883e-01 4.850889186833367561e-01 -4.346812949123821795e-02 2.204477698526354501e-01 3.578270927762320364e-01 -6.807480375515942428e-02 3.811721113884913859e-02 1.206343126800135251e-01 -2.463451553879706379e-01 4.156938004725511671e-01 -4.147922810176777331e-01 -8.162452776455816905e-02
-7.419545287192630401e-02 -3.678749659300010744e-01 2.281700164178978862e-01 6.066755509832627569e-02 3.144610659916480255e-01 2.771258858850032536e-01 -1.067690563724002506e-01 2.956043413673548614e-01 1.241785144214207909e-01 -3.117058541331882981e-01 2.592101607800881280e-01 -5.107568380524043355e-02 -1.557409079029293819e-01
-7.282935651864222426e-02 -7.638830514612734435e-01 4.586429323503428135e-01 -9.346858631892808467e-02 1.341294498872711294e-01 6.095518699149568009e-01 2.613652824610820241e-02 1.626316647334562493e-01 9.436828438123176510e-02 -3.646117720749909030e-01 3.163738973796621501e-01 -3.036121979712917973e-01 -1.486881791643904216e-01
-1.692817106453357312e-01 1.076613891165592168e-01 -2.156585880531117563e-02 -1.810207043227738399e-01 -1.028223378565213536e-01 -3.179121430020970945e-02 1.236020860743825694e-01 1.568255246604388919e-01 -1.284625500959153677e-01 -2.389583586066876611e-02 7.415506457057235989e-02 -9.934858451178270322e-02 1.423184123257705824e-01
-2.252336859012990244e-01 -8.521154242158542891e-01 3.929425502646493595e-01 -1.075907326382714718e-01 3.249629596948705457e-01 6.804754112037979530e-01 1.861908006786517911e-01 4.851682565377251621e-01 6.632755922387485736e-02 -3.173103265940009909e-01 2.309651434756730681e-01 -1.104769159208603552e-01 -2.418281802054357277e-01
1.131272941436156643e-01 -1.664545795262807049e-01 1.287140200802080470e-01 -5.041846397900657389e-02 -4.618505803312028535e-02 1.593490660410883941e-01 -1.864929839206651285e-01 -3.421188912858563747e-02 2.438628981887426550e-02 -3.813216825294241802e-02 1.381724070830371853e-01 -1.475066468760554139e-01 -5.247383748244308782e-02
-2.132058653183028785e-01 -2.390073838205560297e-01 3.684170941285913048e-01 -1.156458862784791597e-01 2.644146452514745289e-03 1.797811983437469785e-01 -7.990402445988804836e-02 3.000193758310450848e-02 -6.887800045407083127e-02 -2.320939384632708935e-01 -1.818088334646847035e-02 -8.912855201582221831e-02 -2.021624179521329945e-01
-1.142223468989136126e-01 -3.863879550100785543e-01 3.525666717806426043e-01 -2.460724284229929837e-01 3.260195390476260391e-01 3.482873896620570231e-01 1.403633710112975608e-01 3.279707818235863548e-01 4.476778245103778253e-02 -1.800545802898049219e-01 2.657923403996803047e-01 -1.997966638762740943e-01 -2.138830069733356209e-01
1.980669043032256826e-01 1.032226105031913033e+00 5.078663322361001153e-01 1.943974857750177254e-01 -6.393181592045263928e-01 6.764691980563657392e-01 3.116372707484134710e-02 -6.349391288175328940e-01 -4.290085517592906461e-01 7.059165883111935269e-01 4.634159318428101582e-01 -4.760235371877690191e-01 6.089809210657290972e-01
1.794255960034934760e-01 8.721842423956603918e-01 -6.916471276777007571e-01 2.622448914560687183e-01 -4.016715394677631834e-01 -6.679675899156702901e-01 -5.630601965236568807e-02 -2.553269206792151413e-01 -4.214037731554716726e-01 6.660770849036704577e-01 -1.245324087769483640e-01 5.663561549062225142e-02 3.110962386128773294e-01
1.250463930920650002e-01 1.838498148181044456e-01 3.183740990180805031e-01 -5.395349957268299329e-02 -2.600966618656465612e-01 -2.033473515700971457e-01 3.973896136292146171e-03 -2.124382856983455525e-01 -1.592890092105644917e-01 1.732478942998614269e-01 1.616104730840192127e-01 -5.032251859915602976e-01 7.896155040613361820e-02
