-1.540221335532270475e+00 1.117961677741261095e+00
1.508835773918638656e+00 5.635344607707939435e-01
1.918904767598975658e-01 1.145385708137460767e+00
-1.787632353502777383e+00 9.911352548567431420e-01
5.806511260207600778e-01 -1.382867188468314801e+00
4.256694830199300172e-01 1.207279159515687095e+00
-1.196156985093532299e+00 -1.679626764081665335e+00
-1.423018965009285930e+00 -7.749651968088426823e-01
-2.994254370609782945e-01 1.332944689107745884e+00
7.318625752536404849e-02 1.051083254859265459e+00
-8.926724041926067388e-01 7.931350947589388412e-01
2.068517463576267978e+00 -3.488680900048706235e-01
1.612671959851221137e+00 -1.779114911412012834e+00
-1.852882541948470907e+00 -1.839892187572843785e+00
1.275250497507248726e+00 1.331884251872982983e+00
8.182777646842879227e-01 1.526753912558839410e+00
-6.268540670478279786e-01 1.090408589611588042e+00
1.368817787567829791e+00 4.070338391093923924e-01
1.031173356198745283e+00 1.339647491267016211e+00
7.842146086117139925e-01 1.193856207451888363e+00
1.744897061433355434e+00 -1.144704776052447581e+00
-1.336321714625029911e+00 4.698366782171649048e-01
1.689826000305451936e+00 1.263914871238896342e+00
1.431750594450160952e+00 -1.382301638462909210e+00
-7.797692719909185000e-01 1.739504055627730583e+00
1.063253326342987082e+00 8.922926768338772519e-01
1.211954536612433353e+00 7.199953711337245821e-01
-6.634905374563460079e-01 1.527143032529846955e+00
-8.401853548281188466e-01 1.788721716471887380e+00
7.542871324254609711e-01 -1.224390262293151288e+00
1.586416818484843949e+00 1.175432781719966790e+00
1.694892765463639650e+00 5.837586233617761966e-01
-1.256111784076838545e+00 -1.709841026113624096e+00
-1.636531807090384705e+00 1.191876398173977863e-01
9.800271848177689871e-02 3.361641959762919907e-01
-5.481986908102381983e-02 8.583187167189578748e-01
3.211976704244413616e-01 5.974197718461879969e-01
1.258862379711810808e+00 -1.653650759613601195e+00
1.233489398564256545e+00 -1.045135162861290379e+00
2.043745699688372497e+00 -1.742499329762760840e-01
-1.689851942425793507e-01 1.890771028812703758e+00
6.190287340849587316e-02 -1.820026270968273963e+00
1.734134741571051519e+00 -9.036014021342397839e-01
-2.300262999593491453e-01 -1.425832516179796006e+00
1.815304427967060041e+00 5.710981847349689833e-01
1.453039187423419198e+00 4.830170514136407078e-01
1.617440695688422858e+00 1.490008327705806046e+00
1.665964705289904702e+00 1.043849545770047182e+00
1.975310337186901632e+00 6.630441444733745637e-01
7.968975901396536665e-01 1.706724982529383539e+00
1.934701488683966852e+00 1.910387163178931758e+00
-2.148103237265809984e+00 3.430823536737734880e-01
2.005910107665779929e+00 5.925394192257236181e-01
